filename,label
n0207436700000001.jpg,n02074367
n0207436700000002.jpg,n02074367
n0207436700000003.jpg,n02074367
n0207436700000007.jpg,n02074367
n0207436700000008.jpg,n02074367
n0207436700000009.jpg,n02074367
n0207436700000011.jpg,n02074367
n0207436700000013.jpg,n02074367
n0207436700000016.jpg,n02074367
n0207436700000018.jpg,n02074367
n0207436700000019.jpg,n02074367
n0207436700000021.jpg,n02074367
n0207436700000022.jpg,n02074367
n0207436700000024.jpg,n02074367
n0207436700000026.jpg,n02074367
n0207436700000027.jpg,n02074367
n0207436700000028.jpg,n02074367
n0207436700000029.jpg,n02074367
n0207436700000030.jpg,n02074367
n0207436700000031.jpg,n02074367
n0207436700000036.jpg,n02074367
n0207436700000039.jpg,n02074367
n0207436700000041.jpg,n02074367
n0207436700000043.jpg,n02074367
n0207436700000047.jpg,n02074367
n0207436700000050.jpg,n02074367
n0207436700000051.jpg,n02074367
n0207436700000052.jpg,n02074367
n0207436700000053.jpg,n02074367
n0207436700000055.jpg,n02074367
n0207436700000056.jpg,n02074367
n0207436700000058.jpg,n02074367
n0207436700000061.jpg,n02074367
n0207436700000063.jpg,n02074367
n0207436700000064.jpg,n02074367
n0207436700000066.jpg,n02074367
n0207436700000067.jpg,n02074367
n0207436700000070.jpg,n02074367
n0207436700000072.jpg,n02074367
n0207436700000074.jpg,n02074367
n0207436700000077.jpg,n02074367
n0207436700000082.jpg,n02074367
n0207436700000084.jpg,n02074367
n0207436700000086.jpg,n02074367
n0207436700000088.jpg,n02074367
n0207436700000090.jpg,n02074367
n0207436700000091.jpg,n02074367
n0207436700000093.jpg,n02074367
n0207436700000095.jpg,n02074367
n0207436700000098.jpg,n02074367
n0207436700000099.jpg,n02074367
n0207436700000101.jpg,n02074367
n0207436700000105.jpg,n02074367
n0207436700000106.jpg,n02074367
n0207436700000107.jpg,n02074367
n0207436700000108.jpg,n02074367
n0207436700000109.jpg,n02074367
n0207436700000113.jpg,n02074367
n0207436700000116.jpg,n02074367
n0207436700000117.jpg,n02074367
n0207436700000121.jpg,n02074367
n0207436700000123.jpg,n02074367
n0207436700000124.jpg,n02074367
n0207436700000125.jpg,n02074367
n0207436700000128.jpg,n02074367
n0207436700000130.jpg,n02074367
n0207436700000134.jpg,n02074367
n0207436700000138.jpg,n02074367
n0207436700000140.jpg,n02074367
n0207436700000141.jpg,n02074367
n0207436700000142.jpg,n02074367
n0207436700000144.jpg,n02074367
n0207436700000147.jpg,n02074367
n0207436700000149.jpg,n02074367
n0207436700000150.jpg,n02074367
n0207436700000151.jpg,n02074367
n0207436700000152.jpg,n02074367
n0207436700000154.jpg,n02074367
n0207436700000156.jpg,n02074367
n0207436700000159.jpg,n02074367
n0207436700000161.jpg,n02074367
n0207436700000163.jpg,n02074367
n0207436700000164.jpg,n02074367
n0207436700000167.jpg,n02074367
n0207436700000168.jpg,n02074367
n0207436700000171.jpg,n02074367
n0207436700000176.jpg,n02074367
n0207436700000183.jpg,n02074367
n0207436700000184.jpg,n02074367
n0207436700000186.jpg,n02074367
n0207436700000189.jpg,n02074367
n0207436700000191.jpg,n02074367
n0207436700000192.jpg,n02074367
n0207436700000193.jpg,n02074367
n0207436700000195.jpg,n02074367
n0207436700000199.jpg,n02074367
n0207436700000200.jpg,n02074367
n0207436700000201.jpg,n02074367
n0207436700000202.jpg,n02074367
n0207436700000203.jpg,n02074367
n0207436700000209.jpg,n02074367
n0207436700000213.jpg,n02074367
n0207436700000214.jpg,n02074367
n0207436700000215.jpg,n02074367
n0207436700000216.jpg,n02074367
n0207436700000217.jpg,n02074367
n0207436700000218.jpg,n02074367
n0207436700000220.jpg,n02074367
n0207436700000229.jpg,n02074367
n0207436700000231.jpg,n02074367
n0207436700000233.jpg,n02074367
n0207436700000236.jpg,n02074367
n0207436700000241.jpg,n02074367
n0207436700000244.jpg,n02074367
n0207436700000245.jpg,n02074367
n0207436700000246.jpg,n02074367
n0207436700000250.jpg,n02074367
n0207436700000257.jpg,n02074367
n0207436700000259.jpg,n02074367
n0207436700000260.jpg,n02074367
n0207436700000261.jpg,n02074367
n0207436700000262.jpg,n02074367
n0207436700000263.jpg,n02074367
n0207436700000264.jpg,n02074367
n0207436700000265.jpg,n02074367
n0207436700000267.jpg,n02074367
n0207436700000268.jpg,n02074367
n0207436700000269.jpg,n02074367
n0207436700000271.jpg,n02074367
n0207436700000273.jpg,n02074367
n0207436700000274.jpg,n02074367
n0207436700000275.jpg,n02074367
n0207436700000276.jpg,n02074367
n0207436700000278.jpg,n02074367
n0207436700000279.jpg,n02074367
n0207436700000281.jpg,n02074367
n0207436700000287.jpg,n02074367
n0207436700000288.jpg,n02074367
n0207436700000290.jpg,n02074367
n0207436700000291.jpg,n02074367
n0207436700000292.jpg,n02074367
n0207436700000293.jpg,n02074367
n0207436700000295.jpg,n02074367
n0207436700000298.jpg,n02074367
n0207436700000299.jpg,n02074367
n0207436700000302.jpg,n02074367
n0207436700000303.jpg,n02074367
n0207436700000306.jpg,n02074367
n0207436700000309.jpg,n02074367
n0207436700000310.jpg,n02074367
n0207436700000313.jpg,n02074367
n0207436700000314.jpg,n02074367
n0207436700000316.jpg,n02074367
n0207436700000321.jpg,n02074367
n0207436700000325.jpg,n02074367
n0207436700000326.jpg,n02074367
n0207436700000327.jpg,n02074367
n0207436700000328.jpg,n02074367
n0207436700000330.jpg,n02074367
n0207436700000331.jpg,n02074367
n0207436700000332.jpg,n02074367
n0207436700000333.jpg,n02074367
n0207436700000334.jpg,n02074367
n0207436700000336.jpg,n02074367
n0207436700000339.jpg,n02074367
n0207436700000340.jpg,n02074367
n0207436700000343.jpg,n02074367
n0207436700000345.jpg,n02074367
n0207436700000348.jpg,n02074367
n0207436700000349.jpg,n02074367
n0207436700000352.jpg,n02074367
n0207436700000353.jpg,n02074367
n0207436700000356.jpg,n02074367
n0207436700000358.jpg,n02074367
n0207436700000359.jpg,n02074367
n0207436700000360.jpg,n02074367
n0207436700000361.jpg,n02074367
n0207436700000362.jpg,n02074367
n0207436700000363.jpg,n02074367
n0207436700000365.jpg,n02074367
n0207436700000368.jpg,n02074367
n0207436700000372.jpg,n02074367
n0207436700000378.jpg,n02074367
n0207436700000379.jpg,n02074367
n0207436700000381.jpg,n02074367
n0207436700000382.jpg,n02074367
n0207436700000384.jpg,n02074367
n0207436700000385.jpg,n02074367
n0207436700000386.jpg,n02074367
n0207436700000388.jpg,n02074367
n0207436700000391.jpg,n02074367
n0207436700000393.jpg,n02074367
n0207436700000396.jpg,n02074367
n0207436700000397.jpg,n02074367
n0207436700000399.jpg,n02074367
n0207436700000401.jpg,n02074367
n0207436700000402.jpg,n02074367
n0207436700000403.jpg,n02074367
n0207436700000404.jpg,n02074367
n0207436700000408.jpg,n02074367
n0207436700000409.jpg,n02074367
n0207436700000410.jpg,n02074367
n0207436700000411.jpg,n02074367
n0207436700000413.jpg,n02074367
n0207436700000414.jpg,n02074367
n0207436700000415.jpg,n02074367
n0207436700000416.jpg,n02074367
n0207436700000419.jpg,n02074367
n0207436700000420.jpg,n02074367
n0207436700000421.jpg,n02074367
n0207436700000422.jpg,n02074367
n0207436700000423.jpg,n02074367
n0207436700000425.jpg,n02074367
n0207436700000426.jpg,n02074367
n0207436700000427.jpg,n02074367
n0207436700000430.jpg,n02074367
n0207436700000432.jpg,n02074367
n0207436700000437.jpg,n02074367
n0207436700000440.jpg,n02074367
n0207436700000442.jpg,n02074367
n0207436700000447.jpg,n02074367
n0207436700000449.jpg,n02074367
n0207436700000450.jpg,n02074367
n0207436700000453.jpg,n02074367
n0207436700000454.jpg,n02074367
n0207436700000455.jpg,n02074367
n0207436700000456.jpg,n02074367
n0207436700000461.jpg,n02074367
n0207436700000464.jpg,n02074367
n0207436700000465.jpg,n02074367
n0207436700000466.jpg,n02074367
n0207436700000467.jpg,n02074367
n0207436700000469.jpg,n02074367
n0207436700000470.jpg,n02074367
n0207436700000473.jpg,n02074367
n0207436700000481.jpg,n02074367
n0207436700000487.jpg,n02074367
n0207436700000490.jpg,n02074367
n0207436700000491.jpg,n02074367
n0207436700000496.jpg,n02074367
n0207436700000497.jpg,n02074367
n0207436700000498.jpg,n02074367
n0207436700000500.jpg,n02074367
n0207436700000501.jpg,n02074367
n0207436700000502.jpg,n02074367
n0207436700000503.jpg,n02074367
n0207436700000504.jpg,n02074367
n0207436700000507.jpg,n02074367
n0207436700000508.jpg,n02074367
n0207436700000509.jpg,n02074367
n0207436700000511.jpg,n02074367
n0207436700000512.jpg,n02074367
n0207436700000514.jpg,n02074367
n0207436700000517.jpg,n02074367
n0207436700000519.jpg,n02074367
n0207436700000520.jpg,n02074367
n0207436700000525.jpg,n02074367
n0207436700000527.jpg,n02074367
n0207436700000528.jpg,n02074367
n0207436700000530.jpg,n02074367
n0207436700000533.jpg,n02074367
n0207436700000534.jpg,n02074367
n0207436700000540.jpg,n02074367
n0207436700000545.jpg,n02074367
n0207436700000548.jpg,n02074367
n0207436700000549.jpg,n02074367
n0207436700000550.jpg,n02074367
n0207436700000553.jpg,n02074367
n0207436700000554.jpg,n02074367
n0207436700000556.jpg,n02074367
n0207436700000559.jpg,n02074367
n0207436700000560.jpg,n02074367
n0207436700000561.jpg,n02074367
n0207436700000564.jpg,n02074367
n0207436700000567.jpg,n02074367
n0207436700000569.jpg,n02074367
n0207436700000574.jpg,n02074367
n0207436700000575.jpg,n02074367
n0207436700000579.jpg,n02074367
n0207436700000582.jpg,n02074367
n0207436700000584.jpg,n02074367
n0207436700000586.jpg,n02074367
n0207436700000587.jpg,n02074367
n0207436700000589.jpg,n02074367
n0207436700000594.jpg,n02074367
n0207436700000598.jpg,n02074367
n0207436700000599.jpg,n02074367
n0207436700000606.jpg,n02074367
n0207436700000608.jpg,n02074367
n0207436700000609.jpg,n02074367
n0207436700000610.jpg,n02074367
n0207436700000614.jpg,n02074367
n0207436700000620.jpg,n02074367
n0207436700000621.jpg,n02074367
n0207436700000623.jpg,n02074367
n0207436700000625.jpg,n02074367
n0207436700000629.jpg,n02074367
n0207436700000631.jpg,n02074367
n0207436700000632.jpg,n02074367
n0207436700000634.jpg,n02074367
n0207436700000635.jpg,n02074367
n0207436700000639.jpg,n02074367
n0207436700000640.jpg,n02074367
n0207436700000641.jpg,n02074367
n0207436700000642.jpg,n02074367
n0207436700000643.jpg,n02074367
n0207436700000644.jpg,n02074367
n0207436700000645.jpg,n02074367
n0207436700000646.jpg,n02074367
n0207436700000647.jpg,n02074367
n0207436700000648.jpg,n02074367
n0207436700000649.jpg,n02074367
n0207436700000650.jpg,n02074367
n0207436700000653.jpg,n02074367
n0207436700000657.jpg,n02074367
n0207436700000660.jpg,n02074367
n0207436700000661.jpg,n02074367
n0207436700000662.jpg,n02074367
n0207436700000663.jpg,n02074367
n0207436700000664.jpg,n02074367
n0207436700000668.jpg,n02074367
n0207436700000669.jpg,n02074367
n0207436700000671.jpg,n02074367
n0207436700000673.jpg,n02074367
n0207436700000674.jpg,n02074367
n0207436700000675.jpg,n02074367
n0207436700000678.jpg,n02074367
n0207436700000681.jpg,n02074367
n0207436700000684.jpg,n02074367
n0207436700000685.jpg,n02074367
n0207436700000688.jpg,n02074367
n0207436700000689.jpg,n02074367
n0207436700000692.jpg,n02074367
n0207436700000693.jpg,n02074367
n0207436700000699.jpg,n02074367
n0207436700000700.jpg,n02074367
n0207436700000702.jpg,n02074367
n0207436700000703.jpg,n02074367
n0207436700000704.jpg,n02074367
n0207436700000705.jpg,n02074367
n0207436700000706.jpg,n02074367
n0207436700000709.jpg,n02074367
n0207436700000715.jpg,n02074367
n0207436700000716.jpg,n02074367
n0207436700000719.jpg,n02074367
n0207436700000720.jpg,n02074367
n0207436700000722.jpg,n02074367
n0207436700000726.jpg,n02074367
n0207436700000728.jpg,n02074367
n0207436700000729.jpg,n02074367
n0207436700000732.jpg,n02074367
n0207436700000733.jpg,n02074367
n0207436700000737.jpg,n02074367
n0207436700000738.jpg,n02074367
n0207436700000739.jpg,n02074367
n0207436700000741.jpg,n02074367
n0207436700000742.jpg,n02074367
n0207436700000744.jpg,n02074367
n0207436700000747.jpg,n02074367
n0207436700000748.jpg,n02074367
n0207436700000749.jpg,n02074367
n0207436700000751.jpg,n02074367
n0207436700000754.jpg,n02074367
n0207436700000762.jpg,n02074367
n0207436700000763.jpg,n02074367
n0207436700000767.jpg,n02074367
n0207436700000768.jpg,n02074367
n0207436700000769.jpg,n02074367
n0207436700000770.jpg,n02074367
n0207436700000771.jpg,n02074367
n0207436700000773.jpg,n02074367
n0207436700000774.jpg,n02074367
n0207436700000776.jpg,n02074367
n0207436700000777.jpg,n02074367
n0207436700000779.jpg,n02074367
n0207436700000780.jpg,n02074367
n0207436700000782.jpg,n02074367
n0207436700000783.jpg,n02074367
n0207436700000784.jpg,n02074367
n0207436700000785.jpg,n02074367
n0207436700000787.jpg,n02074367
n0207436700000788.jpg,n02074367
n0207436700000789.jpg,n02074367
n0207436700000790.jpg,n02074367
n0207436700000801.jpg,n02074367
n0207436700000803.jpg,n02074367
n0207436700000807.jpg,n02074367
n0207436700000815.jpg,n02074367
n0207436700000816.jpg,n02074367
n0207436700000823.jpg,n02074367
n0207436700000824.jpg,n02074367
n0207436700000827.jpg,n02074367
n0207436700000829.jpg,n02074367
n0207436700000830.jpg,n02074367
n0207436700000832.jpg,n02074367
n0207436700000833.jpg,n02074367
n0207436700000836.jpg,n02074367
n0207436700000842.jpg,n02074367
n0207436700000843.jpg,n02074367
n0207436700000844.jpg,n02074367
n0207436700000846.jpg,n02074367
n0207436700000849.jpg,n02074367
n0207436700000850.jpg,n02074367
n0207436700000852.jpg,n02074367
n0207436700000857.jpg,n02074367
n0207436700000858.jpg,n02074367
n0207436700000863.jpg,n02074367
n0207436700000864.jpg,n02074367
n0207436700000865.jpg,n02074367
n0207436700000866.jpg,n02074367
n0207436700000868.jpg,n02074367
n0207436700000870.jpg,n02074367
n0207436700000872.jpg,n02074367
n0207436700000873.jpg,n02074367
n0207436700000875.jpg,n02074367
n0207436700000876.jpg,n02074367
n0207436700000879.jpg,n02074367
n0207436700000885.jpg,n02074367
n0207436700000886.jpg,n02074367
n0207436700000887.jpg,n02074367
n0207436700000888.jpg,n02074367
n0207436700000889.jpg,n02074367
n0207436700000898.jpg,n02074367
n0207436700000899.jpg,n02074367
n0207436700000902.jpg,n02074367
n0207436700000909.jpg,n02074367
n0207436700000911.jpg,n02074367
n0207436700000916.jpg,n02074367
n0207436700000917.jpg,n02074367
n0207436700000918.jpg,n02074367
n0207436700000919.jpg,n02074367
n0207436700000920.jpg,n02074367
n0207436700000921.jpg,n02074367
n0207436700000925.jpg,n02074367
n0207436700000926.jpg,n02074367
n0207436700000928.jpg,n02074367
n0207436700000930.jpg,n02074367
n0207436700000933.jpg,n02074367
n0207436700000935.jpg,n02074367
n0207436700000938.jpg,n02074367
n0207436700000939.jpg,n02074367
n0207436700000940.jpg,n02074367
n0207436700000943.jpg,n02074367
n0207436700000944.jpg,n02074367
n0207436700000945.jpg,n02074367
n0207436700000946.jpg,n02074367
n0207436700000948.jpg,n02074367
n0207436700000949.jpg,n02074367
n0207436700000952.jpg,n02074367
n0207436700000953.jpg,n02074367
n0207436700000957.jpg,n02074367
n0207436700000958.jpg,n02074367
n0207436700000961.jpg,n02074367
n0207436700000962.jpg,n02074367
n0207436700000963.jpg,n02074367
n0207436700000967.jpg,n02074367
n0207436700000968.jpg,n02074367
n0207436700000969.jpg,n02074367
n0207436700000970.jpg,n02074367
n0207436700000974.jpg,n02074367
n0207436700000975.jpg,n02074367
n0207436700000981.jpg,n02074367
n0207436700000982.jpg,n02074367
n0207436700000983.jpg,n02074367
n0207436700000989.jpg,n02074367
n0207436700000991.jpg,n02074367
n0207436700000994.jpg,n02074367
n0207436700000995.jpg,n02074367
n0207436700000998.jpg,n02074367
n0207436700001000.jpg,n02074367
n0207436700001001.jpg,n02074367
n0207436700001002.jpg,n02074367
n0207436700001004.jpg,n02074367
n0207436700001006.jpg,n02074367
n0207436700001011.jpg,n02074367
n0207436700001012.jpg,n02074367
n0207436700001013.jpg,n02074367
n0207436700001016.jpg,n02074367
n0207436700001017.jpg,n02074367
n0207436700001019.jpg,n02074367
n0207436700001020.jpg,n02074367
n0207436700001024.jpg,n02074367
n0207436700001026.jpg,n02074367
n0207436700001030.jpg,n02074367
n0207436700001031.jpg,n02074367
n0207436700001032.jpg,n02074367
n0207436700001034.jpg,n02074367
n0207436700001037.jpg,n02074367
n0207436700001038.jpg,n02074367
n0207436700001039.jpg,n02074367
n0207436700001042.jpg,n02074367
n0207436700001044.jpg,n02074367
n0207436700001050.jpg,n02074367
n0207436700001051.jpg,n02074367
n0207436700001052.jpg,n02074367
n0207436700001054.jpg,n02074367
n0207436700001056.jpg,n02074367
n0207436700001058.jpg,n02074367
n0207436700001059.jpg,n02074367
n0207436700001060.jpg,n02074367
n0207436700001063.jpg,n02074367
n0207436700001065.jpg,n02074367
n0207436700001066.jpg,n02074367
n0207436700001069.jpg,n02074367
n0207436700001070.jpg,n02074367
n0207436700001071.jpg,n02074367
n0207436700001076.jpg,n02074367
n0207436700001082.jpg,n02074367
n0207436700001084.jpg,n02074367
n0207436700001086.jpg,n02074367
n0207436700001087.jpg,n02074367
n0207436700001088.jpg,n02074367
n0207436700001089.jpg,n02074367
n0207436700001090.jpg,n02074367
n0207436700001092.jpg,n02074367
n0207436700001093.jpg,n02074367
n0207436700001094.jpg,n02074367
n0207436700001095.jpg,n02074367
n0207436700001096.jpg,n02074367
n0207436700001103.jpg,n02074367
n0207436700001106.jpg,n02074367
n0207436700001108.jpg,n02074367
n0207436700001112.jpg,n02074367
n0207436700001113.jpg,n02074367
n0207436700001116.jpg,n02074367
n0207436700001118.jpg,n02074367
n0207436700001119.jpg,n02074367
n0207436700001120.jpg,n02074367
n0207436700001122.jpg,n02074367
n0207436700001130.jpg,n02074367
n0207436700001132.jpg,n02074367
n0207436700001135.jpg,n02074367
n0207436700001136.jpg,n02074367
n0207436700001140.jpg,n02074367
n0207436700001142.jpg,n02074367
n0207436700001147.jpg,n02074367
n0207436700001151.jpg,n02074367
n0207436700001152.jpg,n02074367
n0207436700001154.jpg,n02074367
n0207436700001155.jpg,n02074367
n0207436700001156.jpg,n02074367
n0207436700001159.jpg,n02074367
n0207436700001161.jpg,n02074367
n0207436700001162.jpg,n02074367
n0207436700001163.jpg,n02074367
n0207436700001167.jpg,n02074367
n0207436700001170.jpg,n02074367
n0207436700001172.jpg,n02074367
n0207436700001175.jpg,n02074367
n0207436700001181.jpg,n02074367
n0207436700001184.jpg,n02074367
n0207436700001188.jpg,n02074367
n0207436700001190.jpg,n02074367
n0207436700001191.jpg,n02074367
n0207436700001192.jpg,n02074367
n0207436700001194.jpg,n02074367
n0207436700001195.jpg,n02074367
n0207436700001199.jpg,n02074367
n0207436700001201.jpg,n02074367
n0207436700001206.jpg,n02074367
n0207436700001207.jpg,n02074367
n0207436700001211.jpg,n02074367
n0207436700001213.jpg,n02074367
n0207436700001214.jpg,n02074367
n0207436700001215.jpg,n02074367
n0207436700001216.jpg,n02074367
n0207436700001217.jpg,n02074367
n0207436700001221.jpg,n02074367
n0207436700001224.jpg,n02074367
n0207436700001228.jpg,n02074367
n0207436700001231.jpg,n02074367
n0207436700001232.jpg,n02074367
n0207436700001233.jpg,n02074367
n0207436700001235.jpg,n02074367
n0207436700001240.jpg,n02074367
n0207436700001242.jpg,n02074367
n0207436700001244.jpg,n02074367
n0207436700001245.jpg,n02074367
n0207436700001246.jpg,n02074367
n0207436700001247.jpg,n02074367
n0207436700001248.jpg,n02074367
n0207436700001256.jpg,n02074367
n0207436700001257.jpg,n02074367
n0207436700001258.jpg,n02074367
n0207436700001259.jpg,n02074367
n0207436700001260.jpg,n02074367
n0207436700001261.jpg,n02074367
n0207436700001263.jpg,n02074367
n0207436700001265.jpg,n02074367
n0207436700001266.jpg,n02074367
n0207436700001270.jpg,n02074367
n0207436700001271.jpg,n02074367
n0207436700001274.jpg,n02074367
n0207436700001276.jpg,n02074367
n0207436700001278.jpg,n02074367
n0207436700001280.jpg,n02074367
n0207436700001284.jpg,n02074367
n0207436700001286.jpg,n02074367
n0207436700001289.jpg,n02074367
n0207436700001297.jpg,n02074367
n0274717700000002.jpg,n02747177
n0274717700000005.jpg,n02747177
n0274717700000006.jpg,n02747177
n0274717700000008.jpg,n02747177
n0274717700000010.jpg,n02747177
n0274717700000011.jpg,n02747177
n0274717700000016.jpg,n02747177
n0274717700000019.jpg,n02747177
n0274717700000020.jpg,n02747177
n0274717700000022.jpg,n02747177
n0274717700000023.jpg,n02747177
n0274717700000024.jpg,n02747177
n0274717700000025.jpg,n02747177
n0274717700000027.jpg,n02747177
n0274717700000033.jpg,n02747177
n0274717700000034.jpg,n02747177
n0274717700000036.jpg,n02747177
n0274717700000039.jpg,n02747177
n0274717700000040.jpg,n02747177
n0274717700000045.jpg,n02747177
n0274717700000046.jpg,n02747177
n0274717700000048.jpg,n02747177
n0274717700000049.jpg,n02747177
n0274717700000053.jpg,n02747177
n0274717700000055.jpg,n02747177
n0274717700000059.jpg,n02747177
n0274717700000063.jpg,n02747177
n0274717700000064.jpg,n02747177
n0274717700000066.jpg,n02747177
n0274717700000068.jpg,n02747177
n0274717700000071.jpg,n02747177
n0274717700000072.jpg,n02747177
n0274717700000076.jpg,n02747177
n0274717700000077.jpg,n02747177
n0274717700000078.jpg,n02747177
n0274717700000080.jpg,n02747177
n0274717700000084.jpg,n02747177
n0274717700000088.jpg,n02747177
n0274717700000089.jpg,n02747177
n0274717700000091.jpg,n02747177
n0274717700000092.jpg,n02747177
n0274717700000095.jpg,n02747177
n0274717700000097.jpg,n02747177
n0274717700000100.jpg,n02747177
n0274717700000106.jpg,n02747177
n0274717700000109.jpg,n02747177
n0274717700000114.jpg,n02747177
n0274717700000115.jpg,n02747177
n0274717700000124.jpg,n02747177
n0274717700000126.jpg,n02747177
n0274717700000127.jpg,n02747177
n0274717700000129.jpg,n02747177
n0274717700000131.jpg,n02747177
n0274717700000134.jpg,n02747177
n0274717700000137.jpg,n02747177
n0274717700000139.jpg,n02747177
n0274717700000140.jpg,n02747177
n0274717700000144.jpg,n02747177
n0274717700000145.jpg,n02747177
n0274717700000146.jpg,n02747177
n0274717700000148.jpg,n02747177
n0274717700000149.jpg,n02747177
n0274717700000151.jpg,n02747177
n0274717700000152.jpg,n02747177
n0274717700000155.jpg,n02747177
n0274717700000159.jpg,n02747177
n0274717700000161.jpg,n02747177
n0274717700000162.jpg,n02747177
n0274717700000164.jpg,n02747177
n0274717700000166.jpg,n02747177
n0274717700000167.jpg,n02747177
n0274717700000168.jpg,n02747177
n0274717700000170.jpg,n02747177
n0274717700000172.jpg,n02747177
n0274717700000177.jpg,n02747177
n0274717700000180.jpg,n02747177
n0274717700000182.jpg,n02747177
n0274717700000183.jpg,n02747177
n0274717700000185.jpg,n02747177
n0274717700000186.jpg,n02747177
n0274717700000199.jpg,n02747177
n0274717700000201.jpg,n02747177
n0274717700000203.jpg,n02747177
n0274717700000205.jpg,n02747177
n0274717700000206.jpg,n02747177
n0274717700000209.jpg,n02747177
n0274717700000210.jpg,n02747177
n0274717700000211.jpg,n02747177
n0274717700000213.jpg,n02747177
n0274717700000214.jpg,n02747177
n0274717700000215.jpg,n02747177
n0274717700000221.jpg,n02747177
n0274717700000222.jpg,n02747177
n0274717700000223.jpg,n02747177
n0274717700000226.jpg,n02747177
n0274717700000229.jpg,n02747177
n0274717700000231.jpg,n02747177
n0274717700000232.jpg,n02747177
n0274717700000233.jpg,n02747177
n0274717700000236.jpg,n02747177
n0274717700000237.jpg,n02747177
n0274717700000238.jpg,n02747177
n0274717700000241.jpg,n02747177
n0274717700000243.jpg,n02747177
n0274717700000244.jpg,n02747177
n0274717700000246.jpg,n02747177
n0274717700000247.jpg,n02747177
n0274717700000248.jpg,n02747177
n0274717700000251.jpg,n02747177
n0274717700000252.jpg,n02747177
n0274717700000256.jpg,n02747177
n0274717700000258.jpg,n02747177
n0274717700000260.jpg,n02747177
n0274717700000261.jpg,n02747177
n0274717700000262.jpg,n02747177
n0274717700000264.jpg,n02747177
n0274717700000268.jpg,n02747177
n0274717700000270.jpg,n02747177
n0274717700000271.jpg,n02747177
n0274717700000272.jpg,n02747177
n0274717700000273.jpg,n02747177
n0274717700000276.jpg,n02747177
n0274717700000278.jpg,n02747177
n0274717700000280.jpg,n02747177
n0274717700000283.jpg,n02747177
n0274717700000284.jpg,n02747177
n0274717700000286.jpg,n02747177
n0274717700000289.jpg,n02747177
n0274717700000290.jpg,n02747177
n0274717700000291.jpg,n02747177
n0274717700000297.jpg,n02747177
n0274717700000299.jpg,n02747177
n0274717700000302.jpg,n02747177
n0274717700000303.jpg,n02747177
n0274717700000304.jpg,n02747177
n0274717700000305.jpg,n02747177
n0274717700000308.jpg,n02747177
n0274717700000310.jpg,n02747177
n0274717700000312.jpg,n02747177
n0274717700000316.jpg,n02747177
n0274717700000317.jpg,n02747177
n0274717700000319.jpg,n02747177
n0274717700000321.jpg,n02747177
n0274717700000322.jpg,n02747177
n0274717700000325.jpg,n02747177
n0274717700000329.jpg,n02747177
n0274717700000330.jpg,n02747177
n0274717700000331.jpg,n02747177
n0274717700000333.jpg,n02747177
n0274717700000336.jpg,n02747177
n0274717700000338.jpg,n02747177
n0274717700000341.jpg,n02747177
n0274717700000342.jpg,n02747177
n0274717700000345.jpg,n02747177
n0274717700000347.jpg,n02747177
n0274717700000350.jpg,n02747177
n0274717700000353.jpg,n02747177
n0274717700000357.jpg,n02747177
n0274717700000362.jpg,n02747177
n0274717700000364.jpg,n02747177
n0274717700000367.jpg,n02747177
n0274717700000368.jpg,n02747177
n0274717700000372.jpg,n02747177
n0274717700000373.jpg,n02747177
n0274717700000374.jpg,n02747177
n0274717700000380.jpg,n02747177
n0274717700000381.jpg,n02747177
n0274717700000383.jpg,n02747177
n0274717700000387.jpg,n02747177
n0274717700000388.jpg,n02747177
n0274717700000391.jpg,n02747177
n0274717700000392.jpg,n02747177
n0274717700000393.jpg,n02747177
n0274717700000394.jpg,n02747177
n0274717700000398.jpg,n02747177
n0274717700000399.jpg,n02747177
n0274717700000401.jpg,n02747177
n0274717700000402.jpg,n02747177
n0274717700000403.jpg,n02747177
n0274717700000404.jpg,n02747177
n0274717700000406.jpg,n02747177
n0274717700000415.jpg,n02747177
n0274717700000416.jpg,n02747177
n0274717700000417.jpg,n02747177
n0274717700000419.jpg,n02747177
n0274717700000422.jpg,n02747177
n0274717700000423.jpg,n02747177
n0274717700000424.jpg,n02747177
n0274717700000431.jpg,n02747177
n0274717700000434.jpg,n02747177
n0274717700000435.jpg,n02747177
n0274717700000436.jpg,n02747177
n0274717700000437.jpg,n02747177
n0274717700000438.jpg,n02747177
n0274717700000439.jpg,n02747177
n0274717700000440.jpg,n02747177
n0274717700000442.jpg,n02747177
n0274717700000443.jpg,n02747177
n0274717700000444.jpg,n02747177
n0274717700000447.jpg,n02747177
n0274717700000452.jpg,n02747177
n0274717700000453.jpg,n02747177
n0274717700000456.jpg,n02747177
n0274717700000463.jpg,n02747177
n0274717700000466.jpg,n02747177
n0274717700000474.jpg,n02747177
n0274717700000475.jpg,n02747177
n0274717700000476.jpg,n02747177
n0274717700000477.jpg,n02747177
n0274717700000481.jpg,n02747177
n0274717700000483.jpg,n02747177
n0274717700000484.jpg,n02747177
n0274717700000486.jpg,n02747177
n0274717700000487.jpg,n02747177
n0274717700000488.jpg,n02747177
n0274717700000489.jpg,n02747177
n0274717700000490.jpg,n02747177
n0274717700000491.jpg,n02747177
n0274717700000492.jpg,n02747177
n0274717700000494.jpg,n02747177
n0274717700000497.jpg,n02747177
n0274717700000503.jpg,n02747177
n0274717700000504.jpg,n02747177
n0274717700000505.jpg,n02747177
n0274717700000508.jpg,n02747177
n0274717700000509.jpg,n02747177
n0274717700000515.jpg,n02747177
n0274717700000516.jpg,n02747177
n0274717700000517.jpg,n02747177
n0274717700000518.jpg,n02747177
n0274717700000522.jpg,n02747177
n0274717700000526.jpg,n02747177
n0274717700000527.jpg,n02747177
n0274717700000529.jpg,n02747177
n0274717700000531.jpg,n02747177
n0274717700000536.jpg,n02747177
n0274717700000537.jpg,n02747177
n0274717700000539.jpg,n02747177
n0274717700000544.jpg,n02747177
n0274717700000548.jpg,n02747177
n0274717700000549.jpg,n02747177
n0274717700000550.jpg,n02747177
n0274717700000551.jpg,n02747177
n0274717700000552.jpg,n02747177
n0274717700000554.jpg,n02747177
n0274717700000555.jpg,n02747177
n0274717700000556.jpg,n02747177
n0274717700000557.jpg,n02747177
n0274717700000561.jpg,n02747177
n0274717700000562.jpg,n02747177
n0274717700000564.jpg,n02747177
n0274717700000565.jpg,n02747177
n0274717700000567.jpg,n02747177
n0274717700000568.jpg,n02747177
n0274717700000569.jpg,n02747177
n0274717700000573.jpg,n02747177
n0274717700000574.jpg,n02747177
n0274717700000576.jpg,n02747177
n0274717700000583.jpg,n02747177
n0274717700000585.jpg,n02747177
n0274717700000587.jpg,n02747177
n0274717700000589.jpg,n02747177
n0274717700000590.jpg,n02747177
n0274717700000591.jpg,n02747177
n0274717700000594.jpg,n02747177
n0274717700000596.jpg,n02747177
n0274717700000597.jpg,n02747177
n0274717700000598.jpg,n02747177
n0274717700000599.jpg,n02747177
n0274717700000601.jpg,n02747177
n0274717700000604.jpg,n02747177
n0274717700000608.jpg,n02747177
n0274717700000610.jpg,n02747177
n0274717700000611.jpg,n02747177
n0274717700000617.jpg,n02747177
n0274717700000620.jpg,n02747177
n0274717700000623.jpg,n02747177
n0274717700000624.jpg,n02747177
n0274717700000625.jpg,n02747177
n0274717700000626.jpg,n02747177
n0274717700000630.jpg,n02747177
n0274717700000633.jpg,n02747177
n0274717700000634.jpg,n02747177
n0274717700000636.jpg,n02747177
n0274717700000638.jpg,n02747177
n0274717700000642.jpg,n02747177
n0274717700000643.jpg,n02747177
n0274717700000649.jpg,n02747177
n0274717700000650.jpg,n02747177
n0274717700000651.jpg,n02747177
n0274717700000652.jpg,n02747177
n0274717700000654.jpg,n02747177
n0274717700000657.jpg,n02747177
n0274717700000658.jpg,n02747177
n0274717700000659.jpg,n02747177
n0274717700000660.jpg,n02747177
n0274717700000662.jpg,n02747177
n0274717700000663.jpg,n02747177
n0274717700000665.jpg,n02747177
n0274717700000667.jpg,n02747177
n0274717700000670.jpg,n02747177
n0274717700000672.jpg,n02747177
n0274717700000678.jpg,n02747177
n0274717700000681.jpg,n02747177
n0274717700000682.jpg,n02747177
n0274717700000683.jpg,n02747177
n0274717700000684.jpg,n02747177
n0274717700000686.jpg,n02747177
n0274717700000687.jpg,n02747177
n0274717700000689.jpg,n02747177
n0274717700000690.jpg,n02747177
n0274717700000694.jpg,n02747177
n0274717700000695.jpg,n02747177
n0274717700000697.jpg,n02747177
n0274717700000701.jpg,n02747177
n0274717700000702.jpg,n02747177
n0274717700000703.jpg,n02747177
n0274717700000705.jpg,n02747177
n0274717700000706.jpg,n02747177
n0274717700000708.jpg,n02747177
n0274717700000709.jpg,n02747177
n0274717700000712.jpg,n02747177
n0274717700000716.jpg,n02747177
n0274717700000718.jpg,n02747177
n0274717700000721.jpg,n02747177
n0274717700000722.jpg,n02747177
n0274717700000723.jpg,n02747177
n0274717700000724.jpg,n02747177
n0274717700000730.jpg,n02747177
n0274717700000731.jpg,n02747177
n0274717700000733.jpg,n02747177
n0274717700000736.jpg,n02747177
n0274717700000738.jpg,n02747177
n0274717700000739.jpg,n02747177
n0274717700000740.jpg,n02747177
n0274717700000741.jpg,n02747177
n0274717700000742.jpg,n02747177
n0274717700000745.jpg,n02747177
n0274717700000746.jpg,n02747177
n0274717700000747.jpg,n02747177
n0274717700000750.jpg,n02747177
n0274717700000751.jpg,n02747177
n0274717700000753.jpg,n02747177
n0274717700000755.jpg,n02747177
n0274717700000756.jpg,n02747177
n0274717700000757.jpg,n02747177
n0274717700000759.jpg,n02747177
n0274717700000762.jpg,n02747177
n0274717700000763.jpg,n02747177
n0274717700000764.jpg,n02747177
n0274717700000771.jpg,n02747177
n0274717700000772.jpg,n02747177
n0274717700000774.jpg,n02747177
n0274717700000776.jpg,n02747177
n0274717700000781.jpg,n02747177
n0274717700000782.jpg,n02747177
n0274717700000783.jpg,n02747177
n0274717700000790.jpg,n02747177
n0274717700000791.jpg,n02747177
n0274717700000794.jpg,n02747177
n0274717700000795.jpg,n02747177
n0274717700000796.jpg,n02747177
n0274717700000797.jpg,n02747177
n0274717700000800.jpg,n02747177
n0274717700000803.jpg,n02747177
n0274717700000804.jpg,n02747177
n0274717700000805.jpg,n02747177
n0274717700000808.jpg,n02747177
n0274717700000809.jpg,n02747177
n0274717700000811.jpg,n02747177
n0274717700000812.jpg,n02747177
n0274717700000813.jpg,n02747177
n0274717700000815.jpg,n02747177
n0274717700000816.jpg,n02747177
n0274717700000817.jpg,n02747177
n0274717700000818.jpg,n02747177
n0274717700000824.jpg,n02747177
n0274717700000827.jpg,n02747177
n0274717700000831.jpg,n02747177
n0274717700000832.jpg,n02747177
n0274717700000835.jpg,n02747177
n0274717700000836.jpg,n02747177
n0274717700000837.jpg,n02747177
n0274717700000838.jpg,n02747177
n0274717700000839.jpg,n02747177
n0274717700000846.jpg,n02747177
n0274717700000847.jpg,n02747177
n0274717700000850.jpg,n02747177
n0274717700000851.jpg,n02747177
n0274717700000852.jpg,n02747177
n0274717700000856.jpg,n02747177
n0274717700000857.jpg,n02747177
n0274717700000858.jpg,n02747177
n0274717700000859.jpg,n02747177
n0274717700000861.jpg,n02747177
n0274717700000864.jpg,n02747177
n0274717700000866.jpg,n02747177
n0274717700000876.jpg,n02747177
n0274717700000878.jpg,n02747177
n0274717700000879.jpg,n02747177
n0274717700000880.jpg,n02747177
n0274717700000885.jpg,n02747177
n0274717700000886.jpg,n02747177
n0274717700000889.jpg,n02747177
n0274717700000891.jpg,n02747177
n0274717700000892.jpg,n02747177
n0274717700000896.jpg,n02747177
n0274717700000897.jpg,n02747177
n0274717700000899.jpg,n02747177
n0274717700000900.jpg,n02747177
n0274717700000903.jpg,n02747177
n0274717700000906.jpg,n02747177
n0274717700000909.jpg,n02747177
n0274717700000911.jpg,n02747177
n0274717700000912.jpg,n02747177
n0274717700000914.jpg,n02747177
n0274717700000918.jpg,n02747177
n0274717700000923.jpg,n02747177
n0274717700000925.jpg,n02747177
n0274717700000927.jpg,n02747177
n0274717700000929.jpg,n02747177
n0274717700000931.jpg,n02747177
n0274717700000932.jpg,n02747177
n0274717700000933.jpg,n02747177
n0274717700000934.jpg,n02747177
n0274717700000938.jpg,n02747177
n0274717700000940.jpg,n02747177
n0274717700000941.jpg,n02747177
n0274717700000944.jpg,n02747177
n0274717700000945.jpg,n02747177
n0274717700000948.jpg,n02747177
n0274717700000950.jpg,n02747177
n0274717700000951.jpg,n02747177
n0274717700000952.jpg,n02747177
n0274717700000954.jpg,n02747177
n0274717700000955.jpg,n02747177
n0274717700000958.jpg,n02747177
n0274717700000959.jpg,n02747177
n0274717700000960.jpg,n02747177
n0274717700000961.jpg,n02747177
n0274717700000963.jpg,n02747177
n0274717700000966.jpg,n02747177
n0274717700000967.jpg,n02747177
n0274717700000974.jpg,n02747177
n0274717700000975.jpg,n02747177
n0274717700000978.jpg,n02747177
n0274717700000979.jpg,n02747177
n0274717700000980.jpg,n02747177
n0274717700000981.jpg,n02747177
n0274717700000982.jpg,n02747177
n0274717700000984.jpg,n02747177
n0274717700000986.jpg,n02747177
n0274717700000987.jpg,n02747177
n0274717700000989.jpg,n02747177
n0274717700000990.jpg,n02747177
n0274717700000994.jpg,n02747177
n0274717700000997.jpg,n02747177
n0274717700000998.jpg,n02747177
n0274717700000999.jpg,n02747177
n0274717700001001.jpg,n02747177
n0274717700001002.jpg,n02747177
n0274717700001004.jpg,n02747177
n0274717700001005.jpg,n02747177
n0274717700001006.jpg,n02747177
n0274717700001008.jpg,n02747177
n0274717700001010.jpg,n02747177
n0274717700001011.jpg,n02747177
n0274717700001014.jpg,n02747177
n0274717700001017.jpg,n02747177
n0274717700001018.jpg,n02747177
n0274717700001020.jpg,n02747177
n0274717700001021.jpg,n02747177
n0274717700001025.jpg,n02747177
n0274717700001027.jpg,n02747177
n0274717700001030.jpg,n02747177
n0274717700001032.jpg,n02747177
n0274717700001034.jpg,n02747177
n0274717700001037.jpg,n02747177
n0274717700001038.jpg,n02747177
n0274717700001041.jpg,n02747177
n0274717700001042.jpg,n02747177
n0274717700001043.jpg,n02747177
n0274717700001045.jpg,n02747177
n0274717700001047.jpg,n02747177
n0274717700001048.jpg,n02747177
n0274717700001054.jpg,n02747177
n0274717700001056.jpg,n02747177
n0274717700001065.jpg,n02747177
n0274717700001069.jpg,n02747177
n0274717700001070.jpg,n02747177
n0274717700001072.jpg,n02747177
n0274717700001073.jpg,n02747177
n0274717700001074.jpg,n02747177
n0274717700001076.jpg,n02747177
n0274717700001078.jpg,n02747177
n0274717700001079.jpg,n02747177
n0274717700001080.jpg,n02747177
n0274717700001084.jpg,n02747177
n0274717700001085.jpg,n02747177
n0274717700001088.jpg,n02747177
n0274717700001089.jpg,n02747177
n0274717700001090.jpg,n02747177
n0274717700001093.jpg,n02747177
n0274717700001097.jpg,n02747177
n0274717700001098.jpg,n02747177
n0274717700001099.jpg,n02747177
n0274717700001100.jpg,n02747177
n0274717700001101.jpg,n02747177
n0274717700001103.jpg,n02747177
n0274717700001105.jpg,n02747177
n0274717700001108.jpg,n02747177
n0274717700001112.jpg,n02747177
n0274717700001113.jpg,n02747177
n0274717700001114.jpg,n02747177
n0274717700001115.jpg,n02747177
n0274717700001116.jpg,n02747177
n0274717700001119.jpg,n02747177
n0274717700001121.jpg,n02747177
n0274717700001122.jpg,n02747177
n0274717700001123.jpg,n02747177
n0274717700001125.jpg,n02747177
n0274717700001127.jpg,n02747177
n0274717700001128.jpg,n02747177
n0274717700001129.jpg,n02747177
n0274717700001131.jpg,n02747177
n0274717700001132.jpg,n02747177
n0274717700001133.jpg,n02747177
n0274717700001134.jpg,n02747177
n0274717700001138.jpg,n02747177
n0274717700001139.jpg,n02747177
n0274717700001140.jpg,n02747177
n0274717700001143.jpg,n02747177
n0274717700001145.jpg,n02747177
n0274717700001147.jpg,n02747177
n0274717700001148.jpg,n02747177
n0274717700001150.jpg,n02747177
n0274717700001152.jpg,n02747177
n0274717700001155.jpg,n02747177
n0274717700001156.jpg,n02747177
n0274717700001162.jpg,n02747177
n0274717700001163.jpg,n02747177
n0274717700001164.jpg,n02747177
n0274717700001165.jpg,n02747177
n0274717700001167.jpg,n02747177
n0274717700001168.jpg,n02747177
n0274717700001170.jpg,n02747177
n0274717700001175.jpg,n02747177
n0274717700001176.jpg,n02747177
n0274717700001179.jpg,n02747177
n0274717700001181.jpg,n02747177
n0274717700001182.jpg,n02747177
n0274717700001183.jpg,n02747177
n0274717700001188.jpg,n02747177
n0274717700001189.jpg,n02747177
n0274717700001190.jpg,n02747177
n0274717700001191.jpg,n02747177
n0274717700001192.jpg,n02747177
n0274717700001199.jpg,n02747177
n0274717700001200.jpg,n02747177
n0274717700001202.jpg,n02747177
n0274717700001207.jpg,n02747177
n0274717700001209.jpg,n02747177
n0274717700001212.jpg,n02747177
n0274717700001217.jpg,n02747177
n0274717700001221.jpg,n02747177
n0274717700001222.jpg,n02747177
n0274717700001225.jpg,n02747177
n0274717700001226.jpg,n02747177
n0274717700001229.jpg,n02747177
n0274717700001230.jpg,n02747177
n0274717700001234.jpg,n02747177
n0274717700001236.jpg,n02747177
n0274717700001237.jpg,n02747177
n0274717700001238.jpg,n02747177
n0274717700001239.jpg,n02747177
n0274717700001241.jpg,n02747177
n0274717700001245.jpg,n02747177
n0274717700001246.jpg,n02747177
n0274717700001247.jpg,n02747177
n0274717700001249.jpg,n02747177
n0274717700001255.jpg,n02747177
n0274717700001256.jpg,n02747177
n0274717700001258.jpg,n02747177
n0274717700001259.jpg,n02747177
n0274717700001263.jpg,n02747177
n0274717700001265.jpg,n02747177
n0274717700001274.jpg,n02747177
n0274717700001275.jpg,n02747177
n0274717700001279.jpg,n02747177
n0274717700001280.jpg,n02747177
n0274717700001282.jpg,n02747177
n0274717700001283.jpg,n02747177
n0274717700001284.jpg,n02747177
n0274717700001289.jpg,n02747177
n0274717700001290.jpg,n02747177
n0274717700001293.jpg,n02747177
n0274717700001294.jpg,n02747177
n0274717700001295.jpg,n02747177
n0274717700001296.jpg,n02747177
n0274717700001300.jpg,n02747177
n0322051300000003.jpg,n03220513
n0322051300000008.jpg,n03220513
n0322051300000011.jpg,n03220513
n0322051300000012.jpg,n03220513
n0322051300000013.jpg,n03220513
n0322051300000015.jpg,n03220513
n0322051300000016.jpg,n03220513
n0322051300000017.jpg,n03220513
n0322051300000022.jpg,n03220513
n0322051300000023.jpg,n03220513
n0322051300000027.jpg,n03220513
n0322051300000033.jpg,n03220513
n0322051300000034.jpg,n03220513
n0322051300000035.jpg,n03220513
n0322051300000036.jpg,n03220513
n0322051300000037.jpg,n03220513
n0322051300000039.jpg,n03220513
n0322051300000041.jpg,n03220513
n0322051300000043.jpg,n03220513
n0322051300000044.jpg,n03220513
n0322051300000047.jpg,n03220513
n0322051300000049.jpg,n03220513
n0322051300000050.jpg,n03220513
n0322051300000053.jpg,n03220513
n0322051300000058.jpg,n03220513
n0322051300000059.jpg,n03220513
n0322051300000061.jpg,n03220513
n0322051300000063.jpg,n03220513
n0322051300000064.jpg,n03220513
n0322051300000067.jpg,n03220513
n0322051300000068.jpg,n03220513
n0322051300000069.jpg,n03220513
n0322051300000070.jpg,n03220513
n0322051300000074.jpg,n03220513
n0322051300000077.jpg,n03220513
n0322051300000082.jpg,n03220513
n0322051300000091.jpg,n03220513
n0322051300000093.jpg,n03220513
n0322051300000096.jpg,n03220513
n0322051300000098.jpg,n03220513
n0322051300000099.jpg,n03220513
n0322051300000101.jpg,n03220513
n0322051300000102.jpg,n03220513
n0322051300000103.jpg,n03220513
n0322051300000104.jpg,n03220513
n0322051300000106.jpg,n03220513
n0322051300000110.jpg,n03220513
n0322051300000111.jpg,n03220513
n0322051300000113.jpg,n03220513
n0322051300000117.jpg,n03220513
n0322051300000119.jpg,n03220513
n0322051300000122.jpg,n03220513
n0322051300000125.jpg,n03220513
n0322051300000126.jpg,n03220513
n0322051300000127.jpg,n03220513
n0322051300000128.jpg,n03220513
n0322051300000129.jpg,n03220513
n0322051300000130.jpg,n03220513
n0322051300000133.jpg,n03220513
n0322051300000135.jpg,n03220513
n0322051300000136.jpg,n03220513
n0322051300000137.jpg,n03220513
n0322051300000138.jpg,n03220513
n0322051300000144.jpg,n03220513
n0322051300000146.jpg,n03220513
n0322051300000148.jpg,n03220513
n0322051300000151.jpg,n03220513
n0322051300000154.jpg,n03220513
n0322051300000156.jpg,n03220513
n0322051300000157.jpg,n03220513
n0322051300000158.jpg,n03220513
n0322051300000159.jpg,n03220513
n0322051300000160.jpg,n03220513
n0322051300000161.jpg,n03220513
n0322051300000164.jpg,n03220513
n0322051300000168.jpg,n03220513
n0322051300000170.jpg,n03220513
n0322051300000171.jpg,n03220513
n0322051300000174.jpg,n03220513
n0322051300000176.jpg,n03220513
n0322051300000179.jpg,n03220513
n0322051300000183.jpg,n03220513
n0322051300000185.jpg,n03220513
n0322051300000188.jpg,n03220513
n0322051300000191.jpg,n03220513
n0322051300000192.jpg,n03220513
n0322051300000197.jpg,n03220513
n0322051300000200.jpg,n03220513
n0322051300000210.jpg,n03220513
n0322051300000211.jpg,n03220513
n0322051300000212.jpg,n03220513
n0322051300000213.jpg,n03220513
n0322051300000217.jpg,n03220513
n0322051300000218.jpg,n03220513
n0322051300000223.jpg,n03220513
n0322051300000224.jpg,n03220513
n0322051300000225.jpg,n03220513
n0322051300000227.jpg,n03220513
n0322051300000228.jpg,n03220513
n0322051300000229.jpg,n03220513
n0322051300000230.jpg,n03220513
n0322051300000233.jpg,n03220513
n0322051300000235.jpg,n03220513
n0322051300000237.jpg,n03220513
n0322051300000239.jpg,n03220513
n0322051300000240.jpg,n03220513
n0322051300000241.jpg,n03220513
n0322051300000242.jpg,n03220513
n0322051300000243.jpg,n03220513
n0322051300000244.jpg,n03220513
n0322051300000247.jpg,n03220513
n0322051300000249.jpg,n03220513
n0322051300000250.jpg,n03220513
n0322051300000252.jpg,n03220513
n0322051300000254.jpg,n03220513
n0322051300000257.jpg,n03220513
n0322051300000260.jpg,n03220513
n0322051300000262.jpg,n03220513
n0322051300000265.jpg,n03220513
n0322051300000270.jpg,n03220513
n0322051300000273.jpg,n03220513
n0322051300000274.jpg,n03220513
n0322051300000276.jpg,n03220513
n0322051300000280.jpg,n03220513
n0322051300000281.jpg,n03220513
n0322051300000283.jpg,n03220513
n0322051300000287.jpg,n03220513
n0322051300000288.jpg,n03220513
n0322051300000289.jpg,n03220513
n0322051300000290.jpg,n03220513
n0322051300000291.jpg,n03220513
n0322051300000292.jpg,n03220513
n0322051300000293.jpg,n03220513
n0322051300000294.jpg,n03220513
n0322051300000297.jpg,n03220513
n0322051300000299.jpg,n03220513
n0322051300000300.jpg,n03220513
n0322051300000305.jpg,n03220513
n0322051300000306.jpg,n03220513
n0322051300000307.jpg,n03220513
n0322051300000308.jpg,n03220513
n0322051300000318.jpg,n03220513
n0322051300000319.jpg,n03220513
n0322051300000323.jpg,n03220513
n0322051300000326.jpg,n03220513
n0322051300000327.jpg,n03220513
n0322051300000330.jpg,n03220513
n0322051300000331.jpg,n03220513
n0322051300000332.jpg,n03220513
n0322051300000335.jpg,n03220513
n0322051300000336.jpg,n03220513
n0322051300000343.jpg,n03220513
n0322051300000344.jpg,n03220513
n0322051300000346.jpg,n03220513
n0322051300000347.jpg,n03220513
n0322051300000348.jpg,n03220513
n0322051300000349.jpg,n03220513
n0322051300000350.jpg,n03220513
n0322051300000352.jpg,n03220513
n0322051300000353.jpg,n03220513
n0322051300000356.jpg,n03220513
n0322051300000357.jpg,n03220513
n0322051300000358.jpg,n03220513
n0322051300000361.jpg,n03220513
n0322051300000362.jpg,n03220513
n0322051300000365.jpg,n03220513
n0322051300000366.jpg,n03220513
n0322051300000367.jpg,n03220513
n0322051300000368.jpg,n03220513
n0322051300000376.jpg,n03220513
n0322051300000377.jpg,n03220513
n0322051300000378.jpg,n03220513
n0322051300000379.jpg,n03220513
n0322051300000380.jpg,n03220513
n0322051300000382.jpg,n03220513
n0322051300000383.jpg,n03220513
n0322051300000384.jpg,n03220513
n0322051300000385.jpg,n03220513
n0322051300000386.jpg,n03220513
n0322051300000387.jpg,n03220513
n0322051300000389.jpg,n03220513
n0322051300000393.jpg,n03220513
n0322051300000395.jpg,n03220513
n0322051300000396.jpg,n03220513
n0322051300000397.jpg,n03220513
n0322051300000398.jpg,n03220513
n0322051300000401.jpg,n03220513
n0322051300000403.jpg,n03220513
n0322051300000404.jpg,n03220513
n0322051300000405.jpg,n03220513
n0322051300000413.jpg,n03220513
n0322051300000415.jpg,n03220513
n0322051300000417.jpg,n03220513
n0322051300000418.jpg,n03220513
n0322051300000421.jpg,n03220513
n0322051300000424.jpg,n03220513
n0322051300000427.jpg,n03220513
n0322051300000428.jpg,n03220513
n0322051300000430.jpg,n03220513
n0322051300000431.jpg,n03220513
n0322051300000432.jpg,n03220513
n0322051300000433.jpg,n03220513
n0322051300000435.jpg,n03220513
n0322051300000436.jpg,n03220513
n0322051300000440.jpg,n03220513
n0322051300000442.jpg,n03220513
n0322051300000443.jpg,n03220513
n0322051300000447.jpg,n03220513
n0322051300000450.jpg,n03220513
n0322051300000452.jpg,n03220513
n0322051300000454.jpg,n03220513
n0322051300000455.jpg,n03220513
n0322051300000463.jpg,n03220513
n0322051300000464.jpg,n03220513
n0322051300000465.jpg,n03220513
n0322051300000466.jpg,n03220513
n0322051300000467.jpg,n03220513
n0322051300000468.jpg,n03220513
n0322051300000471.jpg,n03220513
n0322051300000472.jpg,n03220513
n0322051300000473.jpg,n03220513
n0322051300000474.jpg,n03220513
n0322051300000476.jpg,n03220513
n0322051300000478.jpg,n03220513
n0322051300000479.jpg,n03220513
n0322051300000481.jpg,n03220513
n0322051300000482.jpg,n03220513
n0322051300000483.jpg,n03220513
n0322051300000485.jpg,n03220513
n0322051300000487.jpg,n03220513
n0322051300000491.jpg,n03220513
n0322051300000494.jpg,n03220513
n0322051300000497.jpg,n03220513
n0322051300000504.jpg,n03220513
n0322051300000507.jpg,n03220513
n0322051300000508.jpg,n03220513
n0322051300000510.jpg,n03220513
n0322051300000511.jpg,n03220513
n0322051300000512.jpg,n03220513
n0322051300000514.jpg,n03220513
n0322051300000515.jpg,n03220513
n0322051300000516.jpg,n03220513
n0322051300000520.jpg,n03220513
n0322051300000523.jpg,n03220513
n0322051300000524.jpg,n03220513
n0322051300000531.jpg,n03220513
n0322051300000532.jpg,n03220513
n0322051300000534.jpg,n03220513
n0322051300000536.jpg,n03220513
n0322051300000537.jpg,n03220513
n0322051300000541.jpg,n03220513
n0322051300000545.jpg,n03220513
n0322051300000546.jpg,n03220513
n0322051300000548.jpg,n03220513
n0322051300000551.jpg,n03220513
n0322051300000555.jpg,n03220513
n0322051300000557.jpg,n03220513
n0322051300000558.jpg,n03220513
n0322051300000559.jpg,n03220513
n0322051300000560.jpg,n03220513
n0322051300000561.jpg,n03220513
n0322051300000563.jpg,n03220513
n0322051300000564.jpg,n03220513
n0322051300000572.jpg,n03220513
n0322051300000575.jpg,n03220513
n0322051300000577.jpg,n03220513
n0322051300000579.jpg,n03220513
n0322051300000581.jpg,n03220513
n0322051300000583.jpg,n03220513
n0322051300000586.jpg,n03220513
n0322051300000587.jpg,n03220513
n0322051300000588.jpg,n03220513
n0322051300000590.jpg,n03220513
n0322051300000593.jpg,n03220513
n0322051300000595.jpg,n03220513
n0322051300000596.jpg,n03220513
n0322051300000599.jpg,n03220513
n0322051300000600.jpg,n03220513
n0322051300000602.jpg,n03220513
n0322051300000603.jpg,n03220513
n0322051300000606.jpg,n03220513
n0322051300000610.jpg,n03220513
n0322051300000611.jpg,n03220513
n0322051300000613.jpg,n03220513
n0322051300000616.jpg,n03220513
n0322051300000617.jpg,n03220513
n0322051300000618.jpg,n03220513
n0322051300000623.jpg,n03220513
n0322051300000625.jpg,n03220513
n0322051300000626.jpg,n03220513
n0322051300000627.jpg,n03220513
n0322051300000628.jpg,n03220513
n0322051300000631.jpg,n03220513
n0322051300000632.jpg,n03220513
n0322051300000635.jpg,n03220513
n0322051300000636.jpg,n03220513
n0322051300000640.jpg,n03220513
n0322051300000642.jpg,n03220513
n0322051300000646.jpg,n03220513
n0322051300000650.jpg,n03220513
n0322051300000651.jpg,n03220513
n0322051300000653.jpg,n03220513
n0322051300000657.jpg,n03220513
n0322051300000658.jpg,n03220513
n0322051300000661.jpg,n03220513
n0322051300000662.jpg,n03220513
n0322051300000668.jpg,n03220513
n0322051300000672.jpg,n03220513
n0322051300000674.jpg,n03220513
n0322051300000677.jpg,n03220513
n0322051300000681.jpg,n03220513
n0322051300000682.jpg,n03220513
n0322051300000683.jpg,n03220513
n0322051300000685.jpg,n03220513
n0322051300000686.jpg,n03220513
n0322051300000689.jpg,n03220513
n0322051300000692.jpg,n03220513
n0322051300000695.jpg,n03220513
n0322051300000696.jpg,n03220513
n0322051300000697.jpg,n03220513
n0322051300000698.jpg,n03220513
n0322051300000703.jpg,n03220513
n0322051300000704.jpg,n03220513
n0322051300000705.jpg,n03220513
n0322051300000706.jpg,n03220513
n0322051300000707.jpg,n03220513
n0322051300000710.jpg,n03220513
n0322051300000712.jpg,n03220513
n0322051300000715.jpg,n03220513
n0322051300000717.jpg,n03220513
n0322051300000719.jpg,n03220513
n0322051300000720.jpg,n03220513
n0322051300000722.jpg,n03220513
n0322051300000723.jpg,n03220513
n0322051300000725.jpg,n03220513
n0322051300000727.jpg,n03220513
n0322051300000732.jpg,n03220513
n0322051300000737.jpg,n03220513
n0322051300000739.jpg,n03220513
n0322051300000740.jpg,n03220513
n0322051300000742.jpg,n03220513
n0322051300000743.jpg,n03220513
n0322051300000744.jpg,n03220513
n0322051300000745.jpg,n03220513
n0322051300000747.jpg,n03220513
n0322051300000749.jpg,n03220513
n0322051300000751.jpg,n03220513
n0322051300000753.jpg,n03220513
n0322051300000754.jpg,n03220513
n0322051300000755.jpg,n03220513
n0322051300000756.jpg,n03220513
n0322051300000757.jpg,n03220513
n0322051300000758.jpg,n03220513
n0322051300000760.jpg,n03220513
n0322051300000762.jpg,n03220513
n0322051300000763.jpg,n03220513
n0322051300000765.jpg,n03220513
n0322051300000767.jpg,n03220513
n0322051300000772.jpg,n03220513
n0322051300000773.jpg,n03220513
n0322051300000775.jpg,n03220513
n0322051300000780.jpg,n03220513
n0322051300000781.jpg,n03220513
n0322051300000782.jpg,n03220513
n0322051300000783.jpg,n03220513
n0322051300000785.jpg,n03220513
n0322051300000788.jpg,n03220513
n0322051300000789.jpg,n03220513
n0322051300000790.jpg,n03220513
n0322051300000793.jpg,n03220513
n0322051300000795.jpg,n03220513
n0322051300000797.jpg,n03220513
n0322051300000798.jpg,n03220513
n0322051300000800.jpg,n03220513
n0322051300000804.jpg,n03220513
n0322051300000805.jpg,n03220513
n0322051300000806.jpg,n03220513
n0322051300000809.jpg,n03220513
n0322051300000810.jpg,n03220513
n0322051300000812.jpg,n03220513
n0322051300000813.jpg,n03220513
n0322051300000816.jpg,n03220513
n0322051300000818.jpg,n03220513
n0322051300000820.jpg,n03220513
n0322051300000821.jpg,n03220513
n0322051300000824.jpg,n03220513
n0322051300000825.jpg,n03220513
n0322051300000826.jpg,n03220513
n0322051300000829.jpg,n03220513
n0322051300000834.jpg,n03220513
n0322051300000836.jpg,n03220513
n0322051300000840.jpg,n03220513
n0322051300000843.jpg,n03220513
n0322051300000845.jpg,n03220513
n0322051300000846.jpg,n03220513
n0322051300000847.jpg,n03220513
n0322051300000850.jpg,n03220513
n0322051300000852.jpg,n03220513
n0322051300000855.jpg,n03220513
n0322051300000857.jpg,n03220513
n0322051300000862.jpg,n03220513
n0322051300000866.jpg,n03220513
n0322051300000869.jpg,n03220513
n0322051300000870.jpg,n03220513
n0322051300000877.jpg,n03220513
n0322051300000878.jpg,n03220513
n0322051300000879.jpg,n03220513
n0322051300000881.jpg,n03220513
n0322051300000884.jpg,n03220513
n0322051300000886.jpg,n03220513
n0322051300000888.jpg,n03220513
n0322051300000889.jpg,n03220513
n0322051300000890.jpg,n03220513
n0322051300000891.jpg,n03220513
n0322051300000894.jpg,n03220513
n0322051300000896.jpg,n03220513
n0322051300000898.jpg,n03220513
n0322051300000899.jpg,n03220513
n0322051300000900.jpg,n03220513
n0322051300000905.jpg,n03220513
n0322051300000907.jpg,n03220513
n0322051300000908.jpg,n03220513
n0322051300000910.jpg,n03220513
n0322051300000913.jpg,n03220513
n0322051300000915.jpg,n03220513
n0322051300000916.jpg,n03220513
n0322051300000917.jpg,n03220513
n0322051300000918.jpg,n03220513
n0322051300000920.jpg,n03220513
n0322051300000921.jpg,n03220513
n0322051300000922.jpg,n03220513
n0322051300000923.jpg,n03220513
n0322051300000927.jpg,n03220513
n0322051300000929.jpg,n03220513
n0322051300000930.jpg,n03220513
n0322051300000931.jpg,n03220513
n0322051300000932.jpg,n03220513
n0322051300000933.jpg,n03220513
n0322051300000934.jpg,n03220513
n0322051300000935.jpg,n03220513
n0322051300000936.jpg,n03220513
n0322051300000937.jpg,n03220513
n0322051300000940.jpg,n03220513
n0322051300000941.jpg,n03220513
n0322051300000944.jpg,n03220513
n0322051300000949.jpg,n03220513
n0322051300000954.jpg,n03220513
n0322051300000956.jpg,n03220513
n0322051300000957.jpg,n03220513
n0322051300000959.jpg,n03220513
n0322051300000961.jpg,n03220513
n0322051300000963.jpg,n03220513
n0322051300000966.jpg,n03220513
n0322051300000971.jpg,n03220513
n0322051300000972.jpg,n03220513
n0322051300000975.jpg,n03220513
n0322051300000977.jpg,n03220513
n0322051300000979.jpg,n03220513
n0322051300000980.jpg,n03220513
n0322051300000981.jpg,n03220513
n0322051300000984.jpg,n03220513
n0322051300000987.jpg,n03220513
n0322051300000991.jpg,n03220513
n0322051300000992.jpg,n03220513
n0322051300000993.jpg,n03220513
n0322051300000996.jpg,n03220513
n0322051300000997.jpg,n03220513
n0322051300000998.jpg,n03220513
n0322051300001003.jpg,n03220513
n0322051300001006.jpg,n03220513
n0322051300001007.jpg,n03220513
n0322051300001008.jpg,n03220513
n0322051300001011.jpg,n03220513
n0322051300001017.jpg,n03220513
n0322051300001021.jpg,n03220513
n0322051300001024.jpg,n03220513
n0322051300001025.jpg,n03220513
n0322051300001029.jpg,n03220513
n0322051300001031.jpg,n03220513
n0322051300001033.jpg,n03220513
n0322051300001034.jpg,n03220513
n0322051300001035.jpg,n03220513
n0322051300001036.jpg,n03220513
n0322051300001038.jpg,n03220513
n0322051300001039.jpg,n03220513
n0322051300001043.jpg,n03220513
n0322051300001045.jpg,n03220513
n0322051300001046.jpg,n03220513
n0322051300001049.jpg,n03220513
n0322051300001057.jpg,n03220513
n0322051300001060.jpg,n03220513
n0322051300001062.jpg,n03220513
n0322051300001063.jpg,n03220513
n0322051300001064.jpg,n03220513
n0322051300001065.jpg,n03220513
n0322051300001066.jpg,n03220513
n0322051300001067.jpg,n03220513
n0322051300001070.jpg,n03220513
n0322051300001071.jpg,n03220513
n0322051300001072.jpg,n03220513
n0322051300001075.jpg,n03220513
n0322051300001076.jpg,n03220513
n0322051300001077.jpg,n03220513
n0322051300001080.jpg,n03220513
n0322051300001082.jpg,n03220513
n0322051300001083.jpg,n03220513
n0322051300001085.jpg,n03220513
n0322051300001087.jpg,n03220513
n0322051300001089.jpg,n03220513
n0322051300001090.jpg,n03220513
n0322051300001094.jpg,n03220513
n0322051300001095.jpg,n03220513
n0322051300001096.jpg,n03220513
n0322051300001099.jpg,n03220513
n0322051300001101.jpg,n03220513
n0322051300001103.jpg,n03220513
n0322051300001110.jpg,n03220513
n0322051300001111.jpg,n03220513
n0322051300001113.jpg,n03220513
n0322051300001115.jpg,n03220513
n0322051300001119.jpg,n03220513
n0322051300001120.jpg,n03220513
n0322051300001123.jpg,n03220513
n0322051300001124.jpg,n03220513
n0322051300001133.jpg,n03220513
n0322051300001134.jpg,n03220513
n0322051300001139.jpg,n03220513
n0322051300001140.jpg,n03220513
n0322051300001147.jpg,n03220513
n0322051300001148.jpg,n03220513
n0322051300001150.jpg,n03220513
n0322051300001151.jpg,n03220513
n0322051300001152.jpg,n03220513
n0322051300001154.jpg,n03220513
n0322051300001155.jpg,n03220513
n0322051300001156.jpg,n03220513
n0322051300001157.jpg,n03220513
n0322051300001158.jpg,n03220513
n0322051300001159.jpg,n03220513
n0322051300001161.jpg,n03220513
n0322051300001164.jpg,n03220513
n0322051300001165.jpg,n03220513
n0322051300001167.jpg,n03220513
n0322051300001169.jpg,n03220513
n0322051300001170.jpg,n03220513
n0322051300001174.jpg,n03220513
n0322051300001178.jpg,n03220513
n0322051300001179.jpg,n03220513
n0322051300001183.jpg,n03220513
n0322051300001185.jpg,n03220513
n0322051300001187.jpg,n03220513
n0322051300001188.jpg,n03220513
n0322051300001190.jpg,n03220513
n0322051300001194.jpg,n03220513
n0322051300001196.jpg,n03220513
n0322051300001200.jpg,n03220513
n0322051300001205.jpg,n03220513
n0322051300001210.jpg,n03220513
n0322051300001211.jpg,n03220513
n0322051300001212.jpg,n03220513
n0322051300001216.jpg,n03220513
n0322051300001218.jpg,n03220513
n0322051300001220.jpg,n03220513
n0322051300001226.jpg,n03220513
n0322051300001227.jpg,n03220513
n0322051300001228.jpg,n03220513
n0322051300001231.jpg,n03220513
n0322051300001233.jpg,n03220513
n0322051300001234.jpg,n03220513
n0322051300001238.jpg,n03220513
n0322051300001241.jpg,n03220513
n0322051300001242.jpg,n03220513
n0322051300001243.jpg,n03220513
n0322051300001244.jpg,n03220513
n0322051300001246.jpg,n03220513
n0322051300001247.jpg,n03220513
n0322051300001252.jpg,n03220513
n0322051300001255.jpg,n03220513
n0322051300001259.jpg,n03220513
n0322051300001260.jpg,n03220513
n0322051300001265.jpg,n03220513
n0322051300001267.jpg,n03220513
n0322051300001268.jpg,n03220513
n0322051300001269.jpg,n03220513
n0322051300001274.jpg,n03220513
n0322051300001275.jpg,n03220513
n0322051300001277.jpg,n03220513
n0322051300001278.jpg,n03220513
n0322051300001279.jpg,n03220513
n0322051300001280.jpg,n03220513
n0322051300001282.jpg,n03220513
n0322051300001285.jpg,n03220513
n0322051300001286.jpg,n03220513
n0322051300001289.jpg,n03220513
n0322051300001292.jpg,n03220513
n0322051300001293.jpg,n03220513
n0322051300001297.jpg,n03220513
n0322051300001298.jpg,n03220513
n0322051300001299.jpg,n03220513
n0322051300001300.jpg,n03220513
n0334703700000001.jpg,n03347037
n0334703700000002.jpg,n03347037
n0334703700000003.jpg,n03347037
n0334703700000004.jpg,n03347037
n0334703700000005.jpg,n03347037
n0334703700000006.jpg,n03347037
n0334703700000008.jpg,n03347037
n0334703700000011.jpg,n03347037
n0334703700000015.jpg,n03347037
n0334703700000017.jpg,n03347037
n0334703700000019.jpg,n03347037
n0334703700000020.jpg,n03347037
n0334703700000021.jpg,n03347037
n0334703700000025.jpg,n03347037
n0334703700000026.jpg,n03347037
n0334703700000027.jpg,n03347037
n0334703700000028.jpg,n03347037
n0334703700000031.jpg,n03347037
n0334703700000034.jpg,n03347037
n0334703700000035.jpg,n03347037
n0334703700000037.jpg,n03347037
n0334703700000038.jpg,n03347037
n0334703700000040.jpg,n03347037
n0334703700000041.jpg,n03347037
n0334703700000043.jpg,n03347037
n0334703700000044.jpg,n03347037
n0334703700000048.jpg,n03347037
n0334703700000050.jpg,n03347037
n0334703700000052.jpg,n03347037
n0334703700000056.jpg,n03347037
n0334703700000057.jpg,n03347037
n0334703700000058.jpg,n03347037
n0334703700000059.jpg,n03347037
n0334703700000061.jpg,n03347037
n0334703700000062.jpg,n03347037
n0334703700000065.jpg,n03347037
n0334703700000066.jpg,n03347037
n0334703700000071.jpg,n03347037
n0334703700000072.jpg,n03347037
n0334703700000077.jpg,n03347037
n0334703700000081.jpg,n03347037
n0334703700000082.jpg,n03347037
n0334703700000084.jpg,n03347037
n0334703700000087.jpg,n03347037
n0334703700000088.jpg,n03347037
n0334703700000091.jpg,n03347037
n0334703700000092.jpg,n03347037
n0334703700000095.jpg,n03347037
n0334703700000097.jpg,n03347037
n0334703700000098.jpg,n03347037
n0334703700000102.jpg,n03347037
n0334703700000103.jpg,n03347037
n0334703700000104.jpg,n03347037
n0334703700000105.jpg,n03347037
n0334703700000107.jpg,n03347037
n0334703700000108.jpg,n03347037
n0334703700000109.jpg,n03347037
n0334703700000111.jpg,n03347037
n0334703700000113.jpg,n03347037
n0334703700000114.jpg,n03347037
n0334703700000118.jpg,n03347037
n0334703700000119.jpg,n03347037
n0334703700000122.jpg,n03347037
n0334703700000123.jpg,n03347037
n0334703700000130.jpg,n03347037
n0334703700000132.jpg,n03347037
n0334703700000134.jpg,n03347037
n0334703700000136.jpg,n03347037
n0334703700000139.jpg,n03347037
n0334703700000140.jpg,n03347037
n0334703700000141.jpg,n03347037
n0334703700000144.jpg,n03347037
n0334703700000145.jpg,n03347037
n0334703700000146.jpg,n03347037
n0334703700000155.jpg,n03347037
n0334703700000157.jpg,n03347037
n0334703700000159.jpg,n03347037
n0334703700000162.jpg,n03347037
n0334703700000166.jpg,n03347037
n0334703700000169.jpg,n03347037
n0334703700000170.jpg,n03347037
n0334703700000171.jpg,n03347037
n0334703700000175.jpg,n03347037
n0334703700000178.jpg,n03347037
n0334703700000180.jpg,n03347037
n0334703700000185.jpg,n03347037
n0334703700000186.jpg,n03347037
n0334703700000189.jpg,n03347037
n0334703700000190.jpg,n03347037
n0334703700000191.jpg,n03347037
n0334703700000192.jpg,n03347037
n0334703700000193.jpg,n03347037
n0334703700000194.jpg,n03347037
n0334703700000196.jpg,n03347037
n0334703700000200.jpg,n03347037
n0334703700000202.jpg,n03347037
n0334703700000203.jpg,n03347037
n0334703700000204.jpg,n03347037
n0334703700000205.jpg,n03347037
n0334703700000210.jpg,n03347037
n0334703700000213.jpg,n03347037
n0334703700000220.jpg,n03347037
n0334703700000226.jpg,n03347037
n0334703700000227.jpg,n03347037
n0334703700000228.jpg,n03347037
n0334703700000233.jpg,n03347037
n0334703700000236.jpg,n03347037
n0334703700000237.jpg,n03347037
n0334703700000238.jpg,n03347037
n0334703700000239.jpg,n03347037
n0334703700000241.jpg,n03347037
n0334703700000242.jpg,n03347037
n0334703700000244.jpg,n03347037
n0334703700000245.jpg,n03347037
n0334703700000246.jpg,n03347037
n0334703700000247.jpg,n03347037
n0334703700000250.jpg,n03347037
n0334703700000251.jpg,n03347037
n0334703700000252.jpg,n03347037
n0334703700000256.jpg,n03347037
n0334703700000259.jpg,n03347037
n0334703700000262.jpg,n03347037
n0334703700000263.jpg,n03347037
n0334703700000266.jpg,n03347037
n0334703700000268.jpg,n03347037
n0334703700000269.jpg,n03347037
n0334703700000271.jpg,n03347037
n0334703700000272.jpg,n03347037
n0334703700000278.jpg,n03347037
n0334703700000279.jpg,n03347037
n0334703700000280.jpg,n03347037
n0334703700000281.jpg,n03347037
n0334703700000288.jpg,n03347037
n0334703700000291.jpg,n03347037
n0334703700000295.jpg,n03347037
n0334703700000296.jpg,n03347037
n0334703700000297.jpg,n03347037
n0334703700000299.jpg,n03347037
n0334703700000302.jpg,n03347037
n0334703700000305.jpg,n03347037
n0334703700000306.jpg,n03347037
n0334703700000308.jpg,n03347037
n0334703700000309.jpg,n03347037
n0334703700000311.jpg,n03347037
n0334703700000312.jpg,n03347037
n0334703700000316.jpg,n03347037
n0334703700000319.jpg,n03347037
n0334703700000320.jpg,n03347037
n0334703700000321.jpg,n03347037
n0334703700000322.jpg,n03347037
n0334703700000324.jpg,n03347037
n0334703700000325.jpg,n03347037
n0334703700000326.jpg,n03347037
n0334703700000327.jpg,n03347037
n0334703700000330.jpg,n03347037
n0334703700000331.jpg,n03347037
n0334703700000333.jpg,n03347037
n0334703700000337.jpg,n03347037
n0334703700000342.jpg,n03347037
n0334703700000346.jpg,n03347037
n0334703700000349.jpg,n03347037
n0334703700000351.jpg,n03347037
n0334703700000353.jpg,n03347037
n0334703700000354.jpg,n03347037
n0334703700000357.jpg,n03347037
n0334703700000359.jpg,n03347037
n0334703700000360.jpg,n03347037
n0334703700000362.jpg,n03347037
n0334703700000364.jpg,n03347037
n0334703700000365.jpg,n03347037
n0334703700000367.jpg,n03347037
n0334703700000371.jpg,n03347037
n0334703700000374.jpg,n03347037
n0334703700000377.jpg,n03347037
n0334703700000378.jpg,n03347037
n0334703700000380.jpg,n03347037
n0334703700000384.jpg,n03347037
n0334703700000389.jpg,n03347037
n0334703700000391.jpg,n03347037
n0334703700000393.jpg,n03347037
n0334703700000398.jpg,n03347037
n0334703700000399.jpg,n03347037
n0334703700000400.jpg,n03347037
n0334703700000401.jpg,n03347037
n0334703700000403.jpg,n03347037
n0334703700000405.jpg,n03347037
n0334703700000409.jpg,n03347037
n0334703700000412.jpg,n03347037
n0334703700000413.jpg,n03347037
n0334703700000414.jpg,n03347037
n0334703700000417.jpg,n03347037
n0334703700000418.jpg,n03347037
n0334703700000419.jpg,n03347037
n0334703700000420.jpg,n03347037
n0334703700000423.jpg,n03347037
n0334703700000424.jpg,n03347037
n0334703700000425.jpg,n03347037
n0334703700000427.jpg,n03347037
n0334703700000428.jpg,n03347037
n0334703700000430.jpg,n03347037
n0334703700000432.jpg,n03347037
n0334703700000433.jpg,n03347037
n0334703700000435.jpg,n03347037
n0334703700000437.jpg,n03347037
n0334703700000439.jpg,n03347037
n0334703700000441.jpg,n03347037
n0334703700000442.jpg,n03347037
n0334703700000446.jpg,n03347037
n0334703700000449.jpg,n03347037
n0334703700000452.jpg,n03347037
n0334703700000453.jpg,n03347037
n0334703700000454.jpg,n03347037
n0334703700000455.jpg,n03347037
n0334703700000458.jpg,n03347037
n0334703700000459.jpg,n03347037
n0334703700000461.jpg,n03347037
n0334703700000462.jpg,n03347037
n0334703700000463.jpg,n03347037
n0334703700000464.jpg,n03347037
n0334703700000467.jpg,n03347037
n0334703700000472.jpg,n03347037
n0334703700000475.jpg,n03347037
n0334703700000476.jpg,n03347037
n0334703700000477.jpg,n03347037
n0334703700000479.jpg,n03347037
n0334703700000484.jpg,n03347037
n0334703700000486.jpg,n03347037
n0334703700000489.jpg,n03347037
n0334703700000492.jpg,n03347037
n0334703700000494.jpg,n03347037
n0334703700000495.jpg,n03347037
n0334703700000496.jpg,n03347037
n0334703700000501.jpg,n03347037
n0334703700000505.jpg,n03347037
n0334703700000506.jpg,n03347037
n0334703700000507.jpg,n03347037
n0334703700000509.jpg,n03347037
n0334703700000510.jpg,n03347037
n0334703700000511.jpg,n03347037
n0334703700000521.jpg,n03347037
n0334703700000522.jpg,n03347037
n0334703700000523.jpg,n03347037
n0334703700000532.jpg,n03347037
n0334703700000535.jpg,n03347037
n0334703700000538.jpg,n03347037
n0334703700000540.jpg,n03347037
n0334703700000545.jpg,n03347037
n0334703700000546.jpg,n03347037
n0334703700000548.jpg,n03347037
n0334703700000549.jpg,n03347037
n0334703700000556.jpg,n03347037
n0334703700000560.jpg,n03347037
n0334703700000563.jpg,n03347037
n0334703700000564.jpg,n03347037
n0334703700000565.jpg,n03347037
n0334703700000566.jpg,n03347037
n0334703700000572.jpg,n03347037
n0334703700000573.jpg,n03347037
n0334703700000574.jpg,n03347037
n0334703700000577.jpg,n03347037
n0334703700000585.jpg,n03347037
n0334703700000587.jpg,n03347037
n0334703700000590.jpg,n03347037
n0334703700000591.jpg,n03347037
n0334703700000597.jpg,n03347037
n0334703700000598.jpg,n03347037
n0334703700000599.jpg,n03347037
n0334703700000600.jpg,n03347037
n0334703700000601.jpg,n03347037
n0334703700000603.jpg,n03347037
n0334703700000605.jpg,n03347037
n0334703700000609.jpg,n03347037
n0334703700000610.jpg,n03347037
n0334703700000613.jpg,n03347037
n0334703700000614.jpg,n03347037
n0334703700000615.jpg,n03347037
n0334703700000616.jpg,n03347037
n0334703700000620.jpg,n03347037
n0334703700000623.jpg,n03347037
n0334703700000626.jpg,n03347037
n0334703700000627.jpg,n03347037
n0334703700000628.jpg,n03347037
n0334703700000630.jpg,n03347037
n0334703700000632.jpg,n03347037
n0334703700000633.jpg,n03347037
n0334703700000637.jpg,n03347037
n0334703700000643.jpg,n03347037
n0334703700000645.jpg,n03347037
n0334703700000650.jpg,n03347037
n0334703700000652.jpg,n03347037
n0334703700000657.jpg,n03347037
n0334703700000658.jpg,n03347037
n0334703700000660.jpg,n03347037
n0334703700000662.jpg,n03347037
n0334703700000667.jpg,n03347037
n0334703700000669.jpg,n03347037
n0334703700000670.jpg,n03347037
n0334703700000671.jpg,n03347037
n0334703700000674.jpg,n03347037
n0334703700000677.jpg,n03347037
n0334703700000680.jpg,n03347037
n0334703700000681.jpg,n03347037
n0334703700000682.jpg,n03347037
n0334703700000685.jpg,n03347037
n0334703700000687.jpg,n03347037
n0334703700000690.jpg,n03347037
n0334703700000691.jpg,n03347037
n0334703700000692.jpg,n03347037
n0334703700000693.jpg,n03347037
n0334703700000695.jpg,n03347037
n0334703700000696.jpg,n03347037
n0334703700000697.jpg,n03347037
n0334703700000698.jpg,n03347037
n0334703700000703.jpg,n03347037
n0334703700000706.jpg,n03347037
n0334703700000707.jpg,n03347037
n0334703700000712.jpg,n03347037
n0334703700000713.jpg,n03347037
n0334703700000717.jpg,n03347037
n0334703700000718.jpg,n03347037
n0334703700000721.jpg,n03347037
n0334703700000723.jpg,n03347037
n0334703700000726.jpg,n03347037
n0334703700000729.jpg,n03347037
n0334703700000730.jpg,n03347037
n0334703700000732.jpg,n03347037
n0334703700000733.jpg,n03347037
n0334703700000738.jpg,n03347037
n0334703700000739.jpg,n03347037
n0334703700000742.jpg,n03347037
n0334703700000744.jpg,n03347037
n0334703700000745.jpg,n03347037
n0334703700000747.jpg,n03347037
n0334703700000749.jpg,n03347037
n0334703700000751.jpg,n03347037
n0334703700000752.jpg,n03347037
n0334703700000756.jpg,n03347037
n0334703700000758.jpg,n03347037
n0334703700000760.jpg,n03347037
n0334703700000761.jpg,n03347037
n0334703700000763.jpg,n03347037
n0334703700000765.jpg,n03347037
n0334703700000770.jpg,n03347037
n0334703700000772.jpg,n03347037
n0334703700000773.jpg,n03347037
n0334703700000776.jpg,n03347037
n0334703700000778.jpg,n03347037
n0334703700000781.jpg,n03347037
n0334703700000783.jpg,n03347037
n0334703700000785.jpg,n03347037
n0334703700000788.jpg,n03347037
n0334703700000789.jpg,n03347037
n0334703700000793.jpg,n03347037
n0334703700000797.jpg,n03347037
n0334703700000802.jpg,n03347037
n0334703700000803.jpg,n03347037
n0334703700000807.jpg,n03347037
n0334703700000815.jpg,n03347037
n0334703700000819.jpg,n03347037
n0334703700000820.jpg,n03347037
n0334703700000822.jpg,n03347037
n0334703700000825.jpg,n03347037
n0334703700000826.jpg,n03347037
n0334703700000827.jpg,n03347037
n0334703700000828.jpg,n03347037
n0334703700000833.jpg,n03347037
n0334703700000834.jpg,n03347037
n0334703700000839.jpg,n03347037
n0334703700000840.jpg,n03347037
n0334703700000843.jpg,n03347037
n0334703700000844.jpg,n03347037
n0334703700000847.jpg,n03347037
n0334703700000848.jpg,n03347037
n0334703700000849.jpg,n03347037
n0334703700000851.jpg,n03347037
n0334703700000854.jpg,n03347037
n0334703700000858.jpg,n03347037
n0334703700000859.jpg,n03347037
n0334703700000861.jpg,n03347037
n0334703700000862.jpg,n03347037
n0334703700000863.jpg,n03347037
n0334703700000865.jpg,n03347037
n0334703700000866.jpg,n03347037
n0334703700000872.jpg,n03347037
n0334703700000877.jpg,n03347037
n0334703700000878.jpg,n03347037
n0334703700000882.jpg,n03347037
n0334703700000884.jpg,n03347037
n0334703700000886.jpg,n03347037
n0334703700000887.jpg,n03347037
n0334703700000888.jpg,n03347037
n0334703700000891.jpg,n03347037
n0334703700000892.jpg,n03347037
n0334703700000893.jpg,n03347037
n0334703700000894.jpg,n03347037
n0334703700000896.jpg,n03347037
n0334703700000897.jpg,n03347037
n0334703700000898.jpg,n03347037
n0334703700000900.jpg,n03347037
n0334703700000904.jpg,n03347037
n0334703700000906.jpg,n03347037
n0334703700000907.jpg,n03347037
n0334703700000908.jpg,n03347037
n0334703700000909.jpg,n03347037
n0334703700000910.jpg,n03347037
n0334703700000911.jpg,n03347037
n0334703700000914.jpg,n03347037
n0334703700000916.jpg,n03347037
n0334703700000918.jpg,n03347037
n0334703700000920.jpg,n03347037
n0334703700000921.jpg,n03347037
n0334703700000922.jpg,n03347037
n0334703700000923.jpg,n03347037
n0334703700000924.jpg,n03347037
n0334703700000925.jpg,n03347037
n0334703700000928.jpg,n03347037
n0334703700000929.jpg,n03347037
n0334703700000931.jpg,n03347037
n0334703700000932.jpg,n03347037
n0334703700000935.jpg,n03347037
n0334703700000936.jpg,n03347037
n0334703700000938.jpg,n03347037
n0334703700000941.jpg,n03347037
n0334703700000942.jpg,n03347037
n0334703700000943.jpg,n03347037
n0334703700000945.jpg,n03347037
n0334703700000946.jpg,n03347037
n0334703700000947.jpg,n03347037
n0334703700000948.jpg,n03347037
n0334703700000949.jpg,n03347037
n0334703700000952.jpg,n03347037
n0334703700000954.jpg,n03347037
n0334703700000956.jpg,n03347037
n0334703700000959.jpg,n03347037
n0334703700000961.jpg,n03347037
n0334703700000963.jpg,n03347037
n0334703700000967.jpg,n03347037
n0334703700000969.jpg,n03347037
n0334703700000970.jpg,n03347037
n0334703700000971.jpg,n03347037
n0334703700000973.jpg,n03347037
n0334703700000975.jpg,n03347037
n0334703700000976.jpg,n03347037
n0334703700000979.jpg,n03347037
n0334703700000985.jpg,n03347037
n0334703700000989.jpg,n03347037
n0334703700000990.jpg,n03347037
n0334703700000996.jpg,n03347037
n0334703700001000.jpg,n03347037
n0334703700001001.jpg,n03347037
n0334703700001002.jpg,n03347037
n0334703700001004.jpg,n03347037
n0334703700001006.jpg,n03347037
n0334703700001008.jpg,n03347037
n0334703700001013.jpg,n03347037
n0334703700001014.jpg,n03347037
n0334703700001016.jpg,n03347037
n0334703700001017.jpg,n03347037
n0334703700001018.jpg,n03347037
n0334703700001024.jpg,n03347037
n0334703700001025.jpg,n03347037
n0334703700001026.jpg,n03347037
n0334703700001030.jpg,n03347037
n0334703700001031.jpg,n03347037
n0334703700001032.jpg,n03347037
n0334703700001038.jpg,n03347037
n0334703700001041.jpg,n03347037
n0334703700001042.jpg,n03347037
n0334703700001047.jpg,n03347037
n0334703700001048.jpg,n03347037
n0334703700001049.jpg,n03347037
n0334703700001050.jpg,n03347037
n0334703700001051.jpg,n03347037
n0334703700001053.jpg,n03347037
n0334703700001054.jpg,n03347037
n0334703700001056.jpg,n03347037
n0334703700001063.jpg,n03347037
n0334703700001064.jpg,n03347037
n0334703700001065.jpg,n03347037
n0334703700001066.jpg,n03347037
n0334703700001069.jpg,n03347037
n0334703700001071.jpg,n03347037
n0334703700001072.jpg,n03347037
n0334703700001074.jpg,n03347037
n0334703700001075.jpg,n03347037
n0334703700001077.jpg,n03347037
n0334703700001078.jpg,n03347037
n0334703700001079.jpg,n03347037
n0334703700001080.jpg,n03347037
n0334703700001082.jpg,n03347037
n0334703700001083.jpg,n03347037
n0334703700001087.jpg,n03347037
n0334703700001088.jpg,n03347037
n0334703700001089.jpg,n03347037
n0334703700001093.jpg,n03347037
n0334703700001095.jpg,n03347037
n0334703700001097.jpg,n03347037
n0334703700001099.jpg,n03347037
n0334703700001101.jpg,n03347037
n0334703700001102.jpg,n03347037
n0334703700001104.jpg,n03347037
n0334703700001107.jpg,n03347037
n0334703700001111.jpg,n03347037
n0334703700001112.jpg,n03347037
n0334703700001114.jpg,n03347037
n0334703700001115.jpg,n03347037
n0334703700001117.jpg,n03347037
n0334703700001118.jpg,n03347037
n0334703700001120.jpg,n03347037
n0334703700001122.jpg,n03347037
n0334703700001124.jpg,n03347037
n0334703700001125.jpg,n03347037
n0334703700001126.jpg,n03347037
n0334703700001131.jpg,n03347037
n0334703700001133.jpg,n03347037
n0334703700001137.jpg,n03347037
n0334703700001139.jpg,n03347037
n0334703700001140.jpg,n03347037
n0334703700001143.jpg,n03347037
n0334703700001147.jpg,n03347037
n0334703700001148.jpg,n03347037
n0334703700001149.jpg,n03347037
n0334703700001150.jpg,n03347037
n0334703700001154.jpg,n03347037
n0334703700001155.jpg,n03347037
n0334703700001156.jpg,n03347037
n0334703700001157.jpg,n03347037
n0334703700001160.jpg,n03347037
n0334703700001163.jpg,n03347037
n0334703700001165.jpg,n03347037
n0334703700001169.jpg,n03347037
n0334703700001171.jpg,n03347037
n0334703700001173.jpg,n03347037
n0334703700001174.jpg,n03347037
n0334703700001175.jpg,n03347037
n0334703700001176.jpg,n03347037
n0334703700001177.jpg,n03347037
n0334703700001178.jpg,n03347037
n0334703700001180.jpg,n03347037
n0334703700001181.jpg,n03347037
n0334703700001182.jpg,n03347037
n0334703700001183.jpg,n03347037
n0334703700001185.jpg,n03347037
n0334703700001188.jpg,n03347037
n0334703700001191.jpg,n03347037
n0334703700001192.jpg,n03347037
n0334703700001196.jpg,n03347037
n0334703700001197.jpg,n03347037
n0334703700001200.jpg,n03347037
n0334703700001201.jpg,n03347037
n0334703700001202.jpg,n03347037
n0334703700001203.jpg,n03347037
n0334703700001209.jpg,n03347037
n0334703700001211.jpg,n03347037
n0334703700001213.jpg,n03347037
n0334703700001214.jpg,n03347037
n0334703700001216.jpg,n03347037
n0334703700001217.jpg,n03347037
n0334703700001218.jpg,n03347037
n0334703700001220.jpg,n03347037
n0334703700001221.jpg,n03347037
n0334703700001222.jpg,n03347037
n0334703700001225.jpg,n03347037
n0334703700001227.jpg,n03347037
n0334703700001228.jpg,n03347037
n0334703700001232.jpg,n03347037
n0334703700001234.jpg,n03347037
n0334703700001236.jpg,n03347037
n0334703700001238.jpg,n03347037
n0334703700001242.jpg,n03347037
n0334703700001245.jpg,n03347037
n0334703700001246.jpg,n03347037
n0334703700001247.jpg,n03347037
n0334703700001249.jpg,n03347037
n0334703700001252.jpg,n03347037
n0334703700001253.jpg,n03347037
n0334703700001254.jpg,n03347037
n0334703700001255.jpg,n03347037
n0334703700001256.jpg,n03347037
n0334703700001257.jpg,n03347037
n0334703700001261.jpg,n03347037
n0334703700001262.jpg,n03347037
n0334703700001264.jpg,n03347037
n0334703700001266.jpg,n03347037
n0334703700001267.jpg,n03347037
n0334703700001268.jpg,n03347037
n0334703700001269.jpg,n03347037
n0334703700001272.jpg,n03347037
n0334703700001273.jpg,n03347037
n0334703700001274.jpg,n03347037
n0334703700001278.jpg,n03347037
n0334703700001280.jpg,n03347037
n0334703700001281.jpg,n03347037
n0334703700001283.jpg,n03347037
n0334703700001284.jpg,n03347037
n0334703700001285.jpg,n03347037
n0334703700001290.jpg,n03347037
n0334703700001293.jpg,n03347037
n0334703700001294.jpg,n03347037
n0334703700001298.jpg,n03347037
n0388860500000002.jpg,n03888605
n0388860500000003.jpg,n03888605
n0388860500000005.jpg,n03888605
n0388860500000006.jpg,n03888605
n0388860500000008.jpg,n03888605
n0388860500000009.jpg,n03888605
n0388860500000014.jpg,n03888605
n0388860500000015.jpg,n03888605
n0388860500000016.jpg,n03888605
n0388860500000019.jpg,n03888605
n0388860500000020.jpg,n03888605
n0388860500000032.jpg,n03888605
n0388860500000033.jpg,n03888605
n0388860500000036.jpg,n03888605
n0388860500000037.jpg,n03888605
n0388860500000038.jpg,n03888605
n0388860500000039.jpg,n03888605
n0388860500000042.jpg,n03888605
n0388860500000044.jpg,n03888605
n0388860500000045.jpg,n03888605
n0388860500000050.jpg,n03888605
n0388860500000051.jpg,n03888605
n0388860500000052.jpg,n03888605
n0388860500000053.jpg,n03888605
n0388860500000054.jpg,n03888605
n0388860500000056.jpg,n03888605
n0388860500000058.jpg,n03888605
n0388860500000061.jpg,n03888605
n0388860500000065.jpg,n03888605
n0388860500000066.jpg,n03888605
n0388860500000070.jpg,n03888605
n0388860500000071.jpg,n03888605
n0388860500000077.jpg,n03888605
n0388860500000080.jpg,n03888605
n0388860500000083.jpg,n03888605
n0388860500000085.jpg,n03888605
n0388860500000089.jpg,n03888605
n0388860500000092.jpg,n03888605
n0388860500000094.jpg,n03888605
n0388860500000098.jpg,n03888605
n0388860500000100.jpg,n03888605
n0388860500000102.jpg,n03888605
n0388860500000103.jpg,n03888605
n0388860500000104.jpg,n03888605
n0388860500000107.jpg,n03888605
n0388860500000108.jpg,n03888605
n0388860500000110.jpg,n03888605
n0388860500000113.jpg,n03888605
n0388860500000114.jpg,n03888605
n0388860500000116.jpg,n03888605
n0388860500000119.jpg,n03888605
n0388860500000120.jpg,n03888605
n0388860500000122.jpg,n03888605
n0388860500000123.jpg,n03888605
n0388860500000124.jpg,n03888605
n0388860500000125.jpg,n03888605
n0388860500000126.jpg,n03888605
n0388860500000127.jpg,n03888605
n0388860500000128.jpg,n03888605
n0388860500000138.jpg,n03888605
n0388860500000139.jpg,n03888605
n0388860500000140.jpg,n03888605
n0388860500000141.jpg,n03888605
n0388860500000144.jpg,n03888605
n0388860500000145.jpg,n03888605
n0388860500000149.jpg,n03888605
n0388860500000151.jpg,n03888605
n0388860500000152.jpg,n03888605
n0388860500000153.jpg,n03888605
n0388860500000155.jpg,n03888605
n0388860500000156.jpg,n03888605
n0388860500000157.jpg,n03888605
n0388860500000159.jpg,n03888605
n0388860500000164.jpg,n03888605
n0388860500000165.jpg,n03888605
n0388860500000170.jpg,n03888605
n0388860500000172.jpg,n03888605
n0388860500000173.jpg,n03888605
n0388860500000176.jpg,n03888605
n0388860500000180.jpg,n03888605
n0388860500000183.jpg,n03888605
n0388860500000184.jpg,n03888605
n0388860500000187.jpg,n03888605
n0388860500000188.jpg,n03888605
n0388860500000190.jpg,n03888605
n0388860500000191.jpg,n03888605
n0388860500000195.jpg,n03888605
n0388860500000196.jpg,n03888605
n0388860500000197.jpg,n03888605
n0388860500000199.jpg,n03888605
n0388860500000200.jpg,n03888605
n0388860500000202.jpg,n03888605
n0388860500000203.jpg,n03888605
n0388860500000204.jpg,n03888605
n0388860500000208.jpg,n03888605
n0388860500000209.jpg,n03888605
n0388860500000210.jpg,n03888605
n0388860500000211.jpg,n03888605
n0388860500000214.jpg,n03888605
n0388860500000215.jpg,n03888605
n0388860500000216.jpg,n03888605
n0388860500000218.jpg,n03888605
n0388860500000219.jpg,n03888605
n0388860500000220.jpg,n03888605
n0388860500000221.jpg,n03888605
n0388860500000222.jpg,n03888605
n0388860500000226.jpg,n03888605
n0388860500000228.jpg,n03888605
n0388860500000230.jpg,n03888605
n0388860500000233.jpg,n03888605
n0388860500000235.jpg,n03888605
n0388860500000236.jpg,n03888605
n0388860500000238.jpg,n03888605
n0388860500000239.jpg,n03888605
n0388860500000242.jpg,n03888605
n0388860500000246.jpg,n03888605
n0388860500000247.jpg,n03888605
n0388860500000248.jpg,n03888605
n0388860500000250.jpg,n03888605
n0388860500000252.jpg,n03888605
n0388860500000253.jpg,n03888605
n0388860500000254.jpg,n03888605
n0388860500000259.jpg,n03888605
n0388860500000261.jpg,n03888605
n0388860500000264.jpg,n03888605
n0388860500000265.jpg,n03888605
n0388860500000266.jpg,n03888605
n0388860500000272.jpg,n03888605
n0388860500000273.jpg,n03888605
n0388860500000275.jpg,n03888605
n0388860500000276.jpg,n03888605
n0388860500000277.jpg,n03888605
n0388860500000278.jpg,n03888605
n0388860500000279.jpg,n03888605
n0388860500000282.jpg,n03888605
n0388860500000288.jpg,n03888605
n0388860500000290.jpg,n03888605
n0388860500000293.jpg,n03888605
n0388860500000296.jpg,n03888605
n0388860500000297.jpg,n03888605
n0388860500000299.jpg,n03888605
n0388860500000300.jpg,n03888605
n0388860500000301.jpg,n03888605
n0388860500000305.jpg,n03888605
n0388860500000311.jpg,n03888605
n0388860500000314.jpg,n03888605
n0388860500000315.jpg,n03888605
n0388860500000316.jpg,n03888605
n0388860500000317.jpg,n03888605
n0388860500000318.jpg,n03888605
n0388860500000321.jpg,n03888605
n0388860500000322.jpg,n03888605
n0388860500000323.jpg,n03888605
n0388860500000324.jpg,n03888605
n0388860500000325.jpg,n03888605
n0388860500000327.jpg,n03888605
n0388860500000329.jpg,n03888605
n0388860500000331.jpg,n03888605
n0388860500000332.jpg,n03888605
n0388860500000338.jpg,n03888605
n0388860500000340.jpg,n03888605
n0388860500000345.jpg,n03888605
n0388860500000346.jpg,n03888605
n0388860500000350.jpg,n03888605
n0388860500000351.jpg,n03888605
n0388860500000353.jpg,n03888605
n0388860500000354.jpg,n03888605
n0388860500000357.jpg,n03888605
n0388860500000358.jpg,n03888605
n0388860500000359.jpg,n03888605
n0388860500000360.jpg,n03888605
n0388860500000363.jpg,n03888605
n0388860500000365.jpg,n03888605
n0388860500000366.jpg,n03888605
n0388860500000369.jpg,n03888605
n0388860500000372.jpg,n03888605
n0388860500000373.jpg,n03888605
n0388860500000377.jpg,n03888605
n0388860500000378.jpg,n03888605
n0388860500000379.jpg,n03888605
n0388860500000384.jpg,n03888605
n0388860500000385.jpg,n03888605
n0388860500000388.jpg,n03888605
n0388860500000391.jpg,n03888605
n0388860500000397.jpg,n03888605
n0388860500000401.jpg,n03888605
n0388860500000403.jpg,n03888605
n0388860500000404.jpg,n03888605
n0388860500000405.jpg,n03888605
n0388860500000406.jpg,n03888605
n0388860500000408.jpg,n03888605
n0388860500000409.jpg,n03888605
n0388860500000410.jpg,n03888605
n0388860500000413.jpg,n03888605
n0388860500000415.jpg,n03888605
n0388860500000416.jpg,n03888605
n0388860500000417.jpg,n03888605
n0388860500000419.jpg,n03888605
n0388860500000420.jpg,n03888605
n0388860500000421.jpg,n03888605
n0388860500000423.jpg,n03888605
n0388860500000424.jpg,n03888605
n0388860500000427.jpg,n03888605
n0388860500000429.jpg,n03888605
n0388860500000430.jpg,n03888605
n0388860500000432.jpg,n03888605
n0388860500000436.jpg,n03888605
n0388860500000437.jpg,n03888605
n0388860500000438.jpg,n03888605
n0388860500000439.jpg,n03888605
n0388860500000440.jpg,n03888605
n0388860500000448.jpg,n03888605
n0388860500000449.jpg,n03888605
n0388860500000452.jpg,n03888605
n0388860500000455.jpg,n03888605
n0388860500000456.jpg,n03888605
n0388860500000457.jpg,n03888605
n0388860500000458.jpg,n03888605
n0388860500000463.jpg,n03888605
n0388860500000464.jpg,n03888605
n0388860500000470.jpg,n03888605
n0388860500000471.jpg,n03888605
n0388860500000473.jpg,n03888605
n0388860500000476.jpg,n03888605
n0388860500000478.jpg,n03888605
n0388860500000481.jpg,n03888605
n0388860500000485.jpg,n03888605
n0388860500000486.jpg,n03888605
n0388860500000487.jpg,n03888605
n0388860500000488.jpg,n03888605
n0388860500000489.jpg,n03888605
n0388860500000493.jpg,n03888605
n0388860500000495.jpg,n03888605
n0388860500000497.jpg,n03888605
n0388860500000498.jpg,n03888605
n0388860500000501.jpg,n03888605
n0388860500000503.jpg,n03888605
n0388860500000506.jpg,n03888605
n0388860500000511.jpg,n03888605
n0388860500000513.jpg,n03888605
n0388860500000515.jpg,n03888605
n0388860500000516.jpg,n03888605
n0388860500000517.jpg,n03888605
n0388860500000521.jpg,n03888605
n0388860500000522.jpg,n03888605
n0388860500000523.jpg,n03888605
n0388860500000529.jpg,n03888605
n0388860500000530.jpg,n03888605
n0388860500000532.jpg,n03888605
n0388860500000533.jpg,n03888605
n0388860500000534.jpg,n03888605
n0388860500000535.jpg,n03888605
n0388860500000542.jpg,n03888605
n0388860500000545.jpg,n03888605
n0388860500000547.jpg,n03888605
n0388860500000549.jpg,n03888605
n0388860500000552.jpg,n03888605
n0388860500000553.jpg,n03888605
n0388860500000556.jpg,n03888605
n0388860500000560.jpg,n03888605
n0388860500000561.jpg,n03888605
n0388860500000562.jpg,n03888605
n0388860500000563.jpg,n03888605
n0388860500000565.jpg,n03888605
n0388860500000567.jpg,n03888605
n0388860500000570.jpg,n03888605
n0388860500000571.jpg,n03888605
n0388860500000573.jpg,n03888605
n0388860500000576.jpg,n03888605
n0388860500000577.jpg,n03888605
n0388860500000580.jpg,n03888605
n0388860500000585.jpg,n03888605
n0388860500000586.jpg,n03888605
n0388860500000588.jpg,n03888605
n0388860500000589.jpg,n03888605
n0388860500000590.jpg,n03888605
n0388860500000592.jpg,n03888605
n0388860500000593.jpg,n03888605
n0388860500000594.jpg,n03888605
n0388860500000595.jpg,n03888605
n0388860500000596.jpg,n03888605
n0388860500000597.jpg,n03888605
n0388860500000598.jpg,n03888605
n0388860500000599.jpg,n03888605
n0388860500000601.jpg,n03888605
n0388860500000602.jpg,n03888605
n0388860500000604.jpg,n03888605
n0388860500000605.jpg,n03888605
n0388860500000609.jpg,n03888605
n0388860500000612.jpg,n03888605
n0388860500000613.jpg,n03888605
n0388860500000614.jpg,n03888605
n0388860500000616.jpg,n03888605
n0388860500000617.jpg,n03888605
n0388860500000618.jpg,n03888605
n0388860500000620.jpg,n03888605
n0388860500000622.jpg,n03888605
n0388860500000623.jpg,n03888605
n0388860500000629.jpg,n03888605
n0388860500000638.jpg,n03888605
n0388860500000640.jpg,n03888605
n0388860500000642.jpg,n03888605
n0388860500000646.jpg,n03888605
n0388860500000648.jpg,n03888605
n0388860500000651.jpg,n03888605
n0388860500000652.jpg,n03888605
n0388860500000653.jpg,n03888605
n0388860500000654.jpg,n03888605
n0388860500000660.jpg,n03888605
n0388860500000661.jpg,n03888605
n0388860500000663.jpg,n03888605
n0388860500000665.jpg,n03888605
n0388860500000667.jpg,n03888605
n0388860500000669.jpg,n03888605
n0388860500000670.jpg,n03888605
n0388860500000671.jpg,n03888605
n0388860500000672.jpg,n03888605
n0388860500000673.jpg,n03888605
n0388860500000675.jpg,n03888605
n0388860500000677.jpg,n03888605
n0388860500000678.jpg,n03888605
n0388860500000686.jpg,n03888605
n0388860500000687.jpg,n03888605
n0388860500000691.jpg,n03888605
n0388860500000692.jpg,n03888605
n0388860500000693.jpg,n03888605
n0388860500000695.jpg,n03888605
n0388860500000696.jpg,n03888605
n0388860500000697.jpg,n03888605
n0388860500000700.jpg,n03888605
n0388860500000702.jpg,n03888605
n0388860500000703.jpg,n03888605
n0388860500000704.jpg,n03888605
n0388860500000707.jpg,n03888605
n0388860500000708.jpg,n03888605
n0388860500000709.jpg,n03888605
n0388860500000710.jpg,n03888605
n0388860500000718.jpg,n03888605
n0388860500000722.jpg,n03888605
n0388860500000723.jpg,n03888605
n0388860500000728.jpg,n03888605
n0388860500000730.jpg,n03888605
n0388860500000732.jpg,n03888605
n0388860500000733.jpg,n03888605
n0388860500000734.jpg,n03888605
n0388860500000735.jpg,n03888605
n0388860500000738.jpg,n03888605
n0388860500000739.jpg,n03888605
n0388860500000740.jpg,n03888605
n0388860500000741.jpg,n03888605
n0388860500000742.jpg,n03888605
n0388860500000744.jpg,n03888605
n0388860500000745.jpg,n03888605
n0388860500000748.jpg,n03888605
n0388860500000749.jpg,n03888605
n0388860500000751.jpg,n03888605
n0388860500000754.jpg,n03888605
n0388860500000755.jpg,n03888605
n0388860500000756.jpg,n03888605
n0388860500000757.jpg,n03888605
n0388860500000759.jpg,n03888605
n0388860500000762.jpg,n03888605
n0388860500000764.jpg,n03888605
n0388860500000767.jpg,n03888605
n0388860500000768.jpg,n03888605
n0388860500000770.jpg,n03888605
n0388860500000771.jpg,n03888605
n0388860500000777.jpg,n03888605
n0388860500000781.jpg,n03888605
n0388860500000783.jpg,n03888605
n0388860500000785.jpg,n03888605
n0388860500000791.jpg,n03888605
n0388860500000792.jpg,n03888605
n0388860500000794.jpg,n03888605
n0388860500000795.jpg,n03888605
n0388860500000796.jpg,n03888605
n0388860500000797.jpg,n03888605
n0388860500000798.jpg,n03888605
n0388860500000800.jpg,n03888605
n0388860500000802.jpg,n03888605
n0388860500000803.jpg,n03888605
n0388860500000806.jpg,n03888605
n0388860500000807.jpg,n03888605
n0388860500000812.jpg,n03888605
n0388860500000813.jpg,n03888605
n0388860500000814.jpg,n03888605
n0388860500000815.jpg,n03888605
n0388860500000816.jpg,n03888605
n0388860500000817.jpg,n03888605
n0388860500000819.jpg,n03888605
n0388860500000822.jpg,n03888605
n0388860500000823.jpg,n03888605
n0388860500000824.jpg,n03888605
n0388860500000825.jpg,n03888605
n0388860500000830.jpg,n03888605
n0388860500000833.jpg,n03888605
n0388860500000841.jpg,n03888605
n0388860500000843.jpg,n03888605
n0388860500000846.jpg,n03888605
n0388860500000847.jpg,n03888605
n0388860500000850.jpg,n03888605
n0388860500000851.jpg,n03888605
n0388860500000853.jpg,n03888605
n0388860500000854.jpg,n03888605
n0388860500000855.jpg,n03888605
n0388860500000859.jpg,n03888605
n0388860500000861.jpg,n03888605
n0388860500000866.jpg,n03888605
n0388860500000867.jpg,n03888605
n0388860500000868.jpg,n03888605
n0388860500000869.jpg,n03888605
n0388860500000872.jpg,n03888605
n0388860500000875.jpg,n03888605
n0388860500000876.jpg,n03888605
n0388860500000879.jpg,n03888605
n0388860500000882.jpg,n03888605
n0388860500000886.jpg,n03888605
n0388860500000887.jpg,n03888605
n0388860500000888.jpg,n03888605
n0388860500000891.jpg,n03888605
n0388860500000893.jpg,n03888605
n0388860500000896.jpg,n03888605
n0388860500000898.jpg,n03888605
n0388860500000902.jpg,n03888605
n0388860500000903.jpg,n03888605
n0388860500000904.jpg,n03888605
n0388860500000906.jpg,n03888605
n0388860500000907.jpg,n03888605
n0388860500000909.jpg,n03888605
n0388860500000910.jpg,n03888605
n0388860500000911.jpg,n03888605
n0388860500000913.jpg,n03888605
n0388860500000915.jpg,n03888605
n0388860500000918.jpg,n03888605
n0388860500000919.jpg,n03888605
n0388860500000922.jpg,n03888605
n0388860500000928.jpg,n03888605
n0388860500000929.jpg,n03888605
n0388860500000931.jpg,n03888605
n0388860500000933.jpg,n03888605
n0388860500000934.jpg,n03888605
n0388860500000938.jpg,n03888605
n0388860500000940.jpg,n03888605
n0388860500000942.jpg,n03888605
n0388860500000943.jpg,n03888605
n0388860500000945.jpg,n03888605
n0388860500000946.jpg,n03888605
n0388860500000953.jpg,n03888605
n0388860500000956.jpg,n03888605
n0388860500000958.jpg,n03888605
n0388860500000959.jpg,n03888605
n0388860500000960.jpg,n03888605
n0388860500000961.jpg,n03888605
n0388860500000962.jpg,n03888605
n0388860500000963.jpg,n03888605
n0388860500000965.jpg,n03888605
n0388860500000973.jpg,n03888605
n0388860500000975.jpg,n03888605
n0388860500000980.jpg,n03888605
n0388860500000981.jpg,n03888605
n0388860500000982.jpg,n03888605
n0388860500000984.jpg,n03888605
n0388860500000986.jpg,n03888605
n0388860500000987.jpg,n03888605
n0388860500000989.jpg,n03888605
n0388860500000991.jpg,n03888605
n0388860500000993.jpg,n03888605
n0388860500000994.jpg,n03888605
n0388860500000999.jpg,n03888605
n0388860500001000.jpg,n03888605
n0388860500001005.jpg,n03888605
n0388860500001006.jpg,n03888605
n0388860500001007.jpg,n03888605
n0388860500001009.jpg,n03888605
n0388860500001011.jpg,n03888605
n0388860500001012.jpg,n03888605
n0388860500001013.jpg,n03888605
n0388860500001015.jpg,n03888605
n0388860500001017.jpg,n03888605
n0388860500001018.jpg,n03888605
n0388860500001020.jpg,n03888605
n0388860500001021.jpg,n03888605
n0388860500001023.jpg,n03888605
n0388860500001029.jpg,n03888605
n0388860500001034.jpg,n03888605
n0388860500001035.jpg,n03888605
n0388860500001036.jpg,n03888605
n0388860500001037.jpg,n03888605
n0388860500001038.jpg,n03888605
n0388860500001039.jpg,n03888605
n0388860500001040.jpg,n03888605
n0388860500001041.jpg,n03888605
n0388860500001046.jpg,n03888605
n0388860500001047.jpg,n03888605
n0388860500001048.jpg,n03888605
n0388860500001051.jpg,n03888605
n0388860500001052.jpg,n03888605
n0388860500001055.jpg,n03888605
n0388860500001056.jpg,n03888605
n0388860500001061.jpg,n03888605
n0388860500001062.jpg,n03888605
n0388860500001063.jpg,n03888605
n0388860500001066.jpg,n03888605
n0388860500001067.jpg,n03888605
n0388860500001070.jpg,n03888605
n0388860500001072.jpg,n03888605
n0388860500001075.jpg,n03888605
n0388860500001080.jpg,n03888605
n0388860500001082.jpg,n03888605
n0388860500001084.jpg,n03888605
n0388860500001086.jpg,n03888605
n0388860500001087.jpg,n03888605
n0388860500001088.jpg,n03888605
n0388860500001090.jpg,n03888605
n0388860500001093.jpg,n03888605
n0388860500001095.jpg,n03888605
n0388860500001103.jpg,n03888605
n0388860500001107.jpg,n03888605
n0388860500001108.jpg,n03888605
n0388860500001110.jpg,n03888605
n0388860500001111.jpg,n03888605
n0388860500001112.jpg,n03888605
n0388860500001113.jpg,n03888605
n0388860500001115.jpg,n03888605
n0388860500001116.jpg,n03888605
n0388860500001117.jpg,n03888605
n0388860500001119.jpg,n03888605
n0388860500001120.jpg,n03888605
n0388860500001123.jpg,n03888605
n0388860500001124.jpg,n03888605
n0388860500001129.jpg,n03888605
n0388860500001130.jpg,n03888605
n0388860500001131.jpg,n03888605
n0388860500001135.jpg,n03888605
n0388860500001137.jpg,n03888605
n0388860500001139.jpg,n03888605
n0388860500001147.jpg,n03888605
n0388860500001149.jpg,n03888605
n0388860500001152.jpg,n03888605
n0388860500001153.jpg,n03888605
n0388860500001157.jpg,n03888605
n0388860500001159.jpg,n03888605
n0388860500001165.jpg,n03888605
n0388860500001178.jpg,n03888605
n0388860500001180.jpg,n03888605
n0388860500001181.jpg,n03888605
n0388860500001182.jpg,n03888605
n0388860500001183.jpg,n03888605
n0388860500001184.jpg,n03888605
n0388860500001186.jpg,n03888605
n0388860500001189.jpg,n03888605
n0388860500001190.jpg,n03888605
n0388860500001191.jpg,n03888605
n0388860500001195.jpg,n03888605
n0388860500001197.jpg,n03888605
n0388860500001199.jpg,n03888605
n0388860500001201.jpg,n03888605
n0388860500001202.jpg,n03888605
n0388860500001207.jpg,n03888605
n0388860500001208.jpg,n03888605
n0388860500001209.jpg,n03888605
n0388860500001211.jpg,n03888605
n0388860500001214.jpg,n03888605
n0388860500001219.jpg,n03888605
n0388860500001221.jpg,n03888605
n0388860500001223.jpg,n03888605
n0388860500001224.jpg,n03888605
n0388860500001227.jpg,n03888605
n0388860500001229.jpg,n03888605
n0388860500001232.jpg,n03888605
n0388860500001235.jpg,n03888605
n0388860500001237.jpg,n03888605
n0388860500001238.jpg,n03888605
n0388860500001239.jpg,n03888605
n0388860500001243.jpg,n03888605
n0388860500001244.jpg,n03888605
n0388860500001245.jpg,n03888605
n0388860500001247.jpg,n03888605
n0388860500001248.jpg,n03888605
n0388860500001251.jpg,n03888605
n0388860500001254.jpg,n03888605
n0388860500001261.jpg,n03888605
n0388860500001263.jpg,n03888605
n0388860500001267.jpg,n03888605
n0388860500001269.jpg,n03888605
n0388860500001271.jpg,n03888605
n0388860500001272.jpg,n03888605
n0388860500001273.jpg,n03888605
n0388860500001274.jpg,n03888605
n0388860500001275.jpg,n03888605
n0388860500001277.jpg,n03888605
n0388860500001282.jpg,n03888605
n0388860500001284.jpg,n03888605
n0388860500001285.jpg,n03888605
n0388860500001287.jpg,n03888605
n0388860500001288.jpg,n03888605
n0388860500001289.jpg,n03888605
n0388860500001291.jpg,n03888605
n0388860500001297.jpg,n03888605
n0388860500001300.jpg,n03888605
n0210550500000001.jpg,n02105505
n0210550500000002.jpg,n02105505
n0210550500000003.jpg,n02105505
n0210550500000007.jpg,n02105505
n0210550500000008.jpg,n02105505
n0210550500000009.jpg,n02105505
n0210550500000010.jpg,n02105505
n0210550500000017.jpg,n02105505
n0210550500000018.jpg,n02105505
n0210550500000019.jpg,n02105505
n0210550500000021.jpg,n02105505
n0210550500000022.jpg,n02105505
n0210550500000024.jpg,n02105505
n0210550500000029.jpg,n02105505
n0210550500000040.jpg,n02105505
n0210550500000041.jpg,n02105505
n0210550500000042.jpg,n02105505
n0210550500000043.jpg,n02105505
n0210550500000046.jpg,n02105505
n0210550500000047.jpg,n02105505
n0210550500000048.jpg,n02105505
n0210550500000051.jpg,n02105505
n0210550500000052.jpg,n02105505
n0210550500000053.jpg,n02105505
n0210550500000054.jpg,n02105505
n0210550500000057.jpg,n02105505
n0210550500000059.jpg,n02105505
n0210550500000061.jpg,n02105505
n0210550500000062.jpg,n02105505
n0210550500000064.jpg,n02105505
n0210550500000065.jpg,n02105505
n0210550500000067.jpg,n02105505
n0210550500000068.jpg,n02105505
n0210550500000070.jpg,n02105505
n0210550500000073.jpg,n02105505
n0210550500000075.jpg,n02105505
n0210550500000079.jpg,n02105505
n0210550500000083.jpg,n02105505
n0210550500000084.jpg,n02105505
n0210550500000087.jpg,n02105505
n0210550500000089.jpg,n02105505
n0210550500000090.jpg,n02105505
n0210550500000092.jpg,n02105505
n0210550500000093.jpg,n02105505
n0210550500000094.jpg,n02105505
n0210550500000096.jpg,n02105505
n0210550500000098.jpg,n02105505
n0210550500000099.jpg,n02105505
n0210550500000100.jpg,n02105505
n0210550500000104.jpg,n02105505
n0210550500000105.jpg,n02105505
n0210550500000107.jpg,n02105505
n0210550500000111.jpg,n02105505
n0210550500000112.jpg,n02105505
n0210550500000114.jpg,n02105505
n0210550500000115.jpg,n02105505
n0210550500000116.jpg,n02105505
n0210550500000117.jpg,n02105505
n0210550500000118.jpg,n02105505
n0210550500000122.jpg,n02105505
n0210550500000124.jpg,n02105505
n0210550500000125.jpg,n02105505
n0210550500000127.jpg,n02105505
n0210550500000128.jpg,n02105505
n0210550500000129.jpg,n02105505
n0210550500000130.jpg,n02105505
n0210550500000131.jpg,n02105505
n0210550500000134.jpg,n02105505
n0210550500000137.jpg,n02105505
n0210550500000138.jpg,n02105505
n0210550500000139.jpg,n02105505
n0210550500000140.jpg,n02105505
n0210550500000141.jpg,n02105505
n0210550500000142.jpg,n02105505
n0210550500000146.jpg,n02105505
n0210550500000148.jpg,n02105505
n0210550500000151.jpg,n02105505
n0210550500000152.jpg,n02105505
n0210550500000155.jpg,n02105505
n0210550500000159.jpg,n02105505
n0210550500000160.jpg,n02105505
n0210550500000164.jpg,n02105505
n0210550500000166.jpg,n02105505
n0210550500000168.jpg,n02105505
n0210550500000169.jpg,n02105505
n0210550500000171.jpg,n02105505
n0210550500000172.jpg,n02105505
n0210550500000173.jpg,n02105505
n0210550500000174.jpg,n02105505
n0210550500000175.jpg,n02105505
n0210550500000176.jpg,n02105505
n0210550500000178.jpg,n02105505
n0210550500000179.jpg,n02105505
n0210550500000180.jpg,n02105505
n0210550500000181.jpg,n02105505
n0210550500000182.jpg,n02105505
n0210550500000183.jpg,n02105505
n0210550500000184.jpg,n02105505
n0210550500000185.jpg,n02105505
n0210550500000186.jpg,n02105505
n0210550500000188.jpg,n02105505
n0210550500000192.jpg,n02105505
n0210550500000193.jpg,n02105505
n0210550500000194.jpg,n02105505
n0210550500000195.jpg,n02105505
n0210550500000198.jpg,n02105505
n0210550500000204.jpg,n02105505
n0210550500000205.jpg,n02105505
n0210550500000206.jpg,n02105505
n0210550500000209.jpg,n02105505
n0210550500000217.jpg,n02105505
n0210550500000218.jpg,n02105505
n0210550500000223.jpg,n02105505
n0210550500000224.jpg,n02105505
n0210550500000225.jpg,n02105505
n0210550500000230.jpg,n02105505
n0210550500000234.jpg,n02105505
n0210550500000237.jpg,n02105505
n0210550500000238.jpg,n02105505
n0210550500000240.jpg,n02105505
n0210550500000241.jpg,n02105505
n0210550500000244.jpg,n02105505
n0210550500000245.jpg,n02105505
n0210550500000246.jpg,n02105505
n0210550500000247.jpg,n02105505
n0210550500000248.jpg,n02105505
n0210550500000250.jpg,n02105505
n0210550500000252.jpg,n02105505
n0210550500000257.jpg,n02105505
n0210550500000260.jpg,n02105505
n0210550500000262.jpg,n02105505
n0210550500000264.jpg,n02105505
n0210550500000267.jpg,n02105505
n0210550500000270.jpg,n02105505
n0210550500000274.jpg,n02105505
n0210550500000278.jpg,n02105505
n0210550500000280.jpg,n02105505
n0210550500000283.jpg,n02105505
n0210550500000287.jpg,n02105505
n0210550500000288.jpg,n02105505
n0210550500000290.jpg,n02105505
n0210550500000297.jpg,n02105505
n0210550500000298.jpg,n02105505
n0210550500000302.jpg,n02105505
n0210550500000311.jpg,n02105505
n0210550500000314.jpg,n02105505
n0210550500000318.jpg,n02105505
n0210550500000320.jpg,n02105505
n0210550500000324.jpg,n02105505
n0210550500000326.jpg,n02105505
n0210550500000327.jpg,n02105505
n0210550500000328.jpg,n02105505
n0210550500000329.jpg,n02105505
n0210550500000331.jpg,n02105505
n0210550500000332.jpg,n02105505
n0210550500000336.jpg,n02105505
n0210550500000337.jpg,n02105505
n0210550500000344.jpg,n02105505
n0210550500000345.jpg,n02105505
n0210550500000347.jpg,n02105505
n0210550500000350.jpg,n02105505
n0210550500000352.jpg,n02105505
n0210550500000356.jpg,n02105505
n0210550500000360.jpg,n02105505
n0210550500000361.jpg,n02105505
n0210550500000365.jpg,n02105505
n0210550500000366.jpg,n02105505
n0210550500000369.jpg,n02105505
n0210550500000370.jpg,n02105505
n0210550500000372.jpg,n02105505
n0210550500000373.jpg,n02105505
n0210550500000374.jpg,n02105505
n0210550500000375.jpg,n02105505
n0210550500000376.jpg,n02105505
n0210550500000377.jpg,n02105505
n0210550500000378.jpg,n02105505
n0210550500000385.jpg,n02105505
n0210550500000388.jpg,n02105505
n0210550500000390.jpg,n02105505
n0210550500000391.jpg,n02105505
n0210550500000394.jpg,n02105505
n0210550500000395.jpg,n02105505
n0210550500000398.jpg,n02105505
n0210550500000399.jpg,n02105505
n0210550500000400.jpg,n02105505
n0210550500000401.jpg,n02105505
n0210550500000403.jpg,n02105505
n0210550500000405.jpg,n02105505
n0210550500000406.jpg,n02105505
n0210550500000409.jpg,n02105505
n0210550500000410.jpg,n02105505
n0210550500000420.jpg,n02105505
n0210550500000422.jpg,n02105505
n0210550500000423.jpg,n02105505
n0210550500000424.jpg,n02105505
n0210550500000425.jpg,n02105505
n0210550500000426.jpg,n02105505
n0210550500000427.jpg,n02105505
n0210550500000430.jpg,n02105505
n0210550500000431.jpg,n02105505
n0210550500000436.jpg,n02105505
n0210550500000437.jpg,n02105505
n0210550500000440.jpg,n02105505
n0210550500000441.jpg,n02105505
n0210550500000442.jpg,n02105505
n0210550500000443.jpg,n02105505
n0210550500000448.jpg,n02105505
n0210550500000450.jpg,n02105505
n0210550500000453.jpg,n02105505
n0210550500000455.jpg,n02105505
n0210550500000456.jpg,n02105505
n0210550500000458.jpg,n02105505
n0210550500000459.jpg,n02105505
n0210550500000461.jpg,n02105505
n0210550500000463.jpg,n02105505
n0210550500000464.jpg,n02105505
n0210550500000468.jpg,n02105505
n0210550500000470.jpg,n02105505
n0210550500000472.jpg,n02105505
n0210550500000474.jpg,n02105505
n0210550500000475.jpg,n02105505
n0210550500000477.jpg,n02105505
n0210550500000479.jpg,n02105505
n0210550500000482.jpg,n02105505
n0210550500000487.jpg,n02105505
n0210550500000489.jpg,n02105505
n0210550500000494.jpg,n02105505
n0210550500000495.jpg,n02105505
n0210550500000498.jpg,n02105505
n0210550500000501.jpg,n02105505
n0210550500000502.jpg,n02105505
n0210550500000503.jpg,n02105505
n0210550500000505.jpg,n02105505
n0210550500000506.jpg,n02105505
n0210550500000509.jpg,n02105505
n0210550500000510.jpg,n02105505
n0210550500000511.jpg,n02105505
n0210550500000513.jpg,n02105505
n0210550500000514.jpg,n02105505
n0210550500000515.jpg,n02105505
n0210550500000516.jpg,n02105505
n0210550500000521.jpg,n02105505
n0210550500000523.jpg,n02105505
n0210550500000528.jpg,n02105505
n0210550500000534.jpg,n02105505
n0210550500000536.jpg,n02105505
n0210550500000537.jpg,n02105505
n0210550500000539.jpg,n02105505
n0210550500000541.jpg,n02105505
n0210550500000543.jpg,n02105505
n0210550500000546.jpg,n02105505
n0210550500000547.jpg,n02105505
n0210550500000548.jpg,n02105505
n0210550500000549.jpg,n02105505
n0210550500000550.jpg,n02105505
n0210550500000553.jpg,n02105505
n0210550500000557.jpg,n02105505
n0210550500000559.jpg,n02105505
n0210550500000560.jpg,n02105505
n0210550500000562.jpg,n02105505
n0210550500000569.jpg,n02105505
n0210550500000573.jpg,n02105505
n0210550500000575.jpg,n02105505
n0210550500000579.jpg,n02105505
n0210550500000581.jpg,n02105505
n0210550500000582.jpg,n02105505
n0210550500000583.jpg,n02105505
n0210550500000594.jpg,n02105505
n0210550500000595.jpg,n02105505
n0210550500000596.jpg,n02105505
n0210550500000597.jpg,n02105505
n0210550500000598.jpg,n02105505
n0210550500000600.jpg,n02105505
n0210550500000602.jpg,n02105505
n0210550500000603.jpg,n02105505
n0210550500000604.jpg,n02105505
n0210550500000605.jpg,n02105505
n0210550500000606.jpg,n02105505
n0210550500000607.jpg,n02105505
n0210550500000608.jpg,n02105505
n0210550500000610.jpg,n02105505
n0210550500000611.jpg,n02105505
n0210550500000612.jpg,n02105505
n0210550500000613.jpg,n02105505
n0210550500000615.jpg,n02105505
n0210550500000619.jpg,n02105505
n0210550500000624.jpg,n02105505
n0210550500000625.jpg,n02105505
n0210550500000626.jpg,n02105505
n0210550500000628.jpg,n02105505
n0210550500000629.jpg,n02105505
n0210550500000630.jpg,n02105505
n0210550500000632.jpg,n02105505
n0210550500000642.jpg,n02105505
n0210550500000645.jpg,n02105505
n0210550500000647.jpg,n02105505
n0210550500000649.jpg,n02105505
n0210550500000650.jpg,n02105505
n0210550500000653.jpg,n02105505
n0210550500000659.jpg,n02105505
n0210550500000661.jpg,n02105505
n0210550500000663.jpg,n02105505
n0210550500000665.jpg,n02105505
n0210550500000672.jpg,n02105505
n0210550500000674.jpg,n02105505
n0210550500000677.jpg,n02105505
n0210550500000679.jpg,n02105505
n0210550500000680.jpg,n02105505
n0210550500000685.jpg,n02105505
n0210550500000688.jpg,n02105505
n0210550500000689.jpg,n02105505
n0210550500000694.jpg,n02105505
n0210550500000696.jpg,n02105505
n0210550500000697.jpg,n02105505
n0210550500000698.jpg,n02105505
n0210550500000701.jpg,n02105505
n0210550500000702.jpg,n02105505
n0210550500000704.jpg,n02105505
n0210550500000705.jpg,n02105505
n0210550500000707.jpg,n02105505
n0210550500000709.jpg,n02105505
n0210550500000712.jpg,n02105505
n0210550500000714.jpg,n02105505
n0210550500000715.jpg,n02105505
n0210550500000717.jpg,n02105505
n0210550500000718.jpg,n02105505
n0210550500000724.jpg,n02105505
n0210550500000726.jpg,n02105505
n0210550500000728.jpg,n02105505
n0210550500000730.jpg,n02105505
n0210550500000731.jpg,n02105505
n0210550500000732.jpg,n02105505
n0210550500000733.jpg,n02105505
n0210550500000735.jpg,n02105505
n0210550500000736.jpg,n02105505
n0210550500000739.jpg,n02105505
n0210550500000740.jpg,n02105505
n0210550500000742.jpg,n02105505
n0210550500000746.jpg,n02105505
n0210550500000747.jpg,n02105505
n0210550500000748.jpg,n02105505
n0210550500000749.jpg,n02105505
n0210550500000750.jpg,n02105505
n0210550500000756.jpg,n02105505
n0210550500000757.jpg,n02105505
n0210550500000759.jpg,n02105505
n0210550500000760.jpg,n02105505
n0210550500000761.jpg,n02105505
n0210550500000762.jpg,n02105505
n0210550500000764.jpg,n02105505
n0210550500000767.jpg,n02105505
n0210550500000768.jpg,n02105505
n0210550500000769.jpg,n02105505
n0210550500000771.jpg,n02105505
n0210550500000773.jpg,n02105505
n0210550500000774.jpg,n02105505
n0210550500000775.jpg,n02105505
n0210550500000777.jpg,n02105505
n0210550500000778.jpg,n02105505
n0210550500000780.jpg,n02105505
n0210550500000782.jpg,n02105505
n0210550500000783.jpg,n02105505
n0210550500000785.jpg,n02105505
n0210550500000791.jpg,n02105505
n0210550500000792.jpg,n02105505
n0210550500000793.jpg,n02105505
n0210550500000794.jpg,n02105505
n0210550500000796.jpg,n02105505
n0210550500000797.jpg,n02105505
n0210550500000798.jpg,n02105505
n0210550500000799.jpg,n02105505
n0210550500000800.jpg,n02105505
n0210550500000803.jpg,n02105505
n0210550500000806.jpg,n02105505
n0210550500000807.jpg,n02105505
n0210550500000808.jpg,n02105505
n0210550500000813.jpg,n02105505
n0210550500000818.jpg,n02105505
n0210550500000820.jpg,n02105505
n0210550500000821.jpg,n02105505
n0210550500000822.jpg,n02105505
n0210550500000826.jpg,n02105505
n0210550500000827.jpg,n02105505
n0210550500000829.jpg,n02105505
n0210550500000831.jpg,n02105505
n0210550500000834.jpg,n02105505
n0210550500000835.jpg,n02105505
n0210550500000839.jpg,n02105505
n0210550500000843.jpg,n02105505
n0210550500000844.jpg,n02105505
n0210550500000848.jpg,n02105505
n0210550500000849.jpg,n02105505
n0210550500000853.jpg,n02105505
n0210550500000859.jpg,n02105505
n0210550500000861.jpg,n02105505
n0210550500000862.jpg,n02105505
n0210550500000863.jpg,n02105505
n0210550500000864.jpg,n02105505
n0210550500000865.jpg,n02105505
n0210550500000870.jpg,n02105505
n0210550500000872.jpg,n02105505
n0210550500000876.jpg,n02105505
n0210550500000877.jpg,n02105505
n0210550500000879.jpg,n02105505
n0210550500000881.jpg,n02105505
n0210550500000884.jpg,n02105505
n0210550500000885.jpg,n02105505
n0210550500000886.jpg,n02105505
n0210550500000888.jpg,n02105505
n0210550500000890.jpg,n02105505
n0210550500000892.jpg,n02105505
n0210550500000893.jpg,n02105505
n0210550500000894.jpg,n02105505
n0210550500000896.jpg,n02105505
n0210550500000897.jpg,n02105505
n0210550500000902.jpg,n02105505
n0210550500000904.jpg,n02105505
n0210550500000905.jpg,n02105505
n0210550500000910.jpg,n02105505
n0210550500000911.jpg,n02105505
n0210550500000916.jpg,n02105505
n0210550500000917.jpg,n02105505
n0210550500000918.jpg,n02105505
n0210550500000919.jpg,n02105505
n0210550500000920.jpg,n02105505
n0210550500000924.jpg,n02105505
n0210550500000925.jpg,n02105505
n0210550500000926.jpg,n02105505
n0210550500000927.jpg,n02105505
n0210550500000931.jpg,n02105505
n0210550500000932.jpg,n02105505
n0210550500000933.jpg,n02105505
n0210550500000935.jpg,n02105505
n0210550500000936.jpg,n02105505
n0210550500000937.jpg,n02105505
n0210550500000941.jpg,n02105505
n0210550500000946.jpg,n02105505
n0210550500000947.jpg,n02105505
n0210550500000948.jpg,n02105505
n0210550500000950.jpg,n02105505
n0210550500000951.jpg,n02105505
n0210550500000953.jpg,n02105505
n0210550500000956.jpg,n02105505
n0210550500000957.jpg,n02105505
n0210550500000958.jpg,n02105505
n0210550500000959.jpg,n02105505
n0210550500000960.jpg,n02105505
n0210550500000962.jpg,n02105505
n0210550500000964.jpg,n02105505
n0210550500000966.jpg,n02105505
n0210550500000968.jpg,n02105505
n0210550500000974.jpg,n02105505
n0210550500000976.jpg,n02105505
n0210550500000977.jpg,n02105505
n0210550500000978.jpg,n02105505
n0210550500000979.jpg,n02105505
n0210550500000980.jpg,n02105505
n0210550500000985.jpg,n02105505
n0210550500000987.jpg,n02105505
n0210550500000988.jpg,n02105505
n0210550500000989.jpg,n02105505
n0210550500000992.jpg,n02105505
n0210550500000995.jpg,n02105505
n0210550500000997.jpg,n02105505
n0210550500000999.jpg,n02105505
n0210550500001001.jpg,n02105505
n0210550500001002.jpg,n02105505
n0210550500001003.jpg,n02105505
n0210550500001004.jpg,n02105505
n0210550500001006.jpg,n02105505
n0210550500001007.jpg,n02105505
n0210550500001009.jpg,n02105505
n0210550500001012.jpg,n02105505
n0210550500001013.jpg,n02105505
n0210550500001015.jpg,n02105505
n0210550500001016.jpg,n02105505
n0210550500001017.jpg,n02105505
n0210550500001019.jpg,n02105505
n0210550500001020.jpg,n02105505
n0210550500001021.jpg,n02105505
n0210550500001022.jpg,n02105505
n0210550500001023.jpg,n02105505
n0210550500001024.jpg,n02105505
n0210550500001027.jpg,n02105505
n0210550500001028.jpg,n02105505
n0210550500001029.jpg,n02105505
n0210550500001037.jpg,n02105505
n0210550500001038.jpg,n02105505
n0210550500001039.jpg,n02105505
n0210550500001040.jpg,n02105505
n0210550500001041.jpg,n02105505
n0210550500001046.jpg,n02105505
n0210550500001048.jpg,n02105505
n0210550500001050.jpg,n02105505
n0210550500001053.jpg,n02105505
n0210550500001054.jpg,n02105505
n0210550500001055.jpg,n02105505
n0210550500001057.jpg,n02105505
n0210550500001060.jpg,n02105505
n0210550500001063.jpg,n02105505
n0210550500001064.jpg,n02105505
n0210550500001067.jpg,n02105505
n0210550500001073.jpg,n02105505
n0210550500001074.jpg,n02105505
n0210550500001077.jpg,n02105505
n0210550500001080.jpg,n02105505
n0210550500001082.jpg,n02105505
n0210550500001084.jpg,n02105505
n0210550500001087.jpg,n02105505
n0210550500001089.jpg,n02105505
n0210550500001090.jpg,n02105505
n0210550500001095.jpg,n02105505
n0210550500001096.jpg,n02105505
n0210550500001097.jpg,n02105505
n0210550500001104.jpg,n02105505
n0210550500001106.jpg,n02105505
n0210550500001107.jpg,n02105505
n0210550500001109.jpg,n02105505
n0210550500001110.jpg,n02105505
n0210550500001111.jpg,n02105505
n0210550500001112.jpg,n02105505
n0210550500001117.jpg,n02105505
n0210550500001119.jpg,n02105505
n0210550500001121.jpg,n02105505
n0210550500001129.jpg,n02105505
n0210550500001130.jpg,n02105505
n0210550500001133.jpg,n02105505
n0210550500001135.jpg,n02105505
n0210550500001137.jpg,n02105505
n0210550500001138.jpg,n02105505
n0210550500001141.jpg,n02105505
n0210550500001144.jpg,n02105505
n0210550500001145.jpg,n02105505
n0210550500001147.jpg,n02105505
n0210550500001149.jpg,n02105505
n0210550500001151.jpg,n02105505
n0210550500001153.jpg,n02105505
n0210550500001156.jpg,n02105505
n0210550500001158.jpg,n02105505
n0210550500001159.jpg,n02105505
n0210550500001162.jpg,n02105505
n0210550500001163.jpg,n02105505
n0210550500001166.jpg,n02105505
n0210550500001176.jpg,n02105505
n0210550500001179.jpg,n02105505
n0210550500001182.jpg,n02105505
n0210550500001185.jpg,n02105505
n0210550500001186.jpg,n02105505
n0210550500001188.jpg,n02105505
n0210550500001189.jpg,n02105505
n0210550500001193.jpg,n02105505
n0210550500001196.jpg,n02105505
n0210550500001200.jpg,n02105505
n0210550500001203.jpg,n02105505
n0210550500001205.jpg,n02105505
n0210550500001210.jpg,n02105505
n0210550500001211.jpg,n02105505
n0210550500001212.jpg,n02105505
n0210550500001216.jpg,n02105505
n0210550500001217.jpg,n02105505
n0210550500001220.jpg,n02105505
n0210550500001221.jpg,n02105505
n0210550500001222.jpg,n02105505
n0210550500001224.jpg,n02105505
n0210550500001227.jpg,n02105505
n0210550500001233.jpg,n02105505
n0210550500001234.jpg,n02105505
n0210550500001236.jpg,n02105505
n0210550500001237.jpg,n02105505
n0210550500001238.jpg,n02105505
n0210550500001239.jpg,n02105505
n0210550500001242.jpg,n02105505
n0210550500001244.jpg,n02105505
n0210550500001247.jpg,n02105505
n0210550500001251.jpg,n02105505
n0210550500001253.jpg,n02105505
n0210550500001255.jpg,n02105505
n0210550500001256.jpg,n02105505
n0210550500001257.jpg,n02105505
n0210550500001258.jpg,n02105505
n0210550500001259.jpg,n02105505
n0210550500001261.jpg,n02105505
n0210550500001262.jpg,n02105505
n0210550500001264.jpg,n02105505
n0210550500001267.jpg,n02105505
n0210550500001270.jpg,n02105505
n0210550500001273.jpg,n02105505
n0210550500001275.jpg,n02105505
n0210550500001277.jpg,n02105505
n0210550500001280.jpg,n02105505
n0210550500001281.jpg,n02105505
n0210550500001282.jpg,n02105505
n0210550500001283.jpg,n02105505
n0210550500001284.jpg,n02105505
n0210550500001286.jpg,n02105505
n0210550500001288.jpg,n02105505
n0210550500001296.jpg,n02105505
n0210550500001298.jpg,n02105505
n0210550500001299.jpg,n02105505
n0210550500001300.jpg,n02105505
n0210891500000002.jpg,n02108915
n0210891500000011.jpg,n02108915
n0210891500000014.jpg,n02108915
n0210891500000019.jpg,n02108915
n0210891500000020.jpg,n02108915
n0210891500000021.jpg,n02108915
n0210891500000025.jpg,n02108915
n0210891500000026.jpg,n02108915
n0210891500000027.jpg,n02108915
n0210891500000029.jpg,n02108915
n0210891500000032.jpg,n02108915
n0210891500000037.jpg,n02108915
n0210891500000041.jpg,n02108915
n0210891500000042.jpg,n02108915
n0210891500000044.jpg,n02108915
n0210891500000045.jpg,n02108915
n0210891500000049.jpg,n02108915
n0210891500000052.jpg,n02108915
n0210891500000053.jpg,n02108915
n0210891500000054.jpg,n02108915
n0210891500000055.jpg,n02108915
n0210891500000056.jpg,n02108915
n0210891500000058.jpg,n02108915
n0210891500000059.jpg,n02108915
n0210891500000060.jpg,n02108915
n0210891500000062.jpg,n02108915
n0210891500000063.jpg,n02108915
n0210891500000066.jpg,n02108915
n0210891500000068.jpg,n02108915
n0210891500000070.jpg,n02108915
n0210891500000071.jpg,n02108915
n0210891500000072.jpg,n02108915
n0210891500000075.jpg,n02108915
n0210891500000077.jpg,n02108915
n0210891500000079.jpg,n02108915
n0210891500000081.jpg,n02108915
n0210891500000082.jpg,n02108915
n0210891500000086.jpg,n02108915
n0210891500000089.jpg,n02108915
n0210891500000091.jpg,n02108915
n0210891500000092.jpg,n02108915
n0210891500000098.jpg,n02108915
n0210891500000099.jpg,n02108915
n0210891500000100.jpg,n02108915
n0210891500000101.jpg,n02108915
n0210891500000105.jpg,n02108915
n0210891500000110.jpg,n02108915
n0210891500000112.jpg,n02108915
n0210891500000113.jpg,n02108915
n0210891500000114.jpg,n02108915
n0210891500000117.jpg,n02108915
n0210891500000119.jpg,n02108915
n0210891500000120.jpg,n02108915
n0210891500000121.jpg,n02108915
n0210891500000126.jpg,n02108915
n0210891500000131.jpg,n02108915
n0210891500000132.jpg,n02108915
n0210891500000133.jpg,n02108915
n0210891500000136.jpg,n02108915
n0210891500000137.jpg,n02108915
n0210891500000140.jpg,n02108915
n0210891500000143.jpg,n02108915
n0210891500000144.jpg,n02108915
n0210891500000145.jpg,n02108915
n0210891500000146.jpg,n02108915
n0210891500000150.jpg,n02108915
n0210891500000154.jpg,n02108915
n0210891500000155.jpg,n02108915
n0210891500000157.jpg,n02108915
n0210891500000158.jpg,n02108915
n0210891500000159.jpg,n02108915
n0210891500000160.jpg,n02108915
n0210891500000163.jpg,n02108915
n0210891500000164.jpg,n02108915
n0210891500000166.jpg,n02108915
n0210891500000167.jpg,n02108915
n0210891500000168.jpg,n02108915
n0210891500000169.jpg,n02108915
n0210891500000172.jpg,n02108915
n0210891500000176.jpg,n02108915
n0210891500000177.jpg,n02108915
n0210891500000179.jpg,n02108915
n0210891500000180.jpg,n02108915
n0210891500000181.jpg,n02108915
n0210891500000186.jpg,n02108915
n0210891500000188.jpg,n02108915
n0210891500000190.jpg,n02108915
n0210891500000195.jpg,n02108915
n0210891500000197.jpg,n02108915
n0210891500000198.jpg,n02108915
n0210891500000200.jpg,n02108915
n0210891500000202.jpg,n02108915
n0210891500000203.jpg,n02108915
n0210891500000204.jpg,n02108915
n0210891500000205.jpg,n02108915
n0210891500000207.jpg,n02108915
n0210891500000209.jpg,n02108915
n0210891500000210.jpg,n02108915
n0210891500000214.jpg,n02108915
n0210891500000215.jpg,n02108915
n0210891500000225.jpg,n02108915
n0210891500000226.jpg,n02108915
n0210891500000229.jpg,n02108915
n0210891500000230.jpg,n02108915
n0210891500000232.jpg,n02108915
n0210891500000233.jpg,n02108915
n0210891500000237.jpg,n02108915
n0210891500000238.jpg,n02108915
n0210891500000240.jpg,n02108915
n0210891500000241.jpg,n02108915
n0210891500000246.jpg,n02108915
n0210891500000249.jpg,n02108915
n0210891500000252.jpg,n02108915
n0210891500000254.jpg,n02108915
n0210891500000258.jpg,n02108915
n0210891500000260.jpg,n02108915
n0210891500000262.jpg,n02108915
n0210891500000263.jpg,n02108915
n0210891500000265.jpg,n02108915
n0210891500000266.jpg,n02108915
n0210891500000270.jpg,n02108915
n0210891500000271.jpg,n02108915
n0210891500000272.jpg,n02108915
n0210891500000274.jpg,n02108915
n0210891500000275.jpg,n02108915
n0210891500000276.jpg,n02108915
n0210891500000277.jpg,n02108915
n0210891500000278.jpg,n02108915
n0210891500000280.jpg,n02108915
n0210891500000281.jpg,n02108915
n0210891500000283.jpg,n02108915
n0210891500000288.jpg,n02108915
n0210891500000289.jpg,n02108915
n0210891500000290.jpg,n02108915
n0210891500000296.jpg,n02108915
n0210891500000297.jpg,n02108915
n0210891500000301.jpg,n02108915
n0210891500000302.jpg,n02108915
n0210891500000303.jpg,n02108915
n0210891500000306.jpg,n02108915
n0210891500000308.jpg,n02108915
n0210891500000310.jpg,n02108915
n0210891500000311.jpg,n02108915
n0210891500000314.jpg,n02108915
n0210891500000315.jpg,n02108915
n0210891500000317.jpg,n02108915
n0210891500000319.jpg,n02108915
n0210891500000325.jpg,n02108915
n0210891500000328.jpg,n02108915
n0210891500000329.jpg,n02108915
n0210891500000330.jpg,n02108915
n0210891500000332.jpg,n02108915
n0210891500000333.jpg,n02108915
n0210891500000335.jpg,n02108915
n0210891500000336.jpg,n02108915
n0210891500000337.jpg,n02108915
n0210891500000343.jpg,n02108915
n0210891500000344.jpg,n02108915
n0210891500000345.jpg,n02108915
n0210891500000346.jpg,n02108915
n0210891500000347.jpg,n02108915
n0210891500000350.jpg,n02108915
n0210891500000351.jpg,n02108915
n0210891500000355.jpg,n02108915
n0210891500000360.jpg,n02108915
n0210891500000361.jpg,n02108915
n0210891500000362.jpg,n02108915
n0210891500000363.jpg,n02108915
n0210891500000364.jpg,n02108915
n0210891500000367.jpg,n02108915
n0210891500000369.jpg,n02108915
n0210891500000370.jpg,n02108915
n0210891500000371.jpg,n02108915
n0210891500000374.jpg,n02108915
n0210891500000375.jpg,n02108915
n0210891500000376.jpg,n02108915
n0210891500000385.jpg,n02108915
n0210891500000387.jpg,n02108915
n0210891500000389.jpg,n02108915
n0210891500000390.jpg,n02108915
n0210891500000391.jpg,n02108915
n0210891500000393.jpg,n02108915
n0210891500000396.jpg,n02108915
n0210891500000397.jpg,n02108915
n0210891500000399.jpg,n02108915
n0210891500000402.jpg,n02108915
n0210891500000405.jpg,n02108915
n0210891500000408.jpg,n02108915
n0210891500000410.jpg,n02108915
n0210891500000411.jpg,n02108915
n0210891500000412.jpg,n02108915
n0210891500000413.jpg,n02108915
n0210891500000414.jpg,n02108915
n0210891500000416.jpg,n02108915
n0210891500000417.jpg,n02108915
n0210891500000418.jpg,n02108915
n0210891500000422.jpg,n02108915
n0210891500000423.jpg,n02108915
n0210891500000428.jpg,n02108915
n0210891500000429.jpg,n02108915
n0210891500000433.jpg,n02108915
n0210891500000435.jpg,n02108915
n0210891500000436.jpg,n02108915
n0210891500000440.jpg,n02108915
n0210891500000443.jpg,n02108915
n0210891500000444.jpg,n02108915
n0210891500000446.jpg,n02108915
n0210891500000450.jpg,n02108915
n0210891500000453.jpg,n02108915
n0210891500000454.jpg,n02108915
n0210891500000457.jpg,n02108915
n0210891500000461.jpg,n02108915
n0210891500000463.jpg,n02108915
n0210891500000464.jpg,n02108915
n0210891500000466.jpg,n02108915
n0210891500000470.jpg,n02108915
n0210891500000471.jpg,n02108915
n0210891500000474.jpg,n02108915
n0210891500000476.jpg,n02108915
n0210891500000484.jpg,n02108915
n0210891500000486.jpg,n02108915
n0210891500000488.jpg,n02108915
n0210891500000491.jpg,n02108915
n0210891500000493.jpg,n02108915
n0210891500000496.jpg,n02108915
n0210891500000497.jpg,n02108915
n0210891500000499.jpg,n02108915
n0210891500000501.jpg,n02108915
n0210891500000502.jpg,n02108915
n0210891500000504.jpg,n02108915
n0210891500000507.jpg,n02108915
n0210891500000508.jpg,n02108915
n0210891500000512.jpg,n02108915
n0210891500000515.jpg,n02108915
n0210891500000516.jpg,n02108915
n0210891500000517.jpg,n02108915
n0210891500000521.jpg,n02108915
n0210891500000522.jpg,n02108915
n0210891500000523.jpg,n02108915
n0210891500000528.jpg,n02108915
n0210891500000530.jpg,n02108915
n0210891500000531.jpg,n02108915
n0210891500000533.jpg,n02108915
n0210891500000534.jpg,n02108915
n0210891500000535.jpg,n02108915
n0210891500000536.jpg,n02108915
n0210891500000538.jpg,n02108915
n0210891500000540.jpg,n02108915
n0210891500000541.jpg,n02108915
n0210891500000542.jpg,n02108915
n0210891500000543.jpg,n02108915
n0210891500000545.jpg,n02108915
n0210891500000546.jpg,n02108915
n0210891500000547.jpg,n02108915
n0210891500000548.jpg,n02108915
n0210891500000550.jpg,n02108915
n0210891500000551.jpg,n02108915
n0210891500000552.jpg,n02108915
n0210891500000559.jpg,n02108915
n0210891500000563.jpg,n02108915
n0210891500000564.jpg,n02108915
n0210891500000566.jpg,n02108915
n0210891500000568.jpg,n02108915
n0210891500000570.jpg,n02108915
n0210891500000571.jpg,n02108915
n0210891500000572.jpg,n02108915
n0210891500000574.jpg,n02108915
n0210891500000576.jpg,n02108915
n0210891500000577.jpg,n02108915
n0210891500000580.jpg,n02108915
n0210891500000582.jpg,n02108915
n0210891500000583.jpg,n02108915
n0210891500000584.jpg,n02108915
n0210891500000585.jpg,n02108915
n0210891500000587.jpg,n02108915
n0210891500000590.jpg,n02108915
n0210891500000591.jpg,n02108915
n0210891500000593.jpg,n02108915
n0210891500000596.jpg,n02108915
n0210891500000597.jpg,n02108915
n0210891500000598.jpg,n02108915
n0210891500000599.jpg,n02108915
n0210891500000601.jpg,n02108915
n0210891500000602.jpg,n02108915
n0210891500000604.jpg,n02108915
n0210891500000608.jpg,n02108915
n0210891500000609.jpg,n02108915
n0210891500000613.jpg,n02108915
n0210891500000614.jpg,n02108915
n0210891500000617.jpg,n02108915
n0210891500000618.jpg,n02108915
n0210891500000619.jpg,n02108915
n0210891500000620.jpg,n02108915
n0210891500000622.jpg,n02108915
n0210891500000624.jpg,n02108915
n0210891500000625.jpg,n02108915
n0210891500000626.jpg,n02108915
n0210891500000632.jpg,n02108915
n0210891500000633.jpg,n02108915
n0210891500000643.jpg,n02108915
n0210891500000644.jpg,n02108915
n0210891500000645.jpg,n02108915
n0210891500000646.jpg,n02108915
n0210891500000650.jpg,n02108915
n0210891500000651.jpg,n02108915
n0210891500000655.jpg,n02108915
n0210891500000656.jpg,n02108915
n0210891500000657.jpg,n02108915
n0210891500000661.jpg,n02108915
n0210891500000664.jpg,n02108915
n0210891500000667.jpg,n02108915
n0210891500000669.jpg,n02108915
n0210891500000670.jpg,n02108915
n0210891500000671.jpg,n02108915
n0210891500000672.jpg,n02108915
n0210891500000674.jpg,n02108915
n0210891500000676.jpg,n02108915
n0210891500000680.jpg,n02108915
n0210891500000683.jpg,n02108915
n0210891500000684.jpg,n02108915
n0210891500000688.jpg,n02108915
n0210891500000689.jpg,n02108915
n0210891500000693.jpg,n02108915
n0210891500000694.jpg,n02108915
n0210891500000696.jpg,n02108915
n0210891500000699.jpg,n02108915
n0210891500000702.jpg,n02108915
n0210891500000703.jpg,n02108915
n0210891500000706.jpg,n02108915
n0210891500000707.jpg,n02108915
n0210891500000713.jpg,n02108915
n0210891500000714.jpg,n02108915
n0210891500000715.jpg,n02108915
n0210891500000718.jpg,n02108915
n0210891500000720.jpg,n02108915
n0210891500000721.jpg,n02108915
n0210891500000723.jpg,n02108915
n0210891500000725.jpg,n02108915
n0210891500000727.jpg,n02108915
n0210891500000730.jpg,n02108915
n0210891500000735.jpg,n02108915
n0210891500000742.jpg,n02108915
n0210891500000743.jpg,n02108915
n0210891500000749.jpg,n02108915
n0210891500000750.jpg,n02108915
n0210891500000756.jpg,n02108915
n0210891500000759.jpg,n02108915
n0210891500000760.jpg,n02108915
n0210891500000761.jpg,n02108915
n0210891500000768.jpg,n02108915
n0210891500000771.jpg,n02108915
n0210891500000772.jpg,n02108915
n0210891500000774.jpg,n02108915
n0210891500000776.jpg,n02108915
n0210891500000777.jpg,n02108915
n0210891500000780.jpg,n02108915
n0210891500000781.jpg,n02108915
n0210891500000782.jpg,n02108915
n0210891500000783.jpg,n02108915
n0210891500000784.jpg,n02108915
n0210891500000785.jpg,n02108915
n0210891500000791.jpg,n02108915
n0210891500000793.jpg,n02108915
n0210891500000794.jpg,n02108915
n0210891500000796.jpg,n02108915
n0210891500000802.jpg,n02108915
n0210891500000803.jpg,n02108915
n0210891500000805.jpg,n02108915
n0210891500000807.jpg,n02108915
n0210891500000815.jpg,n02108915
n0210891500000817.jpg,n02108915
n0210891500000819.jpg,n02108915
n0210891500000821.jpg,n02108915
n0210891500000822.jpg,n02108915
n0210891500000823.jpg,n02108915
n0210891500000824.jpg,n02108915
n0210891500000827.jpg,n02108915
n0210891500000828.jpg,n02108915
n0210891500000829.jpg,n02108915
n0210891500000830.jpg,n02108915
n0210891500000835.jpg,n02108915
n0210891500000836.jpg,n02108915
n0210891500000837.jpg,n02108915
n0210891500000838.jpg,n02108915
n0210891500000839.jpg,n02108915
n0210891500000840.jpg,n02108915
n0210891500000842.jpg,n02108915
n0210891500000846.jpg,n02108915
n0210891500000847.jpg,n02108915
n0210891500000848.jpg,n02108915
n0210891500000850.jpg,n02108915
n0210891500000853.jpg,n02108915
n0210891500000854.jpg,n02108915
n0210891500000858.jpg,n02108915
n0210891500000859.jpg,n02108915
n0210891500000862.jpg,n02108915
n0210891500000863.jpg,n02108915
n0210891500000868.jpg,n02108915
n0210891500000870.jpg,n02108915
n0210891500000872.jpg,n02108915
n0210891500000874.jpg,n02108915
n0210891500000876.jpg,n02108915
n0210891500000877.jpg,n02108915
n0210891500000879.jpg,n02108915
n0210891500000880.jpg,n02108915
n0210891500000881.jpg,n02108915
n0210891500000882.jpg,n02108915
n0210891500000885.jpg,n02108915
n0210891500000886.jpg,n02108915
n0210891500000887.jpg,n02108915
n0210891500000892.jpg,n02108915
n0210891500000893.jpg,n02108915
n0210891500000894.jpg,n02108915
n0210891500000895.jpg,n02108915
n0210891500000896.jpg,n02108915
n0210891500000900.jpg,n02108915
n0210891500000901.jpg,n02108915
n0210891500000904.jpg,n02108915
n0210891500000905.jpg,n02108915
n0210891500000909.jpg,n02108915
n0210891500000913.jpg,n02108915
n0210891500000920.jpg,n02108915
n0210891500000921.jpg,n02108915
n0210891500000922.jpg,n02108915
n0210891500000924.jpg,n02108915
n0210891500000925.jpg,n02108915
n0210891500000927.jpg,n02108915
n0210891500000928.jpg,n02108915
n0210891500000929.jpg,n02108915
n0210891500000934.jpg,n02108915
n0210891500000935.jpg,n02108915
n0210891500000936.jpg,n02108915
n0210891500000938.jpg,n02108915
n0210891500000939.jpg,n02108915
n0210891500000941.jpg,n02108915
n0210891500000943.jpg,n02108915
n0210891500000946.jpg,n02108915
n0210891500000947.jpg,n02108915
n0210891500000948.jpg,n02108915
n0210891500000952.jpg,n02108915
n0210891500000955.jpg,n02108915
n0210891500000956.jpg,n02108915
n0210891500000958.jpg,n02108915
n0210891500000960.jpg,n02108915
n0210891500000961.jpg,n02108915
n0210891500000964.jpg,n02108915
n0210891500000965.jpg,n02108915
n0210891500000966.jpg,n02108915
n0210891500000967.jpg,n02108915
n0210891500000969.jpg,n02108915
n0210891500000971.jpg,n02108915
n0210891500000972.jpg,n02108915
n0210891500000974.jpg,n02108915
n0210891500000975.jpg,n02108915
n0210891500000977.jpg,n02108915
n0210891500000979.jpg,n02108915
n0210891500000982.jpg,n02108915
n0210891500000983.jpg,n02108915
n0210891500000984.jpg,n02108915
n0210891500000991.jpg,n02108915
n0210891500000992.jpg,n02108915
n0210891500000993.jpg,n02108915
n0210891500000996.jpg,n02108915
n0210891500000998.jpg,n02108915
n0210891500000999.jpg,n02108915
n0210891500001001.jpg,n02108915
n0210891500001002.jpg,n02108915
n0210891500001003.jpg,n02108915
n0210891500001007.jpg,n02108915
n0210891500001008.jpg,n02108915
n0210891500001009.jpg,n02108915
n0210891500001011.jpg,n02108915
n0210891500001012.jpg,n02108915
n0210891500001014.jpg,n02108915
n0210891500001017.jpg,n02108915
n0210891500001018.jpg,n02108915
n0210891500001019.jpg,n02108915
n0210891500001020.jpg,n02108915
n0210891500001021.jpg,n02108915
n0210891500001025.jpg,n02108915
n0210891500001026.jpg,n02108915
n0210891500001027.jpg,n02108915
n0210891500001031.jpg,n02108915
n0210891500001033.jpg,n02108915
n0210891500001034.jpg,n02108915
n0210891500001038.jpg,n02108915
n0210891500001044.jpg,n02108915
n0210891500001045.jpg,n02108915
n0210891500001046.jpg,n02108915
n0210891500001049.jpg,n02108915
n0210891500001051.jpg,n02108915
n0210891500001052.jpg,n02108915
n0210891500001054.jpg,n02108915
n0210891500001057.jpg,n02108915
n0210891500001060.jpg,n02108915
n0210891500001061.jpg,n02108915
n0210891500001062.jpg,n02108915
n0210891500001067.jpg,n02108915
n0210891500001069.jpg,n02108915
n0210891500001071.jpg,n02108915
n0210891500001073.jpg,n02108915
n0210891500001075.jpg,n02108915
n0210891500001081.jpg,n02108915
n0210891500001082.jpg,n02108915
n0210891500001083.jpg,n02108915
n0210891500001086.jpg,n02108915
n0210891500001087.jpg,n02108915
n0210891500001088.jpg,n02108915
n0210891500001090.jpg,n02108915
n0210891500001097.jpg,n02108915
n0210891500001098.jpg,n02108915
n0210891500001101.jpg,n02108915
n0210891500001103.jpg,n02108915
n0210891500001106.jpg,n02108915
n0210891500001109.jpg,n02108915
n0210891500001110.jpg,n02108915
n0210891500001112.jpg,n02108915
n0210891500001116.jpg,n02108915
n0210891500001125.jpg,n02108915
n0210891500001126.jpg,n02108915
n0210891500001129.jpg,n02108915
n0210891500001134.jpg,n02108915
n0210891500001135.jpg,n02108915
n0210891500001138.jpg,n02108915
n0210891500001139.jpg,n02108915
n0210891500001141.jpg,n02108915
n0210891500001142.jpg,n02108915
n0210891500001145.jpg,n02108915
n0210891500001148.jpg,n02108915
n0210891500001155.jpg,n02108915
n0210891500001157.jpg,n02108915
n0210891500001158.jpg,n02108915
n0210891500001159.jpg,n02108915
n0210891500001162.jpg,n02108915
n0210891500001164.jpg,n02108915
n0210891500001165.jpg,n02108915
n0210891500001168.jpg,n02108915
n0210891500001174.jpg,n02108915
n0210891500001175.jpg,n02108915
n0210891500001176.jpg,n02108915
n0210891500001177.jpg,n02108915
n0210891500001181.jpg,n02108915
n0210891500001183.jpg,n02108915
n0210891500001184.jpg,n02108915
n0210891500001187.jpg,n02108915
n0210891500001188.jpg,n02108915
n0210891500001189.jpg,n02108915
n0210891500001190.jpg,n02108915
n0210891500001194.jpg,n02108915
n0210891500001197.jpg,n02108915
n0210891500001198.jpg,n02108915
n0210891500001200.jpg,n02108915
n0210891500001201.jpg,n02108915
n0210891500001204.jpg,n02108915
n0210891500001205.jpg,n02108915
n0210891500001210.jpg,n02108915
n0210891500001211.jpg,n02108915
n0210891500001213.jpg,n02108915
n0210891500001214.jpg,n02108915
n0210891500001215.jpg,n02108915
n0210891500001216.jpg,n02108915
n0210891500001220.jpg,n02108915
n0210891500001226.jpg,n02108915
n0210891500001227.jpg,n02108915
n0210891500001228.jpg,n02108915
n0210891500001229.jpg,n02108915
n0210891500001230.jpg,n02108915
n0210891500001231.jpg,n02108915
n0210891500001233.jpg,n02108915
n0210891500001235.jpg,n02108915
n0210891500001239.jpg,n02108915
n0210891500001240.jpg,n02108915
n0210891500001244.jpg,n02108915
n0210891500001246.jpg,n02108915
n0210891500001247.jpg,n02108915
n0210891500001248.jpg,n02108915
n0210891500001252.jpg,n02108915
n0210891500001253.jpg,n02108915
n0210891500001258.jpg,n02108915
n0210891500001259.jpg,n02108915
n0210891500001260.jpg,n02108915
n0210891500001263.jpg,n02108915
n0210891500001264.jpg,n02108915
n0210891500001266.jpg,n02108915
n0210891500001270.jpg,n02108915
n0210891500001272.jpg,n02108915
n0210891500001274.jpg,n02108915
n0210891500001282.jpg,n02108915
n0210891500001285.jpg,n02108915
n0210891500001286.jpg,n02108915
n0210891500001287.jpg,n02108915
n0210891500001289.jpg,n02108915
n0210891500001291.jpg,n02108915
n0210891500001292.jpg,n02108915
n0210891500001293.jpg,n02108915
n0210891500001294.jpg,n02108915
n0210891500001295.jpg,n02108915
n0210891500001296.jpg,n02108915
n0210891500001297.jpg,n02108915
n0210891500001298.jpg,n02108915
n0769753700000001.jpg,n07697537
n0769753700000006.jpg,n07697537
n0769753700000008.jpg,n07697537
n0769753700000010.jpg,n07697537
n0769753700000011.jpg,n07697537
n0769753700000013.jpg,n07697537
n0769753700000014.jpg,n07697537
n0769753700000015.jpg,n07697537
n0769753700000017.jpg,n07697537
n0769753700000018.jpg,n07697537
n0769753700000022.jpg,n07697537
n0769753700000027.jpg,n07697537
n0769753700000029.jpg,n07697537
n0769753700000031.jpg,n07697537
n0769753700000033.jpg,n07697537
n0769753700000036.jpg,n07697537
n0769753700000045.jpg,n07697537
n0769753700000046.jpg,n07697537
n0769753700000047.jpg,n07697537
n0769753700000048.jpg,n07697537
n0769753700000055.jpg,n07697537
n0769753700000058.jpg,n07697537
n0769753700000060.jpg,n07697537
n0769753700000061.jpg,n07697537
n0769753700000064.jpg,n07697537
n0769753700000068.jpg,n07697537
n0769753700000070.jpg,n07697537
n0769753700000074.jpg,n07697537
n0769753700000075.jpg,n07697537
n0769753700000079.jpg,n07697537
n0769753700000081.jpg,n07697537
n0769753700000083.jpg,n07697537
n0769753700000084.jpg,n07697537
n0769753700000087.jpg,n07697537
n0769753700000088.jpg,n07697537
n0769753700000091.jpg,n07697537
n0769753700000092.jpg,n07697537
n0769753700000097.jpg,n07697537
n0769753700000099.jpg,n07697537
n0769753700000100.jpg,n07697537
n0769753700000101.jpg,n07697537
n0769753700000104.jpg,n07697537
n0769753700000105.jpg,n07697537
n0769753700000106.jpg,n07697537
n0769753700000109.jpg,n07697537
n0769753700000114.jpg,n07697537
n0769753700000115.jpg,n07697537
n0769753700000120.jpg,n07697537
n0769753700000125.jpg,n07697537
n0769753700000126.jpg,n07697537
n0769753700000131.jpg,n07697537
n0769753700000132.jpg,n07697537
n0769753700000133.jpg,n07697537
n0769753700000137.jpg,n07697537
n0769753700000138.jpg,n07697537
n0769753700000141.jpg,n07697537
n0769753700000142.jpg,n07697537
n0769753700000143.jpg,n07697537
n0769753700000144.jpg,n07697537
n0769753700000145.jpg,n07697537
n0769753700000148.jpg,n07697537
n0769753700000151.jpg,n07697537
n0769753700000154.jpg,n07697537
n0769753700000155.jpg,n07697537
n0769753700000156.jpg,n07697537
n0769753700000157.jpg,n07697537
n0769753700000158.jpg,n07697537
n0769753700000159.jpg,n07697537
n0769753700000162.jpg,n07697537
n0769753700000163.jpg,n07697537
n0769753700000166.jpg,n07697537
n0769753700000169.jpg,n07697537
n0769753700000171.jpg,n07697537
n0769753700000174.jpg,n07697537
n0769753700000175.jpg,n07697537
n0769753700000176.jpg,n07697537
n0769753700000177.jpg,n07697537
n0769753700000179.jpg,n07697537
n0769753700000181.jpg,n07697537
n0769753700000183.jpg,n07697537
n0769753700000184.jpg,n07697537
n0769753700000185.jpg,n07697537
n0769753700000194.jpg,n07697537
n0769753700000197.jpg,n07697537
n0769753700000199.jpg,n07697537
n0769753700000202.jpg,n07697537
n0769753700000209.jpg,n07697537
n0769753700000211.jpg,n07697537
n0769753700000212.jpg,n07697537
n0769753700000214.jpg,n07697537
n0769753700000216.jpg,n07697537
n0769753700000217.jpg,n07697537
n0769753700000218.jpg,n07697537
n0769753700000220.jpg,n07697537
n0769753700000221.jpg,n07697537
n0769753700000223.jpg,n07697537
n0769753700000226.jpg,n07697537
n0769753700000227.jpg,n07697537
n0769753700000229.jpg,n07697537
n0769753700000231.jpg,n07697537
n0769753700000232.jpg,n07697537
n0769753700000233.jpg,n07697537
n0769753700000235.jpg,n07697537
n0769753700000237.jpg,n07697537
n0769753700000240.jpg,n07697537
n0769753700000242.jpg,n07697537
n0769753700000245.jpg,n07697537
n0769753700000249.jpg,n07697537
n0769753700000250.jpg,n07697537
n0769753700000251.jpg,n07697537
n0769753700000257.jpg,n07697537
n0769753700000258.jpg,n07697537
n0769753700000259.jpg,n07697537
n0769753700000261.jpg,n07697537
n0769753700000262.jpg,n07697537
n0769753700000263.jpg,n07697537
n0769753700000267.jpg,n07697537
n0769753700000271.jpg,n07697537
n0769753700000272.jpg,n07697537
n0769753700000273.jpg,n07697537
n0769753700000275.jpg,n07697537
n0769753700000278.jpg,n07697537
n0769753700000280.jpg,n07697537
n0769753700000282.jpg,n07697537
n0769753700000283.jpg,n07697537
n0769753700000287.jpg,n07697537
n0769753700000288.jpg,n07697537
n0769753700000293.jpg,n07697537
n0769753700000294.jpg,n07697537
n0769753700000296.jpg,n07697537
n0769753700000301.jpg,n07697537
n0769753700000302.jpg,n07697537
n0769753700000303.jpg,n07697537
n0769753700000304.jpg,n07697537
n0769753700000309.jpg,n07697537
n0769753700000311.jpg,n07697537
n0769753700000312.jpg,n07697537
n0769753700000313.jpg,n07697537
n0769753700000316.jpg,n07697537
n0769753700000320.jpg,n07697537
n0769753700000321.jpg,n07697537
n0769753700000322.jpg,n07697537
n0769753700000323.jpg,n07697537
n0769753700000324.jpg,n07697537
n0769753700000326.jpg,n07697537
n0769753700000327.jpg,n07697537
n0769753700000328.jpg,n07697537
n0769753700000331.jpg,n07697537
n0769753700000335.jpg,n07697537
n0769753700000337.jpg,n07697537
n0769753700000339.jpg,n07697537
n0769753700000341.jpg,n07697537
n0769753700000342.jpg,n07697537
n0769753700000343.jpg,n07697537
n0769753700000344.jpg,n07697537
n0769753700000345.jpg,n07697537
n0769753700000347.jpg,n07697537
n0769753700000349.jpg,n07697537
n0769753700000351.jpg,n07697537
n0769753700000355.jpg,n07697537
n0769753700000357.jpg,n07697537
n0769753700000363.jpg,n07697537
n0769753700000364.jpg,n07697537
n0769753700000366.jpg,n07697537
n0769753700000369.jpg,n07697537
n0769753700000370.jpg,n07697537
n0769753700000371.jpg,n07697537
n0769753700000374.jpg,n07697537
n0769753700000377.jpg,n07697537
n0769753700000382.jpg,n07697537
n0769753700000385.jpg,n07697537
n0769753700000386.jpg,n07697537
n0769753700000387.jpg,n07697537
n0769753700000391.jpg,n07697537
n0769753700000393.jpg,n07697537
n0769753700000394.jpg,n07697537
n0769753700000395.jpg,n07697537
n0769753700000396.jpg,n07697537
n0769753700000397.jpg,n07697537
n0769753700000398.jpg,n07697537
n0769753700000399.jpg,n07697537
n0769753700000400.jpg,n07697537
n0769753700000405.jpg,n07697537
n0769753700000406.jpg,n07697537
n0769753700000409.jpg,n07697537
n0769753700000413.jpg,n07697537
n0769753700000417.jpg,n07697537
n0769753700000419.jpg,n07697537
n0769753700000421.jpg,n07697537
n0769753700000424.jpg,n07697537
n0769753700000430.jpg,n07697537
n0769753700000432.jpg,n07697537
n0769753700000436.jpg,n07697537
n0769753700000437.jpg,n07697537
n0769753700000441.jpg,n07697537
n0769753700000442.jpg,n07697537
n0769753700000444.jpg,n07697537
n0769753700000446.jpg,n07697537
n0769753700000447.jpg,n07697537
n0769753700000448.jpg,n07697537
n0769753700000450.jpg,n07697537
n0769753700000451.jpg,n07697537
n0769753700000452.jpg,n07697537
n0769753700000453.jpg,n07697537
n0769753700000455.jpg,n07697537
n0769753700000459.jpg,n07697537
n0769753700000460.jpg,n07697537
n0769753700000461.jpg,n07697537
n0769753700000462.jpg,n07697537
n0769753700000464.jpg,n07697537
n0769753700000466.jpg,n07697537
n0769753700000469.jpg,n07697537
n0769753700000470.jpg,n07697537
n0769753700000472.jpg,n07697537
n0769753700000473.jpg,n07697537
n0769753700000475.jpg,n07697537
n0769753700000476.jpg,n07697537
n0769753700000478.jpg,n07697537
n0769753700000480.jpg,n07697537
n0769753700000481.jpg,n07697537
n0769753700000482.jpg,n07697537
n0769753700000485.jpg,n07697537
n0769753700000489.jpg,n07697537
n0769753700000490.jpg,n07697537
n0769753700000493.jpg,n07697537
n0769753700000494.jpg,n07697537
n0769753700000495.jpg,n07697537
n0769753700000498.jpg,n07697537
n0769753700000499.jpg,n07697537
n0769753700000501.jpg,n07697537
n0769753700000507.jpg,n07697537
n0769753700000508.jpg,n07697537
n0769753700000509.jpg,n07697537
n0769753700000510.jpg,n07697537
n0769753700000511.jpg,n07697537
n0769753700000512.jpg,n07697537
n0769753700000516.jpg,n07697537
n0769753700000520.jpg,n07697537
n0769753700000526.jpg,n07697537
n0769753700000527.jpg,n07697537
n0769753700000530.jpg,n07697537
n0769753700000535.jpg,n07697537
n0769753700000537.jpg,n07697537
n0769753700000538.jpg,n07697537
n0769753700000543.jpg,n07697537
n0769753700000545.jpg,n07697537
n0769753700000546.jpg,n07697537
n0769753700000547.jpg,n07697537
n0769753700000548.jpg,n07697537
n0769753700000554.jpg,n07697537
n0769753700000558.jpg,n07697537
n0769753700000559.jpg,n07697537
n0769753700000560.jpg,n07697537
n0769753700000562.jpg,n07697537
n0769753700000566.jpg,n07697537
n0769753700000567.jpg,n07697537
n0769753700000569.jpg,n07697537
n0769753700000572.jpg,n07697537
n0769753700000573.jpg,n07697537
n0769753700000574.jpg,n07697537
n0769753700000575.jpg,n07697537
n0769753700000576.jpg,n07697537
n0769753700000577.jpg,n07697537
n0769753700000578.jpg,n07697537
n0769753700000585.jpg,n07697537
n0769753700000586.jpg,n07697537
n0769753700000588.jpg,n07697537
n0769753700000589.jpg,n07697537
n0769753700000590.jpg,n07697537
n0769753700000591.jpg,n07697537
n0769753700000593.jpg,n07697537
n0769753700000597.jpg,n07697537
n0769753700000598.jpg,n07697537
n0769753700000599.jpg,n07697537
n0769753700000601.jpg,n07697537
n0769753700000603.jpg,n07697537
n0769753700000604.jpg,n07697537
n0769753700000606.jpg,n07697537
n0769753700000609.jpg,n07697537
n0769753700000610.jpg,n07697537
n0769753700000614.jpg,n07697537
n0769753700000617.jpg,n07697537
n0769753700000619.jpg,n07697537
n0769753700000621.jpg,n07697537
n0769753700000622.jpg,n07697537
n0769753700000624.jpg,n07697537
n0769753700000625.jpg,n07697537
n0769753700000626.jpg,n07697537
n0769753700000629.jpg,n07697537
n0769753700000633.jpg,n07697537
n0769753700000634.jpg,n07697537
n0769753700000637.jpg,n07697537
n0769753700000638.jpg,n07697537
n0769753700000639.jpg,n07697537
n0769753700000640.jpg,n07697537
n0769753700000642.jpg,n07697537
n0769753700000646.jpg,n07697537
n0769753700000648.jpg,n07697537
n0769753700000650.jpg,n07697537
n0769753700000651.jpg,n07697537
n0769753700000652.jpg,n07697537
n0769753700000658.jpg,n07697537
n0769753700000659.jpg,n07697537
n0769753700000662.jpg,n07697537
n0769753700000666.jpg,n07697537
n0769753700000668.jpg,n07697537
n0769753700000673.jpg,n07697537
n0769753700000674.jpg,n07697537
n0769753700000675.jpg,n07697537
n0769753700000677.jpg,n07697537
n0769753700000678.jpg,n07697537
n0769753700000679.jpg,n07697537
n0769753700000680.jpg,n07697537
n0769753700000681.jpg,n07697537
n0769753700000683.jpg,n07697537
n0769753700000685.jpg,n07697537
n0769753700000686.jpg,n07697537
n0769753700000687.jpg,n07697537
n0769753700000688.jpg,n07697537
n0769753700000690.jpg,n07697537
n0769753700000691.jpg,n07697537
n0769753700000692.jpg,n07697537
n0769753700000695.jpg,n07697537
n0769753700000701.jpg,n07697537
n0769753700000702.jpg,n07697537
n0769753700000703.jpg,n07697537
n0769753700000704.jpg,n07697537
n0769753700000706.jpg,n07697537
n0769753700000707.jpg,n07697537
n0769753700000708.jpg,n07697537
n0769753700000710.jpg,n07697537
n0769753700000712.jpg,n07697537
n0769753700000713.jpg,n07697537
n0769753700000714.jpg,n07697537
n0769753700000715.jpg,n07697537
n0769753700000717.jpg,n07697537
n0769753700000718.jpg,n07697537
n0769753700000719.jpg,n07697537
n0769753700000720.jpg,n07697537
n0769753700000721.jpg,n07697537
n0769753700000722.jpg,n07697537
n0769753700000724.jpg,n07697537
n0769753700000725.jpg,n07697537
n0769753700000729.jpg,n07697537
n0769753700000731.jpg,n07697537
n0769753700000732.jpg,n07697537
n0769753700000736.jpg,n07697537
n0769753700000738.jpg,n07697537
n0769753700000743.jpg,n07697537
n0769753700000744.jpg,n07697537
n0769753700000746.jpg,n07697537
n0769753700000748.jpg,n07697537
n0769753700000749.jpg,n07697537
n0769753700000756.jpg,n07697537
n0769753700000759.jpg,n07697537
n0769753700000760.jpg,n07697537
n0769753700000765.jpg,n07697537
n0769753700000766.jpg,n07697537
n0769753700000769.jpg,n07697537
n0769753700000770.jpg,n07697537
n0769753700000772.jpg,n07697537
n0769753700000774.jpg,n07697537
n0769753700000776.jpg,n07697537
n0769753700000778.jpg,n07697537
n0769753700000779.jpg,n07697537
n0769753700000781.jpg,n07697537
n0769753700000783.jpg,n07697537
n0769753700000785.jpg,n07697537
n0769753700000787.jpg,n07697537
n0769753700000790.jpg,n07697537
n0769753700000793.jpg,n07697537
n0769753700000794.jpg,n07697537
n0769753700000795.jpg,n07697537
n0769753700000796.jpg,n07697537
n0769753700000799.jpg,n07697537
n0769753700000801.jpg,n07697537
n0769753700000802.jpg,n07697537
n0769753700000805.jpg,n07697537
n0769753700000810.jpg,n07697537
n0769753700000813.jpg,n07697537
n0769753700000815.jpg,n07697537
n0769753700000820.jpg,n07697537
n0769753700000821.jpg,n07697537
n0769753700000823.jpg,n07697537
n0769753700000826.jpg,n07697537
n0769753700000829.jpg,n07697537
n0769753700000831.jpg,n07697537
n0769753700000833.jpg,n07697537
n0769753700000834.jpg,n07697537
n0769753700000838.jpg,n07697537
n0769753700000839.jpg,n07697537
n0769753700000840.jpg,n07697537
n0769753700000843.jpg,n07697537
n0769753700000844.jpg,n07697537
n0769753700000849.jpg,n07697537
n0769753700000850.jpg,n07697537
n0769753700000853.jpg,n07697537
n0769753700000855.jpg,n07697537
n0769753700000857.jpg,n07697537
n0769753700000860.jpg,n07697537
n0769753700000861.jpg,n07697537
n0769753700000862.jpg,n07697537
n0769753700000863.jpg,n07697537
n0769753700000864.jpg,n07697537
n0769753700000867.jpg,n07697537
n0769753700000870.jpg,n07697537
n0769753700000871.jpg,n07697537
n0769753700000872.jpg,n07697537
n0769753700000873.jpg,n07697537
n0769753700000883.jpg,n07697537
n0769753700000886.jpg,n07697537
n0769753700000887.jpg,n07697537
n0769753700000888.jpg,n07697537
n0769753700000890.jpg,n07697537
n0769753700000891.jpg,n07697537
n0769753700000892.jpg,n07697537
n0769753700000894.jpg,n07697537
n0769753700000895.jpg,n07697537
n0769753700000896.jpg,n07697537
n0769753700000901.jpg,n07697537
n0769753700000902.jpg,n07697537
n0769753700000903.jpg,n07697537
n0769753700000906.jpg,n07697537
n0769753700000908.jpg,n07697537
n0769753700000909.jpg,n07697537
n0769753700000910.jpg,n07697537
n0769753700000911.jpg,n07697537
n0769753700000915.jpg,n07697537
n0769753700000918.jpg,n07697537
n0769753700000921.jpg,n07697537
n0769753700000923.jpg,n07697537
n0769753700000924.jpg,n07697537
n0769753700000925.jpg,n07697537
n0769753700000927.jpg,n07697537
n0769753700000928.jpg,n07697537
n0769753700000929.jpg,n07697537
n0769753700000930.jpg,n07697537
n0769753700000932.jpg,n07697537
n0769753700000934.jpg,n07697537
n0769753700000938.jpg,n07697537
n0769753700000940.jpg,n07697537
n0769753700000945.jpg,n07697537
n0769753700000947.jpg,n07697537
n0769753700000951.jpg,n07697537
n0769753700000952.jpg,n07697537
n0769753700000956.jpg,n07697537
n0769753700000963.jpg,n07697537
n0769753700000966.jpg,n07697537
n0769753700000968.jpg,n07697537
n0769753700000969.jpg,n07697537
n0769753700000971.jpg,n07697537
n0769753700000972.jpg,n07697537
n0769753700000973.jpg,n07697537
n0769753700000978.jpg,n07697537
n0769753700000981.jpg,n07697537
n0769753700000982.jpg,n07697537
n0769753700000983.jpg,n07697537
n0769753700000990.jpg,n07697537
n0769753700000991.jpg,n07697537
n0769753700000992.jpg,n07697537
n0769753700000994.jpg,n07697537
n0769753700000999.jpg,n07697537
n0769753700001000.jpg,n07697537
n0769753700001001.jpg,n07697537
n0769753700001002.jpg,n07697537
n0769753700001005.jpg,n07697537
n0769753700001008.jpg,n07697537
n0769753700001011.jpg,n07697537
n0769753700001012.jpg,n07697537
n0769753700001021.jpg,n07697537
n0769753700001031.jpg,n07697537
n0769753700001033.jpg,n07697537
n0769753700001035.jpg,n07697537
n0769753700001036.jpg,n07697537
n0769753700001037.jpg,n07697537
n0769753700001038.jpg,n07697537
n0769753700001044.jpg,n07697537
n0769753700001045.jpg,n07697537
n0769753700001048.jpg,n07697537
n0769753700001049.jpg,n07697537
n0769753700001051.jpg,n07697537
n0769753700001052.jpg,n07697537
n0769753700001053.jpg,n07697537
n0769753700001054.jpg,n07697537
n0769753700001057.jpg,n07697537
n0769753700001062.jpg,n07697537
n0769753700001065.jpg,n07697537
n0769753700001068.jpg,n07697537
n0769753700001070.jpg,n07697537
n0769753700001071.jpg,n07697537
n0769753700001074.jpg,n07697537
n0769753700001076.jpg,n07697537
n0769753700001077.jpg,n07697537
n0769753700001081.jpg,n07697537
n0769753700001082.jpg,n07697537
n0769753700001083.jpg,n07697537
n0769753700001087.jpg,n07697537
n0769753700001088.jpg,n07697537
n0769753700001090.jpg,n07697537
n0769753700001092.jpg,n07697537
n0769753700001093.jpg,n07697537
n0769753700001094.jpg,n07697537
n0769753700001095.jpg,n07697537
n0769753700001096.jpg,n07697537
n0769753700001099.jpg,n07697537
n0769753700001100.jpg,n07697537
n0769753700001103.jpg,n07697537
n0769753700001104.jpg,n07697537
n0769753700001106.jpg,n07697537
n0769753700001107.jpg,n07697537
n0769753700001108.jpg,n07697537
n0769753700001109.jpg,n07697537
n0769753700001111.jpg,n07697537
n0769753700001113.jpg,n07697537
n0769753700001116.jpg,n07697537
n0769753700001117.jpg,n07697537
n0769753700001119.jpg,n07697537
n0769753700001121.jpg,n07697537
n0769753700001125.jpg,n07697537
n0769753700001127.jpg,n07697537
n0769753700001130.jpg,n07697537
n0769753700001133.jpg,n07697537
n0769753700001135.jpg,n07697537
n0769753700001136.jpg,n07697537
n0769753700001137.jpg,n07697537
n0769753700001138.jpg,n07697537
n0769753700001141.jpg,n07697537
n0769753700001143.jpg,n07697537
n0769753700001144.jpg,n07697537
n0769753700001146.jpg,n07697537
n0769753700001149.jpg,n07697537
n0769753700001151.jpg,n07697537
n0769753700001153.jpg,n07697537
n0769753700001154.jpg,n07697537
n0769753700001155.jpg,n07697537
n0769753700001159.jpg,n07697537
n0769753700001160.jpg,n07697537
n0769753700001161.jpg,n07697537
n0769753700001163.jpg,n07697537
n0769753700001164.jpg,n07697537
n0769753700001165.jpg,n07697537
n0769753700001167.jpg,n07697537
n0769753700001170.jpg,n07697537
n0769753700001171.jpg,n07697537
n0769753700001172.jpg,n07697537
n0769753700001173.jpg,n07697537
n0769753700001174.jpg,n07697537
n0769753700001175.jpg,n07697537
n0769753700001179.jpg,n07697537
n0769753700001180.jpg,n07697537
n0769753700001182.jpg,n07697537
n0769753700001184.jpg,n07697537
n0769753700001186.jpg,n07697537
n0769753700001189.jpg,n07697537
n0769753700001190.jpg,n07697537
n0769753700001193.jpg,n07697537
n0769753700001194.jpg,n07697537
n0769753700001199.jpg,n07697537
n0769753700001200.jpg,n07697537
n0769753700001202.jpg,n07697537
n0769753700001203.jpg,n07697537
n0769753700001208.jpg,n07697537
n0769753700001209.jpg,n07697537
n0769753700001210.jpg,n07697537
n0769753700001214.jpg,n07697537
n0769753700001219.jpg,n07697537
n0769753700001221.jpg,n07697537
n0769753700001222.jpg,n07697537
n0769753700001224.jpg,n07697537
n0769753700001225.jpg,n07697537
n0769753700001227.jpg,n07697537
n0769753700001228.jpg,n07697537
n0769753700001231.jpg,n07697537
n0769753700001234.jpg,n07697537
n0769753700001239.jpg,n07697537
n0769753700001240.jpg,n07697537
n0769753700001242.jpg,n07697537
n0769753700001248.jpg,n07697537
n0769753700001249.jpg,n07697537
n0769753700001254.jpg,n07697537
n0769753700001255.jpg,n07697537
n0769753700001256.jpg,n07697537
n0769753700001260.jpg,n07697537
n0769753700001263.jpg,n07697537
n0769753700001265.jpg,n07697537
n0769753700001268.jpg,n07697537
n0769753700001283.jpg,n07697537
n0769753700001284.jpg,n07697537
n0769753700001285.jpg,n07697537
n0769753700001286.jpg,n07697537
n0769753700001287.jpg,n07697537
n0769753700001288.jpg,n07697537
n0769753700001290.jpg,n07697537
n0769753700001291.jpg,n07697537
n0769753700001294.jpg,n07697537
n0769753700001295.jpg,n07697537
n0769753700001296.jpg,n07697537
n0769753700001298.jpg,n07697537
n0769753700001299.jpg,n07697537
n0769753700001300.jpg,n07697537
n0385406500000001.jpg,n03854065
n0385406500000004.jpg,n03854065
n0385406500000008.jpg,n03854065
n0385406500000009.jpg,n03854065
n0385406500000010.jpg,n03854065
n0385406500000011.jpg,n03854065
n0385406500000013.jpg,n03854065
n0385406500000016.jpg,n03854065
n0385406500000017.jpg,n03854065
n0385406500000018.jpg,n03854065
n0385406500000020.jpg,n03854065
n0385406500000024.jpg,n03854065
n0385406500000025.jpg,n03854065
n0385406500000026.jpg,n03854065
n0385406500000027.jpg,n03854065
n0385406500000028.jpg,n03854065
n0385406500000032.jpg,n03854065
n0385406500000033.jpg,n03854065
n0385406500000036.jpg,n03854065
n0385406500000037.jpg,n03854065
n0385406500000038.jpg,n03854065
n0385406500000041.jpg,n03854065
n0385406500000044.jpg,n03854065
n0385406500000046.jpg,n03854065
n0385406500000047.jpg,n03854065
n0385406500000048.jpg,n03854065
n0385406500000049.jpg,n03854065
n0385406500000051.jpg,n03854065
n0385406500000055.jpg,n03854065
n0385406500000056.jpg,n03854065
n0385406500000057.jpg,n03854065
n0385406500000062.jpg,n03854065
n0385406500000064.jpg,n03854065
n0385406500000065.jpg,n03854065
n0385406500000067.jpg,n03854065
n0385406500000068.jpg,n03854065
n0385406500000070.jpg,n03854065
n0385406500000072.jpg,n03854065
n0385406500000073.jpg,n03854065
n0385406500000075.jpg,n03854065
n0385406500000081.jpg,n03854065
n0385406500000082.jpg,n03854065
n0385406500000083.jpg,n03854065
n0385406500000084.jpg,n03854065
n0385406500000085.jpg,n03854065
n0385406500000089.jpg,n03854065
n0385406500000090.jpg,n03854065
n0385406500000094.jpg,n03854065
n0385406500000096.jpg,n03854065
n0385406500000098.jpg,n03854065
n0385406500000101.jpg,n03854065
n0385406500000102.jpg,n03854065
n0385406500000103.jpg,n03854065
n0385406500000104.jpg,n03854065
n0385406500000107.jpg,n03854065
n0385406500000108.jpg,n03854065
n0385406500000109.jpg,n03854065
n0385406500000110.jpg,n03854065
n0385406500000112.jpg,n03854065
n0385406500000114.jpg,n03854065
n0385406500000115.jpg,n03854065
n0385406500000117.jpg,n03854065
n0385406500000118.jpg,n03854065
n0385406500000119.jpg,n03854065
n0385406500000120.jpg,n03854065
n0385406500000122.jpg,n03854065
n0385406500000125.jpg,n03854065
n0385406500000126.jpg,n03854065
n0385406500000129.jpg,n03854065
n0385406500000130.jpg,n03854065
n0385406500000131.jpg,n03854065
n0385406500000132.jpg,n03854065
n0385406500000135.jpg,n03854065
n0385406500000136.jpg,n03854065
n0385406500000138.jpg,n03854065
n0385406500000141.jpg,n03854065
n0385406500000144.jpg,n03854065
n0385406500000146.jpg,n03854065
n0385406500000147.jpg,n03854065
n0385406500000148.jpg,n03854065
n0385406500000150.jpg,n03854065
n0385406500000153.jpg,n03854065
n0385406500000156.jpg,n03854065
n0385406500000159.jpg,n03854065
n0385406500000162.jpg,n03854065
n0385406500000163.jpg,n03854065
n0385406500000166.jpg,n03854065
n0385406500000167.jpg,n03854065
n0385406500000169.jpg,n03854065
n0385406500000172.jpg,n03854065
n0385406500000175.jpg,n03854065
n0385406500000181.jpg,n03854065
n0385406500000183.jpg,n03854065
n0385406500000190.jpg,n03854065
n0385406500000191.jpg,n03854065
n0385406500000192.jpg,n03854065
n0385406500000193.jpg,n03854065
n0385406500000194.jpg,n03854065
n0385406500000196.jpg,n03854065
n0385406500000199.jpg,n03854065
n0385406500000200.jpg,n03854065
n0385406500000205.jpg,n03854065
n0385406500000207.jpg,n03854065
n0385406500000217.jpg,n03854065
n0385406500000218.jpg,n03854065
n0385406500000224.jpg,n03854065
n0385406500000225.jpg,n03854065
n0385406500000226.jpg,n03854065
n0385406500000227.jpg,n03854065
n0385406500000230.jpg,n03854065
n0385406500000231.jpg,n03854065
n0385406500000232.jpg,n03854065
n0385406500000234.jpg,n03854065
n0385406500000235.jpg,n03854065
n0385406500000238.jpg,n03854065
n0385406500000240.jpg,n03854065
n0385406500000241.jpg,n03854065
n0385406500000243.jpg,n03854065
n0385406500000246.jpg,n03854065
n0385406500000247.jpg,n03854065
n0385406500000249.jpg,n03854065
n0385406500000250.jpg,n03854065
n0385406500000251.jpg,n03854065
n0385406500000256.jpg,n03854065
n0385406500000258.jpg,n03854065
n0385406500000259.jpg,n03854065
n0385406500000263.jpg,n03854065
n0385406500000266.jpg,n03854065
n0385406500000270.jpg,n03854065
n0385406500000272.jpg,n03854065
n0385406500000273.jpg,n03854065
n0385406500000274.jpg,n03854065
n0385406500000275.jpg,n03854065
n0385406500000276.jpg,n03854065
n0385406500000279.jpg,n03854065
n0385406500000280.jpg,n03854065
n0385406500000283.jpg,n03854065
n0385406500000284.jpg,n03854065
n0385406500000286.jpg,n03854065
n0385406500000288.jpg,n03854065
n0385406500000290.jpg,n03854065
n0385406500000292.jpg,n03854065
n0385406500000293.jpg,n03854065
n0385406500000300.jpg,n03854065
n0385406500000302.jpg,n03854065
n0385406500000304.jpg,n03854065
n0385406500000305.jpg,n03854065
n0385406500000308.jpg,n03854065
n0385406500000312.jpg,n03854065
n0385406500000314.jpg,n03854065
n0385406500000315.jpg,n03854065
n0385406500000318.jpg,n03854065
n0385406500000319.jpg,n03854065
n0385406500000323.jpg,n03854065
n0385406500000325.jpg,n03854065
n0385406500000326.jpg,n03854065
n0385406500000328.jpg,n03854065
n0385406500000329.jpg,n03854065
n0385406500000330.jpg,n03854065
n0385406500000331.jpg,n03854065
n0385406500000332.jpg,n03854065
n0385406500000334.jpg,n03854065
n0385406500000336.jpg,n03854065
n0385406500000338.jpg,n03854065
n0385406500000339.jpg,n03854065
n0385406500000341.jpg,n03854065
n0385406500000343.jpg,n03854065
n0385406500000346.jpg,n03854065
n0385406500000348.jpg,n03854065
n0385406500000351.jpg,n03854065
n0385406500000355.jpg,n03854065
n0385406500000356.jpg,n03854065
n0385406500000358.jpg,n03854065
n0385406500000359.jpg,n03854065
n0385406500000362.jpg,n03854065
n0385406500000364.jpg,n03854065
n0385406500000365.jpg,n03854065
n0385406500000366.jpg,n03854065
n0385406500000367.jpg,n03854065
n0385406500000368.jpg,n03854065
n0385406500000369.jpg,n03854065
n0385406500000371.jpg,n03854065
n0385406500000374.jpg,n03854065
n0385406500000376.jpg,n03854065
n0385406500000381.jpg,n03854065
n0385406500000382.jpg,n03854065
n0385406500000383.jpg,n03854065
n0385406500000386.jpg,n03854065
n0385406500000388.jpg,n03854065
n0385406500000389.jpg,n03854065
n0385406500000391.jpg,n03854065
n0385406500000392.jpg,n03854065
n0385406500000393.jpg,n03854065
n0385406500000397.jpg,n03854065
n0385406500000398.jpg,n03854065
n0385406500000399.jpg,n03854065
n0385406500000400.jpg,n03854065
n0385406500000405.jpg,n03854065
n0385406500000410.jpg,n03854065
n0385406500000411.jpg,n03854065
n0385406500000412.jpg,n03854065
n0385406500000415.jpg,n03854065
n0385406500000418.jpg,n03854065
n0385406500000419.jpg,n03854065
n0385406500000420.jpg,n03854065
n0385406500000422.jpg,n03854065
n0385406500000424.jpg,n03854065
n0385406500000426.jpg,n03854065
n0385406500000431.jpg,n03854065
n0385406500000432.jpg,n03854065
n0385406500000435.jpg,n03854065
n0385406500000436.jpg,n03854065
n0385406500000437.jpg,n03854065
n0385406500000439.jpg,n03854065
n0385406500000440.jpg,n03854065
n0385406500000443.jpg,n03854065
n0385406500000450.jpg,n03854065
n0385406500000451.jpg,n03854065
n0385406500000453.jpg,n03854065
n0385406500000455.jpg,n03854065
n0385406500000456.jpg,n03854065
n0385406500000462.jpg,n03854065
n0385406500000463.jpg,n03854065
n0385406500000466.jpg,n03854065
n0385406500000467.jpg,n03854065
n0385406500000469.jpg,n03854065
n0385406500000471.jpg,n03854065
n0385406500000475.jpg,n03854065
n0385406500000477.jpg,n03854065
n0385406500000478.jpg,n03854065
n0385406500000479.jpg,n03854065
n0385406500000480.jpg,n03854065
n0385406500000483.jpg,n03854065
n0385406500000485.jpg,n03854065
n0385406500000486.jpg,n03854065
n0385406500000487.jpg,n03854065
n0385406500000489.jpg,n03854065
n0385406500000494.jpg,n03854065
n0385406500000495.jpg,n03854065
n0385406500000496.jpg,n03854065
n0385406500000497.jpg,n03854065
n0385406500000499.jpg,n03854065
n0385406500000506.jpg,n03854065
n0385406500000511.jpg,n03854065
n0385406500000513.jpg,n03854065
n0385406500000515.jpg,n03854065
n0385406500000518.jpg,n03854065
n0385406500000522.jpg,n03854065
n0385406500000524.jpg,n03854065
n0385406500000527.jpg,n03854065
n0385406500000529.jpg,n03854065
n0385406500000530.jpg,n03854065
n0385406500000531.jpg,n03854065
n0385406500000532.jpg,n03854065
n0385406500000537.jpg,n03854065
n0385406500000538.jpg,n03854065
n0385406500000540.jpg,n03854065
n0385406500000541.jpg,n03854065
n0385406500000542.jpg,n03854065
n0385406500000545.jpg,n03854065
n0385406500000546.jpg,n03854065
n0385406500000549.jpg,n03854065
n0385406500000551.jpg,n03854065
n0385406500000558.jpg,n03854065
n0385406500000559.jpg,n03854065
n0385406500000560.jpg,n03854065
n0385406500000562.jpg,n03854065
n0385406500000565.jpg,n03854065
n0385406500000567.jpg,n03854065
n0385406500000569.jpg,n03854065
n0385406500000570.jpg,n03854065
n0385406500000572.jpg,n03854065
n0385406500000573.jpg,n03854065
n0385406500000576.jpg,n03854065
n0385406500000581.jpg,n03854065
n0385406500000585.jpg,n03854065
n0385406500000586.jpg,n03854065
n0385406500000590.jpg,n03854065
n0385406500000593.jpg,n03854065
n0385406500000601.jpg,n03854065
n0385406500000602.jpg,n03854065
n0385406500000603.jpg,n03854065
n0385406500000606.jpg,n03854065
n0385406500000610.jpg,n03854065
n0385406500000612.jpg,n03854065
n0385406500000614.jpg,n03854065
n0385406500000615.jpg,n03854065
n0385406500000616.jpg,n03854065
n0385406500000619.jpg,n03854065
n0385406500000620.jpg,n03854065
n0385406500000621.jpg,n03854065
n0385406500000623.jpg,n03854065
n0385406500000624.jpg,n03854065
n0385406500000625.jpg,n03854065
n0385406500000626.jpg,n03854065
n0385406500000627.jpg,n03854065
n0385406500000628.jpg,n03854065
n0385406500000631.jpg,n03854065
n0385406500000635.jpg,n03854065
n0385406500000636.jpg,n03854065
n0385406500000640.jpg,n03854065
n0385406500000644.jpg,n03854065
n0385406500000645.jpg,n03854065
n0385406500000649.jpg,n03854065
n0385406500000650.jpg,n03854065
n0385406500000655.jpg,n03854065
n0385406500000656.jpg,n03854065
n0385406500000657.jpg,n03854065
n0385406500000663.jpg,n03854065
n0385406500000664.jpg,n03854065
n0385406500000668.jpg,n03854065
n0385406500000670.jpg,n03854065
n0385406500000672.jpg,n03854065
n0385406500000674.jpg,n03854065
n0385406500000675.jpg,n03854065
n0385406500000676.jpg,n03854065
n0385406500000677.jpg,n03854065
n0385406500000678.jpg,n03854065
n0385406500000682.jpg,n03854065
n0385406500000685.jpg,n03854065
n0385406500000687.jpg,n03854065
n0385406500000688.jpg,n03854065
n0385406500000689.jpg,n03854065
n0385406500000693.jpg,n03854065
n0385406500000695.jpg,n03854065
n0385406500000697.jpg,n03854065
n0385406500000698.jpg,n03854065
n0385406500000699.jpg,n03854065
n0385406500000702.jpg,n03854065
n0385406500000703.jpg,n03854065
n0385406500000704.jpg,n03854065
n0385406500000705.jpg,n03854065
n0385406500000706.jpg,n03854065
n0385406500000708.jpg,n03854065
n0385406500000713.jpg,n03854065
n0385406500000715.jpg,n03854065
n0385406500000717.jpg,n03854065
n0385406500000719.jpg,n03854065
n0385406500000720.jpg,n03854065
n0385406500000721.jpg,n03854065
n0385406500000731.jpg,n03854065
n0385406500000733.jpg,n03854065
n0385406500000737.jpg,n03854065
n0385406500000740.jpg,n03854065
n0385406500000741.jpg,n03854065
n0385406500000743.jpg,n03854065
n0385406500000744.jpg,n03854065
n0385406500000746.jpg,n03854065
n0385406500000747.jpg,n03854065
n0385406500000748.jpg,n03854065
n0385406500000749.jpg,n03854065
n0385406500000750.jpg,n03854065
n0385406500000752.jpg,n03854065
n0385406500000754.jpg,n03854065
n0385406500000757.jpg,n03854065
n0385406500000761.jpg,n03854065
n0385406500000764.jpg,n03854065
n0385406500000765.jpg,n03854065
n0385406500000767.jpg,n03854065
n0385406500000772.jpg,n03854065
n0385406500000773.jpg,n03854065
n0385406500000774.jpg,n03854065
n0385406500000776.jpg,n03854065
n0385406500000778.jpg,n03854065
n0385406500000783.jpg,n03854065
n0385406500000785.jpg,n03854065
n0385406500000786.jpg,n03854065
n0385406500000788.jpg,n03854065
n0385406500000790.jpg,n03854065
n0385406500000793.jpg,n03854065
n0385406500000795.jpg,n03854065
n0385406500000796.jpg,n03854065
n0385406500000798.jpg,n03854065
n0385406500000800.jpg,n03854065
n0385406500000801.jpg,n03854065
n0385406500000804.jpg,n03854065
n0385406500000810.jpg,n03854065
n0385406500000814.jpg,n03854065
n0385406500000816.jpg,n03854065
n0385406500000817.jpg,n03854065
n0385406500000820.jpg,n03854065
n0385406500000821.jpg,n03854065
n0385406500000823.jpg,n03854065
n0385406500000826.jpg,n03854065
n0385406500000832.jpg,n03854065
n0385406500000834.jpg,n03854065
n0385406500000835.jpg,n03854065
n0385406500000836.jpg,n03854065
n0385406500000837.jpg,n03854065
n0385406500000839.jpg,n03854065
n0385406500000844.jpg,n03854065
n0385406500000847.jpg,n03854065
n0385406500000848.jpg,n03854065
n0385406500000849.jpg,n03854065
n0385406500000856.jpg,n03854065
n0385406500000858.jpg,n03854065
n0385406500000859.jpg,n03854065
n0385406500000863.jpg,n03854065
n0385406500000864.jpg,n03854065
n0385406500000865.jpg,n03854065
n0385406500000866.jpg,n03854065
n0385406500000868.jpg,n03854065
n0385406500000869.jpg,n03854065
n0385406500000870.jpg,n03854065
n0385406500000872.jpg,n03854065
n0385406500000875.jpg,n03854065
n0385406500000882.jpg,n03854065
n0385406500000885.jpg,n03854065
n0385406500000886.jpg,n03854065
n0385406500000887.jpg,n03854065
n0385406500000889.jpg,n03854065
n0385406500000891.jpg,n03854065
n0385406500000899.jpg,n03854065
n0385406500000901.jpg,n03854065
n0385406500000902.jpg,n03854065
n0385406500000904.jpg,n03854065
n0385406500000905.jpg,n03854065
n0385406500000906.jpg,n03854065
n0385406500000908.jpg,n03854065
n0385406500000909.jpg,n03854065
n0385406500000910.jpg,n03854065
n0385406500000912.jpg,n03854065
n0385406500000914.jpg,n03854065
n0385406500000916.jpg,n03854065
n0385406500000921.jpg,n03854065
n0385406500000923.jpg,n03854065
n0385406500000924.jpg,n03854065
n0385406500000925.jpg,n03854065
n0385406500000928.jpg,n03854065
n0385406500000932.jpg,n03854065
n0385406500000934.jpg,n03854065
n0385406500000939.jpg,n03854065
n0385406500000942.jpg,n03854065
n0385406500000943.jpg,n03854065
n0385406500000948.jpg,n03854065
n0385406500000954.jpg,n03854065
n0385406500000956.jpg,n03854065
n0385406500000958.jpg,n03854065
n0385406500000964.jpg,n03854065
n0385406500000966.jpg,n03854065
n0385406500000968.jpg,n03854065
n0385406500000971.jpg,n03854065
n0385406500000972.jpg,n03854065
n0385406500000973.jpg,n03854065
n0385406500000975.jpg,n03854065
n0385406500000976.jpg,n03854065
n0385406500000979.jpg,n03854065
n0385406500000981.jpg,n03854065
n0385406500000982.jpg,n03854065
n0385406500000986.jpg,n03854065
n0385406500000987.jpg,n03854065
n0385406500000989.jpg,n03854065
n0385406500000990.jpg,n03854065
n0385406500000991.jpg,n03854065
n0385406500000993.jpg,n03854065
n0385406500000995.jpg,n03854065
n0385406500000996.jpg,n03854065
n0385406500000998.jpg,n03854065
n0385406500001000.jpg,n03854065
n0385406500001001.jpg,n03854065
n0385406500001003.jpg,n03854065
n0385406500001005.jpg,n03854065
n0385406500001006.jpg,n03854065
n0385406500001007.jpg,n03854065
n0385406500001008.jpg,n03854065
n0385406500001009.jpg,n03854065
n0385406500001010.jpg,n03854065
n0385406500001012.jpg,n03854065
n0385406500001015.jpg,n03854065
n0385406500001016.jpg,n03854065
n0385406500001018.jpg,n03854065
n0385406500001020.jpg,n03854065
n0385406500001021.jpg,n03854065
n0385406500001023.jpg,n03854065
n0385406500001024.jpg,n03854065
n0385406500001025.jpg,n03854065
n0385406500001027.jpg,n03854065
n0385406500001028.jpg,n03854065
n0385406500001029.jpg,n03854065
n0385406500001031.jpg,n03854065
n0385406500001034.jpg,n03854065
n0385406500001036.jpg,n03854065
n0385406500001043.jpg,n03854065
n0385406500001044.jpg,n03854065
n0385406500001046.jpg,n03854065
n0385406500001048.jpg,n03854065
n0385406500001049.jpg,n03854065
n0385406500001050.jpg,n03854065
n0385406500001052.jpg,n03854065
n0385406500001055.jpg,n03854065
n0385406500001056.jpg,n03854065
n0385406500001058.jpg,n03854065
n0385406500001061.jpg,n03854065
n0385406500001062.jpg,n03854065
n0385406500001063.jpg,n03854065
n0385406500001065.jpg,n03854065
n0385406500001069.jpg,n03854065
n0385406500001070.jpg,n03854065
n0385406500001071.jpg,n03854065
n0385406500001074.jpg,n03854065
n0385406500001075.jpg,n03854065
n0385406500001076.jpg,n03854065
n0385406500001080.jpg,n03854065
n0385406500001081.jpg,n03854065
n0385406500001084.jpg,n03854065
n0385406500001086.jpg,n03854065
n0385406500001087.jpg,n03854065
n0385406500001089.jpg,n03854065
n0385406500001091.jpg,n03854065
n0385406500001092.jpg,n03854065
n0385406500001094.jpg,n03854065
n0385406500001095.jpg,n03854065
n0385406500001096.jpg,n03854065
n0385406500001098.jpg,n03854065
n0385406500001099.jpg,n03854065
n0385406500001100.jpg,n03854065
n0385406500001101.jpg,n03854065
n0385406500001107.jpg,n03854065
n0385406500001108.jpg,n03854065
n0385406500001110.jpg,n03854065
n0385406500001111.jpg,n03854065
n0385406500001112.jpg,n03854065
n0385406500001114.jpg,n03854065
n0385406500001117.jpg,n03854065
n0385406500001118.jpg,n03854065
n0385406500001119.jpg,n03854065
n0385406500001126.jpg,n03854065
n0385406500001130.jpg,n03854065
n0385406500001132.jpg,n03854065
n0385406500001133.jpg,n03854065
n0385406500001134.jpg,n03854065
n0385406500001135.jpg,n03854065
n0385406500001137.jpg,n03854065
n0385406500001138.jpg,n03854065
n0385406500001142.jpg,n03854065
n0385406500001144.jpg,n03854065
n0385406500001145.jpg,n03854065
n0385406500001146.jpg,n03854065
n0385406500001149.jpg,n03854065
n0385406500001152.jpg,n03854065
n0385406500001154.jpg,n03854065
n0385406500001158.jpg,n03854065
n0385406500001159.jpg,n03854065
n0385406500001160.jpg,n03854065
n0385406500001164.jpg,n03854065
n0385406500001166.jpg,n03854065
n0385406500001168.jpg,n03854065
n0385406500001170.jpg,n03854065
n0385406500001176.jpg,n03854065
n0385406500001180.jpg,n03854065
n0385406500001182.jpg,n03854065
n0385406500001183.jpg,n03854065
n0385406500001184.jpg,n03854065
n0385406500001188.jpg,n03854065
n0385406500001191.jpg,n03854065
n0385406500001192.jpg,n03854065
n0385406500001194.jpg,n03854065
n0385406500001198.jpg,n03854065
n0385406500001200.jpg,n03854065
n0385406500001202.jpg,n03854065
n0385406500001204.jpg,n03854065
n0385406500001209.jpg,n03854065
n0385406500001211.jpg,n03854065
n0385406500001214.jpg,n03854065
n0385406500001217.jpg,n03854065
n0385406500001218.jpg,n03854065
n0385406500001219.jpg,n03854065
n0385406500001223.jpg,n03854065
n0385406500001227.jpg,n03854065
n0385406500001228.jpg,n03854065
n0385406500001235.jpg,n03854065
n0385406500001236.jpg,n03854065
n0385406500001239.jpg,n03854065
n0385406500001240.jpg,n03854065
n0385406500001242.jpg,n03854065
n0385406500001245.jpg,n03854065
n0385406500001249.jpg,n03854065
n0385406500001250.jpg,n03854065
n0385406500001251.jpg,n03854065
n0385406500001257.jpg,n03854065
n0385406500001258.jpg,n03854065
n0385406500001262.jpg,n03854065
n0385406500001263.jpg,n03854065
n0385406500001266.jpg,n03854065
n0385406500001267.jpg,n03854065
n0385406500001268.jpg,n03854065
n0385406500001269.jpg,n03854065
n0385406500001271.jpg,n03854065
n0385406500001272.jpg,n03854065
n0385406500001274.jpg,n03854065
n0385406500001276.jpg,n03854065
n0385406500001277.jpg,n03854065
n0385406500001279.jpg,n03854065
n0385406500001283.jpg,n03854065
n0385406500001287.jpg,n03854065
n0385406500001288.jpg,n03854065
n0385406500001296.jpg,n03854065
n0385406500001297.jpg,n03854065
n0385406500001298.jpg,n03854065
n0385406500001299.jpg,n03854065
n0210808900000001.jpg,n02108089
n0210808900000002.jpg,n02108089
n0210808900000003.jpg,n02108089
n0210808900000007.jpg,n02108089
n0210808900000008.jpg,n02108089
n0210808900000009.jpg,n02108089
n0210808900000010.jpg,n02108089
n0210808900000013.jpg,n02108089
n0210808900000017.jpg,n02108089
n0210808900000018.jpg,n02108089
n0210808900000020.jpg,n02108089
n0210808900000023.jpg,n02108089
n0210808900000024.jpg,n02108089
n0210808900000025.jpg,n02108089
n0210808900000026.jpg,n02108089
n0210808900000028.jpg,n02108089
n0210808900000029.jpg,n02108089
n0210808900000030.jpg,n02108089
n0210808900000032.jpg,n02108089
n0210808900000033.jpg,n02108089
n0210808900000037.jpg,n02108089
n0210808900000049.jpg,n02108089
n0210808900000050.jpg,n02108089
n0210808900000052.jpg,n02108089
n0210808900000054.jpg,n02108089
n0210808900000055.jpg,n02108089
n0210808900000060.jpg,n02108089
n0210808900000063.jpg,n02108089
n0210808900000065.jpg,n02108089
n0210808900000066.jpg,n02108089
n0210808900000068.jpg,n02108089
n0210808900000070.jpg,n02108089
n0210808900000071.jpg,n02108089
n0210808900000072.jpg,n02108089
n0210808900000073.jpg,n02108089
n0210808900000076.jpg,n02108089
n0210808900000077.jpg,n02108089
n0210808900000078.jpg,n02108089
n0210808900000079.jpg,n02108089
n0210808900000080.jpg,n02108089
n0210808900000082.jpg,n02108089
n0210808900000083.jpg,n02108089
n0210808900000091.jpg,n02108089
n0210808900000093.jpg,n02108089
n0210808900000094.jpg,n02108089
n0210808900000095.jpg,n02108089
n0210808900000096.jpg,n02108089
n0210808900000099.jpg,n02108089
n0210808900000100.jpg,n02108089
n0210808900000101.jpg,n02108089
n0210808900000102.jpg,n02108089
n0210808900000105.jpg,n02108089
n0210808900000107.jpg,n02108089
n0210808900000109.jpg,n02108089
n0210808900000110.jpg,n02108089
n0210808900000112.jpg,n02108089
n0210808900000113.jpg,n02108089
n0210808900000114.jpg,n02108089
n0210808900000116.jpg,n02108089
n0210808900000119.jpg,n02108089
n0210808900000120.jpg,n02108089
n0210808900000121.jpg,n02108089
n0210808900000122.jpg,n02108089
n0210808900000127.jpg,n02108089
n0210808900000130.jpg,n02108089
n0210808900000131.jpg,n02108089
n0210808900000132.jpg,n02108089
n0210808900000134.jpg,n02108089
n0210808900000135.jpg,n02108089
n0210808900000137.jpg,n02108089
n0210808900000140.jpg,n02108089
n0210808900000141.jpg,n02108089
n0210808900000145.jpg,n02108089
n0210808900000146.jpg,n02108089
n0210808900000149.jpg,n02108089
n0210808900000151.jpg,n02108089
n0210808900000155.jpg,n02108089
n0210808900000158.jpg,n02108089
n0210808900000159.jpg,n02108089
n0210808900000163.jpg,n02108089
n0210808900000165.jpg,n02108089
n0210808900000166.jpg,n02108089
n0210808900000168.jpg,n02108089
n0210808900000170.jpg,n02108089
n0210808900000171.jpg,n02108089
n0210808900000172.jpg,n02108089
n0210808900000174.jpg,n02108089
n0210808900000175.jpg,n02108089
n0210808900000182.jpg,n02108089
n0210808900000183.jpg,n02108089
n0210808900000185.jpg,n02108089
n0210808900000186.jpg,n02108089
n0210808900000187.jpg,n02108089
n0210808900000188.jpg,n02108089
n0210808900000191.jpg,n02108089
n0210808900000192.jpg,n02108089
n0210808900000193.jpg,n02108089
n0210808900000199.jpg,n02108089
n0210808900000203.jpg,n02108089
n0210808900000204.jpg,n02108089
n0210808900000205.jpg,n02108089
n0210808900000206.jpg,n02108089
n0210808900000209.jpg,n02108089
n0210808900000210.jpg,n02108089
n0210808900000211.jpg,n02108089
n0210808900000213.jpg,n02108089
n0210808900000214.jpg,n02108089
n0210808900000216.jpg,n02108089
n0210808900000219.jpg,n02108089
n0210808900000220.jpg,n02108089
n0210808900000221.jpg,n02108089
n0210808900000222.jpg,n02108089
n0210808900000223.jpg,n02108089
n0210808900000224.jpg,n02108089
n0210808900000225.jpg,n02108089
n0210808900000231.jpg,n02108089
n0210808900000232.jpg,n02108089
n0210808900000233.jpg,n02108089
n0210808900000236.jpg,n02108089
n0210808900000240.jpg,n02108089
n0210808900000242.jpg,n02108089
n0210808900000244.jpg,n02108089
n0210808900000245.jpg,n02108089
n0210808900000247.jpg,n02108089
n0210808900000249.jpg,n02108089
n0210808900000250.jpg,n02108089
n0210808900000251.jpg,n02108089
n0210808900000253.jpg,n02108089
n0210808900000263.jpg,n02108089
n0210808900000265.jpg,n02108089
n0210808900000266.jpg,n02108089
n0210808900000268.jpg,n02108089
n0210808900000276.jpg,n02108089
n0210808900000277.jpg,n02108089
n0210808900000279.jpg,n02108089
n0210808900000280.jpg,n02108089
n0210808900000282.jpg,n02108089
n0210808900000283.jpg,n02108089
n0210808900000290.jpg,n02108089
n0210808900000291.jpg,n02108089
n0210808900000292.jpg,n02108089
n0210808900000295.jpg,n02108089
n0210808900000297.jpg,n02108089
n0210808900000299.jpg,n02108089
n0210808900000300.jpg,n02108089
n0210808900000306.jpg,n02108089
n0210808900000308.jpg,n02108089
n0210808900000311.jpg,n02108089
n0210808900000314.jpg,n02108089
n0210808900000319.jpg,n02108089
n0210808900000321.jpg,n02108089
n0210808900000324.jpg,n02108089
n0210808900000326.jpg,n02108089
n0210808900000329.jpg,n02108089
n0210808900000331.jpg,n02108089
n0210808900000334.jpg,n02108089
n0210808900000335.jpg,n02108089
n0210808900000340.jpg,n02108089
n0210808900000342.jpg,n02108089
n0210808900000345.jpg,n02108089
n0210808900000347.jpg,n02108089
n0210808900000349.jpg,n02108089
n0210808900000351.jpg,n02108089
n0210808900000355.jpg,n02108089
n0210808900000356.jpg,n02108089
n0210808900000357.jpg,n02108089
n0210808900000358.jpg,n02108089
n0210808900000359.jpg,n02108089
n0210808900000361.jpg,n02108089
n0210808900000365.jpg,n02108089
n0210808900000367.jpg,n02108089
n0210808900000368.jpg,n02108089
n0210808900000369.jpg,n02108089
n0210808900000372.jpg,n02108089
n0210808900000374.jpg,n02108089
n0210808900000375.jpg,n02108089
n0210808900000376.jpg,n02108089
n0210808900000383.jpg,n02108089
n0210808900000388.jpg,n02108089
n0210808900000390.jpg,n02108089
n0210808900000405.jpg,n02108089
n0210808900000407.jpg,n02108089
n0210808900000410.jpg,n02108089
n0210808900000411.jpg,n02108089
n0210808900000415.jpg,n02108089
n0210808900000426.jpg,n02108089
n0210808900000429.jpg,n02108089
n0210808900000430.jpg,n02108089
n0210808900000431.jpg,n02108089
n0210808900000432.jpg,n02108089
n0210808900000433.jpg,n02108089
n0210808900000435.jpg,n02108089
n0210808900000436.jpg,n02108089
n0210808900000437.jpg,n02108089
n0210808900000438.jpg,n02108089
n0210808900000439.jpg,n02108089
n0210808900000441.jpg,n02108089
n0210808900000443.jpg,n02108089
n0210808900000445.jpg,n02108089
n0210808900000449.jpg,n02108089
n0210808900000450.jpg,n02108089
n0210808900000451.jpg,n02108089
n0210808900000453.jpg,n02108089
n0210808900000454.jpg,n02108089
n0210808900000458.jpg,n02108089
n0210808900000459.jpg,n02108089
n0210808900000461.jpg,n02108089
n0210808900000462.jpg,n02108089
n0210808900000463.jpg,n02108089
n0210808900000468.jpg,n02108089
n0210808900000471.jpg,n02108089
n0210808900000472.jpg,n02108089
n0210808900000475.jpg,n02108089
n0210808900000479.jpg,n02108089
n0210808900000480.jpg,n02108089
n0210808900000482.jpg,n02108089
n0210808900000488.jpg,n02108089
n0210808900000489.jpg,n02108089
n0210808900000493.jpg,n02108089
n0210808900000494.jpg,n02108089
n0210808900000495.jpg,n02108089
n0210808900000497.jpg,n02108089
n0210808900000498.jpg,n02108089
n0210808900000500.jpg,n02108089
n0210808900000502.jpg,n02108089
n0210808900000503.jpg,n02108089
n0210808900000505.jpg,n02108089
n0210808900000507.jpg,n02108089
n0210808900000511.jpg,n02108089
n0210808900000512.jpg,n02108089
n0210808900000514.jpg,n02108089
n0210808900000517.jpg,n02108089
n0210808900000519.jpg,n02108089
n0210808900000522.jpg,n02108089
n0210808900000524.jpg,n02108089
n0210808900000525.jpg,n02108089
n0210808900000526.jpg,n02108089
n0210808900000527.jpg,n02108089
n0210808900000528.jpg,n02108089
n0210808900000529.jpg,n02108089
n0210808900000532.jpg,n02108089
n0210808900000533.jpg,n02108089
n0210808900000538.jpg,n02108089
n0210808900000539.jpg,n02108089
n0210808900000542.jpg,n02108089
n0210808900000544.jpg,n02108089
n0210808900000546.jpg,n02108089
n0210808900000551.jpg,n02108089
n0210808900000552.jpg,n02108089
n0210808900000553.jpg,n02108089
n0210808900000554.jpg,n02108089
n0210808900000555.jpg,n02108089
n0210808900000556.jpg,n02108089
n0210808900000563.jpg,n02108089
n0210808900000565.jpg,n02108089
n0210808900000566.jpg,n02108089
n0210808900000568.jpg,n02108089
n0210808900000571.jpg,n02108089
n0210808900000572.jpg,n02108089
n0210808900000578.jpg,n02108089
n0210808900000579.jpg,n02108089
n0210808900000581.jpg,n02108089
n0210808900000586.jpg,n02108089
n0210808900000587.jpg,n02108089
n0210808900000590.jpg,n02108089
n0210808900000591.jpg,n02108089
n0210808900000594.jpg,n02108089
n0210808900000597.jpg,n02108089
n0210808900000598.jpg,n02108089
n0210808900000600.jpg,n02108089
n0210808900000603.jpg,n02108089
n0210808900000604.jpg,n02108089
n0210808900000605.jpg,n02108089
n0210808900000610.jpg,n02108089
n0210808900000611.jpg,n02108089
n0210808900000614.jpg,n02108089
n0210808900000615.jpg,n02108089
n0210808900000616.jpg,n02108089
n0210808900000617.jpg,n02108089
n0210808900000620.jpg,n02108089
n0210808900000625.jpg,n02108089
n0210808900000627.jpg,n02108089
n0210808900000628.jpg,n02108089
n0210808900000635.jpg,n02108089
n0210808900000636.jpg,n02108089
n0210808900000637.jpg,n02108089
n0210808900000639.jpg,n02108089
n0210808900000641.jpg,n02108089
n0210808900000644.jpg,n02108089
n0210808900000645.jpg,n02108089
n0210808900000651.jpg,n02108089
n0210808900000652.jpg,n02108089
n0210808900000653.jpg,n02108089
n0210808900000654.jpg,n02108089
n0210808900000655.jpg,n02108089
n0210808900000656.jpg,n02108089
n0210808900000658.jpg,n02108089
n0210808900000662.jpg,n02108089
n0210808900000664.jpg,n02108089
n0210808900000665.jpg,n02108089
n0210808900000667.jpg,n02108089
n0210808900000668.jpg,n02108089
n0210808900000671.jpg,n02108089
n0210808900000672.jpg,n02108089
n0210808900000674.jpg,n02108089
n0210808900000676.jpg,n02108089
n0210808900000678.jpg,n02108089
n0210808900000680.jpg,n02108089
n0210808900000681.jpg,n02108089
n0210808900000686.jpg,n02108089
n0210808900000688.jpg,n02108089
n0210808900000693.jpg,n02108089
n0210808900000695.jpg,n02108089
n0210808900000696.jpg,n02108089
n0210808900000697.jpg,n02108089
n0210808900000699.jpg,n02108089
n0210808900000700.jpg,n02108089
n0210808900000702.jpg,n02108089
n0210808900000703.jpg,n02108089
n0210808900000705.jpg,n02108089
n0210808900000709.jpg,n02108089
n0210808900000712.jpg,n02108089
n0210808900000715.jpg,n02108089
n0210808900000717.jpg,n02108089
n0210808900000719.jpg,n02108089
n0210808900000720.jpg,n02108089
n0210808900000724.jpg,n02108089
n0210808900000725.jpg,n02108089
n0210808900000727.jpg,n02108089
n0210808900000729.jpg,n02108089
n0210808900000731.jpg,n02108089
n0210808900000732.jpg,n02108089
n0210808900000734.jpg,n02108089
n0210808900000736.jpg,n02108089
n0210808900000737.jpg,n02108089
n0210808900000738.jpg,n02108089
n0210808900000740.jpg,n02108089
n0210808900000743.jpg,n02108089
n0210808900000746.jpg,n02108089
n0210808900000748.jpg,n02108089
n0210808900000750.jpg,n02108089
n0210808900000751.jpg,n02108089
n0210808900000754.jpg,n02108089
n0210808900000755.jpg,n02108089
n0210808900000756.jpg,n02108089
n0210808900000757.jpg,n02108089
n0210808900000759.jpg,n02108089
n0210808900000762.jpg,n02108089
n0210808900000764.jpg,n02108089
n0210808900000766.jpg,n02108089
n0210808900000769.jpg,n02108089
n0210808900000770.jpg,n02108089
n0210808900000772.jpg,n02108089
n0210808900000776.jpg,n02108089
n0210808900000778.jpg,n02108089
n0210808900000779.jpg,n02108089
n0210808900000780.jpg,n02108089
n0210808900000782.jpg,n02108089
n0210808900000786.jpg,n02108089
n0210808900000787.jpg,n02108089
n0210808900000789.jpg,n02108089
n0210808900000790.jpg,n02108089
n0210808900000794.jpg,n02108089
n0210808900000795.jpg,n02108089
n0210808900000796.jpg,n02108089
n0210808900000797.jpg,n02108089
n0210808900000799.jpg,n02108089
n0210808900000800.jpg,n02108089
n0210808900000807.jpg,n02108089
n0210808900000809.jpg,n02108089
n0210808900000811.jpg,n02108089
n0210808900000812.jpg,n02108089
n0210808900000813.jpg,n02108089
n0210808900000815.jpg,n02108089
n0210808900000816.jpg,n02108089
n0210808900000817.jpg,n02108089
n0210808900000824.jpg,n02108089
n0210808900000827.jpg,n02108089
n0210808900000828.jpg,n02108089
n0210808900000832.jpg,n02108089
n0210808900000833.jpg,n02108089
n0210808900000835.jpg,n02108089
n0210808900000836.jpg,n02108089
n0210808900000838.jpg,n02108089
n0210808900000839.jpg,n02108089
n0210808900000841.jpg,n02108089
n0210808900000842.jpg,n02108089
n0210808900000844.jpg,n02108089
n0210808900000845.jpg,n02108089
n0210808900000846.jpg,n02108089
n0210808900000851.jpg,n02108089
n0210808900000854.jpg,n02108089
n0210808900000855.jpg,n02108089
n0210808900000860.jpg,n02108089
n0210808900000863.jpg,n02108089
n0210808900000866.jpg,n02108089
n0210808900000868.jpg,n02108089
n0210808900000871.jpg,n02108089
n0210808900000873.jpg,n02108089
n0210808900000876.jpg,n02108089
n0210808900000877.jpg,n02108089
n0210808900000879.jpg,n02108089
n0210808900000880.jpg,n02108089
n0210808900000881.jpg,n02108089
n0210808900000891.jpg,n02108089
n0210808900000894.jpg,n02108089
n0210808900000897.jpg,n02108089
n0210808900000898.jpg,n02108089
n0210808900000901.jpg,n02108089
n0210808900000903.jpg,n02108089
n0210808900000904.jpg,n02108089
n0210808900000905.jpg,n02108089
n0210808900000907.jpg,n02108089
n0210808900000909.jpg,n02108089
n0210808900000914.jpg,n02108089
n0210808900000917.jpg,n02108089
n0210808900000920.jpg,n02108089
n0210808900000922.jpg,n02108089
n0210808900000923.jpg,n02108089
n0210808900000925.jpg,n02108089
n0210808900000929.jpg,n02108089
n0210808900000931.jpg,n02108089
n0210808900000932.jpg,n02108089
n0210808900000933.jpg,n02108089
n0210808900000934.jpg,n02108089
n0210808900000936.jpg,n02108089
n0210808900000938.jpg,n02108089
n0210808900000939.jpg,n02108089
n0210808900000940.jpg,n02108089
n0210808900000943.jpg,n02108089
n0210808900000945.jpg,n02108089
n0210808900000946.jpg,n02108089
n0210808900000948.jpg,n02108089
n0210808900000951.jpg,n02108089
n0210808900000955.jpg,n02108089
n0210808900000956.jpg,n02108089
n0210808900000962.jpg,n02108089
n0210808900000963.jpg,n02108089
n0210808900000964.jpg,n02108089
n0210808900000966.jpg,n02108089
n0210808900000969.jpg,n02108089
n0210808900000970.jpg,n02108089
n0210808900000971.jpg,n02108089
n0210808900000974.jpg,n02108089
n0210808900000975.jpg,n02108089
n0210808900000978.jpg,n02108089
n0210808900000979.jpg,n02108089
n0210808900000980.jpg,n02108089
n0210808900000981.jpg,n02108089
n0210808900000985.jpg,n02108089
n0210808900000986.jpg,n02108089
n0210808900000988.jpg,n02108089
n0210808900000989.jpg,n02108089
n0210808900000990.jpg,n02108089
n0210808900000991.jpg,n02108089
n0210808900000996.jpg,n02108089
n0210808900000998.jpg,n02108089
n0210808900001000.jpg,n02108089
n0210808900001001.jpg,n02108089
n0210808900001002.jpg,n02108089
n0210808900001003.jpg,n02108089
n0210808900001006.jpg,n02108089
n0210808900001007.jpg,n02108089
n0210808900001009.jpg,n02108089
n0210808900001012.jpg,n02108089
n0210808900001020.jpg,n02108089
n0210808900001023.jpg,n02108089
n0210808900001024.jpg,n02108089
n0210808900001025.jpg,n02108089
n0210808900001027.jpg,n02108089
n0210808900001029.jpg,n02108089
n0210808900001030.jpg,n02108089
n0210808900001032.jpg,n02108089
n0210808900001034.jpg,n02108089
n0210808900001035.jpg,n02108089
n0210808900001037.jpg,n02108089
n0210808900001040.jpg,n02108089
n0210808900001041.jpg,n02108089
n0210808900001042.jpg,n02108089
n0210808900001043.jpg,n02108089
n0210808900001044.jpg,n02108089
n0210808900001045.jpg,n02108089
n0210808900001046.jpg,n02108089
n0210808900001048.jpg,n02108089
n0210808900001053.jpg,n02108089
n0210808900001055.jpg,n02108089
n0210808900001058.jpg,n02108089
n0210808900001060.jpg,n02108089
n0210808900001065.jpg,n02108089
n0210808900001067.jpg,n02108089
n0210808900001070.jpg,n02108089
n0210808900001071.jpg,n02108089
n0210808900001073.jpg,n02108089
n0210808900001074.jpg,n02108089
n0210808900001075.jpg,n02108089
n0210808900001077.jpg,n02108089
n0210808900001081.jpg,n02108089
n0210808900001083.jpg,n02108089
n0210808900001084.jpg,n02108089
n0210808900001085.jpg,n02108089
n0210808900001088.jpg,n02108089
n0210808900001089.jpg,n02108089
n0210808900001092.jpg,n02108089
n0210808900001095.jpg,n02108089
n0210808900001096.jpg,n02108089
n0210808900001099.jpg,n02108089
n0210808900001100.jpg,n02108089
n0210808900001101.jpg,n02108089
n0210808900001110.jpg,n02108089
n0210808900001113.jpg,n02108089
n0210808900001115.jpg,n02108089
n0210808900001116.jpg,n02108089
n0210808900001117.jpg,n02108089
n0210808900001119.jpg,n02108089
n0210808900001120.jpg,n02108089
n0210808900001122.jpg,n02108089
n0210808900001123.jpg,n02108089
n0210808900001124.jpg,n02108089
n0210808900001125.jpg,n02108089
n0210808900001128.jpg,n02108089
n0210808900001130.jpg,n02108089
n0210808900001132.jpg,n02108089
n0210808900001133.jpg,n02108089
n0210808900001135.jpg,n02108089
n0210808900001138.jpg,n02108089
n0210808900001140.jpg,n02108089
n0210808900001141.jpg,n02108089
n0210808900001143.jpg,n02108089
n0210808900001145.jpg,n02108089
n0210808900001146.jpg,n02108089
n0210808900001147.jpg,n02108089
n0210808900001148.jpg,n02108089
n0210808900001149.jpg,n02108089
n0210808900001151.jpg,n02108089
n0210808900001154.jpg,n02108089
n0210808900001155.jpg,n02108089
n0210808900001157.jpg,n02108089
n0210808900001159.jpg,n02108089
n0210808900001162.jpg,n02108089
n0210808900001164.jpg,n02108089
n0210808900001165.jpg,n02108089
n0210808900001167.jpg,n02108089
n0210808900001169.jpg,n02108089
n0210808900001170.jpg,n02108089
n0210808900001171.jpg,n02108089
n0210808900001172.jpg,n02108089
n0210808900001174.jpg,n02108089
n0210808900001178.jpg,n02108089
n0210808900001180.jpg,n02108089
n0210808900001182.jpg,n02108089
n0210808900001186.jpg,n02108089
n0210808900001189.jpg,n02108089
n0210808900001192.jpg,n02108089
n0210808900001204.jpg,n02108089
n0210808900001207.jpg,n02108089
n0210808900001208.jpg,n02108089
n0210808900001210.jpg,n02108089
n0210808900001211.jpg,n02108089
n0210808900001217.jpg,n02108089
n0210808900001223.jpg,n02108089
n0210808900001227.jpg,n02108089
n0210808900001228.jpg,n02108089
n0210808900001229.jpg,n02108089
n0210808900001231.jpg,n02108089
n0210808900001233.jpg,n02108089
n0210808900001234.jpg,n02108089
n0210808900001235.jpg,n02108089
n0210808900001236.jpg,n02108089
n0210808900001238.jpg,n02108089
n0210808900001240.jpg,n02108089
n0210808900001241.jpg,n02108089
n0210808900001242.jpg,n02108089
n0210808900001244.jpg,n02108089
n0210808900001247.jpg,n02108089
n0210808900001248.jpg,n02108089
n0210808900001249.jpg,n02108089
n0210808900001250.jpg,n02108089
n0210808900001252.jpg,n02108089
n0210808900001253.jpg,n02108089
n0210808900001256.jpg,n02108089
n0210808900001260.jpg,n02108089
n0210808900001261.jpg,n02108089
n0210808900001264.jpg,n02108089
n0210808900001266.jpg,n02108089
n0210808900001270.jpg,n02108089
n0210808900001271.jpg,n02108089
n0210808900001272.jpg,n02108089
n0210808900001275.jpg,n02108089
n0210808900001277.jpg,n02108089
n0210808900001279.jpg,n02108089
n0210808900001280.jpg,n02108089
n0210808900001281.jpg,n02108089
n0210808900001282.jpg,n02108089
n0210808900001284.jpg,n02108089
n0210808900001287.jpg,n02108089
n0210808900001290.jpg,n02108089
n0210808900001292.jpg,n02108089
n0210808900001293.jpg,n02108089
n0210808900001295.jpg,n02108089
n0210808900001300.jpg,n02108089
n0450941700000001.jpg,n04509417
n0450941700000006.jpg,n04509417
n0450941700000007.jpg,n04509417
n0450941700000008.jpg,n04509417
n0450941700000010.jpg,n04509417
n0450941700000012.jpg,n04509417
n0450941700000019.jpg,n04509417
n0450941700000020.jpg,n04509417
n0450941700000021.jpg,n04509417
n0450941700000022.jpg,n04509417
n0450941700000023.jpg,n04509417
n0450941700000031.jpg,n04509417
n0450941700000032.jpg,n04509417
n0450941700000034.jpg,n04509417
n0450941700000035.jpg,n04509417
n0450941700000038.jpg,n04509417
n0450941700000040.jpg,n04509417
n0450941700000042.jpg,n04509417
n0450941700000049.jpg,n04509417
n0450941700000050.jpg,n04509417
n0450941700000052.jpg,n04509417
n0450941700000058.jpg,n04509417
n0450941700000061.jpg,n04509417
n0450941700000063.jpg,n04509417
n0450941700000064.jpg,n04509417
n0450941700000069.jpg,n04509417
n0450941700000070.jpg,n04509417
n0450941700000071.jpg,n04509417
n0450941700000073.jpg,n04509417
n0450941700000080.jpg,n04509417
n0450941700000081.jpg,n04509417
n0450941700000083.jpg,n04509417
n0450941700000084.jpg,n04509417
n0450941700000086.jpg,n04509417
n0450941700000087.jpg,n04509417
n0450941700000090.jpg,n04509417
n0450941700000093.jpg,n04509417
n0450941700000095.jpg,n04509417
n0450941700000096.jpg,n04509417
n0450941700000097.jpg,n04509417
n0450941700000098.jpg,n04509417
n0450941700000103.jpg,n04509417
n0450941700000107.jpg,n04509417
n0450941700000110.jpg,n04509417
n0450941700000111.jpg,n04509417
n0450941700000112.jpg,n04509417
n0450941700000113.jpg,n04509417
n0450941700000114.jpg,n04509417
n0450941700000115.jpg,n04509417
n0450941700000116.jpg,n04509417
n0450941700000118.jpg,n04509417
n0450941700000119.jpg,n04509417
n0450941700000123.jpg,n04509417
n0450941700000127.jpg,n04509417
n0450941700000131.jpg,n04509417
n0450941700000135.jpg,n04509417
n0450941700000137.jpg,n04509417
n0450941700000138.jpg,n04509417
n0450941700000140.jpg,n04509417
n0450941700000141.jpg,n04509417
n0450941700000142.jpg,n04509417
n0450941700000144.jpg,n04509417
n0450941700000145.jpg,n04509417
n0450941700000147.jpg,n04509417
n0450941700000149.jpg,n04509417
n0450941700000150.jpg,n04509417
n0450941700000154.jpg,n04509417
n0450941700000155.jpg,n04509417
n0450941700000157.jpg,n04509417
n0450941700000158.jpg,n04509417
n0450941700000159.jpg,n04509417
n0450941700000162.jpg,n04509417
n0450941700000163.jpg,n04509417
n0450941700000165.jpg,n04509417
n0450941700000167.jpg,n04509417
n0450941700000170.jpg,n04509417
n0450941700000171.jpg,n04509417
n0450941700000172.jpg,n04509417
n0450941700000173.jpg,n04509417
n0450941700000174.jpg,n04509417
n0450941700000178.jpg,n04509417
n0450941700000179.jpg,n04509417
n0450941700000180.jpg,n04509417
n0450941700000181.jpg,n04509417
n0450941700000182.jpg,n04509417
n0450941700000186.jpg,n04509417
n0450941700000188.jpg,n04509417
n0450941700000190.jpg,n04509417
n0450941700000191.jpg,n04509417
n0450941700000192.jpg,n04509417
n0450941700000193.jpg,n04509417
n0450941700000195.jpg,n04509417
n0450941700000197.jpg,n04509417
n0450941700000199.jpg,n04509417
n0450941700000201.jpg,n04509417
n0450941700000203.jpg,n04509417
n0450941700000204.jpg,n04509417
n0450941700000205.jpg,n04509417
n0450941700000208.jpg,n04509417
n0450941700000211.jpg,n04509417
n0450941700000212.jpg,n04509417
n0450941700000213.jpg,n04509417
n0450941700000215.jpg,n04509417
n0450941700000216.jpg,n04509417
n0450941700000217.jpg,n04509417
n0450941700000218.jpg,n04509417
n0450941700000219.jpg,n04509417
n0450941700000224.jpg,n04509417
n0450941700000225.jpg,n04509417
n0450941700000226.jpg,n04509417
n0450941700000227.jpg,n04509417
n0450941700000228.jpg,n04509417
n0450941700000229.jpg,n04509417
n0450941700000234.jpg,n04509417
n0450941700000236.jpg,n04509417
n0450941700000241.jpg,n04509417
n0450941700000242.jpg,n04509417
n0450941700000246.jpg,n04509417
n0450941700000248.jpg,n04509417
n0450941700000249.jpg,n04509417
n0450941700000250.jpg,n04509417
n0450941700000253.jpg,n04509417
n0450941700000254.jpg,n04509417
n0450941700000255.jpg,n04509417
n0450941700000257.jpg,n04509417
n0450941700000262.jpg,n04509417
n0450941700000263.jpg,n04509417
n0450941700000267.jpg,n04509417
n0450941700000273.jpg,n04509417
n0450941700000274.jpg,n04509417
n0450941700000277.jpg,n04509417
n0450941700000279.jpg,n04509417
n0450941700000280.jpg,n04509417
n0450941700000283.jpg,n04509417
n0450941700000286.jpg,n04509417
n0450941700000289.jpg,n04509417
n0450941700000294.jpg,n04509417
n0450941700000296.jpg,n04509417
n0450941700000297.jpg,n04509417
n0450941700000299.jpg,n04509417
n0450941700000300.jpg,n04509417
n0450941700000301.jpg,n04509417
n0450941700000302.jpg,n04509417
n0450941700000304.jpg,n04509417
n0450941700000305.jpg,n04509417
n0450941700000312.jpg,n04509417
n0450941700000315.jpg,n04509417
n0450941700000317.jpg,n04509417
n0450941700000318.jpg,n04509417
n0450941700000319.jpg,n04509417
n0450941700000320.jpg,n04509417
n0450941700000321.jpg,n04509417
n0450941700000323.jpg,n04509417
n0450941700000324.jpg,n04509417
n0450941700000328.jpg,n04509417
n0450941700000329.jpg,n04509417
n0450941700000331.jpg,n04509417
n0450941700000332.jpg,n04509417
n0450941700000333.jpg,n04509417
n0450941700000335.jpg,n04509417
n0450941700000336.jpg,n04509417
n0450941700000338.jpg,n04509417
n0450941700000339.jpg,n04509417
n0450941700000340.jpg,n04509417
n0450941700000342.jpg,n04509417
n0450941700000344.jpg,n04509417
n0450941700000346.jpg,n04509417
n0450941700000347.jpg,n04509417
n0450941700000354.jpg,n04509417
n0450941700000355.jpg,n04509417
n0450941700000357.jpg,n04509417
n0450941700000358.jpg,n04509417
n0450941700000359.jpg,n04509417
n0450941700000361.jpg,n04509417
n0450941700000363.jpg,n04509417
n0450941700000364.jpg,n04509417
n0450941700000373.jpg,n04509417
n0450941700000375.jpg,n04509417
n0450941700000377.jpg,n04509417
n0450941700000385.jpg,n04509417
n0450941700000387.jpg,n04509417
n0450941700000388.jpg,n04509417
n0450941700000389.jpg,n04509417
n0450941700000392.jpg,n04509417
n0450941700000397.jpg,n04509417
n0450941700000399.jpg,n04509417
n0450941700000401.jpg,n04509417
n0450941700000402.jpg,n04509417
n0450941700000406.jpg,n04509417
n0450941700000407.jpg,n04509417
n0450941700000409.jpg,n04509417
n0450941700000411.jpg,n04509417
n0450941700000424.jpg,n04509417
n0450941700000426.jpg,n04509417
n0450941700000427.jpg,n04509417
n0450941700000428.jpg,n04509417
n0450941700000431.jpg,n04509417
n0450941700000432.jpg,n04509417
n0450941700000435.jpg,n04509417
n0450941700000436.jpg,n04509417
n0450941700000437.jpg,n04509417
n0450941700000438.jpg,n04509417
n0450941700000439.jpg,n04509417
n0450941700000443.jpg,n04509417
n0450941700000446.jpg,n04509417
n0450941700000447.jpg,n04509417
n0450941700000448.jpg,n04509417
n0450941700000450.jpg,n04509417
n0450941700000451.jpg,n04509417
n0450941700000452.jpg,n04509417
n0450941700000455.jpg,n04509417
n0450941700000456.jpg,n04509417
n0450941700000457.jpg,n04509417
n0450941700000458.jpg,n04509417
n0450941700000459.jpg,n04509417
n0450941700000461.jpg,n04509417
n0450941700000462.jpg,n04509417
n0450941700000468.jpg,n04509417
n0450941700000473.jpg,n04509417
n0450941700000475.jpg,n04509417
n0450941700000479.jpg,n04509417
n0450941700000480.jpg,n04509417
n0450941700000481.jpg,n04509417
n0450941700000484.jpg,n04509417
n0450941700000487.jpg,n04509417
n0450941700000488.jpg,n04509417
n0450941700000489.jpg,n04509417
n0450941700000490.jpg,n04509417
n0450941700000491.jpg,n04509417
n0450941700000492.jpg,n04509417
n0450941700000495.jpg,n04509417
n0450941700000496.jpg,n04509417
n0450941700000497.jpg,n04509417
n0450941700000498.jpg,n04509417
n0450941700000501.jpg,n04509417
n0450941700000502.jpg,n04509417
n0450941700000503.jpg,n04509417
n0450941700000504.jpg,n04509417
n0450941700000505.jpg,n04509417
n0450941700000508.jpg,n04509417
n0450941700000509.jpg,n04509417
n0450941700000512.jpg,n04509417
n0450941700000516.jpg,n04509417
n0450941700000517.jpg,n04509417
n0450941700000518.jpg,n04509417
n0450941700000520.jpg,n04509417
n0450941700000524.jpg,n04509417
n0450941700000525.jpg,n04509417
n0450941700000531.jpg,n04509417
n0450941700000532.jpg,n04509417
n0450941700000533.jpg,n04509417
n0450941700000534.jpg,n04509417
n0450941700000535.jpg,n04509417
n0450941700000536.jpg,n04509417
n0450941700000539.jpg,n04509417
n0450941700000541.jpg,n04509417
n0450941700000542.jpg,n04509417
n0450941700000544.jpg,n04509417
n0450941700000548.jpg,n04509417
n0450941700000549.jpg,n04509417
n0450941700000550.jpg,n04509417
n0450941700000551.jpg,n04509417
n0450941700000552.jpg,n04509417
n0450941700000557.jpg,n04509417
n0450941700000558.jpg,n04509417
n0450941700000559.jpg,n04509417
n0450941700000560.jpg,n04509417
n0450941700000562.jpg,n04509417
n0450941700000565.jpg,n04509417
n0450941700000568.jpg,n04509417
n0450941700000572.jpg,n04509417
n0450941700000575.jpg,n04509417
n0450941700000577.jpg,n04509417
n0450941700000579.jpg,n04509417
n0450941700000585.jpg,n04509417
n0450941700000587.jpg,n04509417
n0450941700000588.jpg,n04509417
n0450941700000589.jpg,n04509417
n0450941700000593.jpg,n04509417
n0450941700000596.jpg,n04509417
n0450941700000599.jpg,n04509417
n0450941700000601.jpg,n04509417
n0450941700000603.jpg,n04509417
n0450941700000611.jpg,n04509417
n0450941700000612.jpg,n04509417
n0450941700000616.jpg,n04509417
n0450941700000619.jpg,n04509417
n0450941700000622.jpg,n04509417
n0450941700000624.jpg,n04509417
n0450941700000625.jpg,n04509417
n0450941700000626.jpg,n04509417
n0450941700000628.jpg,n04509417
n0450941700000630.jpg,n04509417
n0450941700000631.jpg,n04509417
n0450941700000638.jpg,n04509417
n0450941700000646.jpg,n04509417
n0450941700000647.jpg,n04509417
n0450941700000648.jpg,n04509417
n0450941700000650.jpg,n04509417
n0450941700000653.jpg,n04509417
n0450941700000654.jpg,n04509417
n0450941700000655.jpg,n04509417
n0450941700000657.jpg,n04509417
n0450941700000659.jpg,n04509417
n0450941700000660.jpg,n04509417
n0450941700000661.jpg,n04509417
n0450941700000663.jpg,n04509417
n0450941700000667.jpg,n04509417
n0450941700000672.jpg,n04509417
n0450941700000673.jpg,n04509417
n0450941700000675.jpg,n04509417
n0450941700000676.jpg,n04509417
n0450941700000682.jpg,n04509417
n0450941700000683.jpg,n04509417
n0450941700000684.jpg,n04509417
n0450941700000685.jpg,n04509417
n0450941700000688.jpg,n04509417
n0450941700000692.jpg,n04509417
n0450941700000693.jpg,n04509417
n0450941700000695.jpg,n04509417
n0450941700000698.jpg,n04509417
n0450941700000699.jpg,n04509417
n0450941700000703.jpg,n04509417
n0450941700000707.jpg,n04509417
n0450941700000708.jpg,n04509417
n0450941700000709.jpg,n04509417
n0450941700000710.jpg,n04509417
n0450941700000714.jpg,n04509417
n0450941700000720.jpg,n04509417
n0450941700000721.jpg,n04509417
n0450941700000725.jpg,n04509417
n0450941700000730.jpg,n04509417
n0450941700000731.jpg,n04509417
n0450941700000734.jpg,n04509417
n0450941700000736.jpg,n04509417
n0450941700000737.jpg,n04509417
n0450941700000738.jpg,n04509417
n0450941700000740.jpg,n04509417
n0450941700000741.jpg,n04509417
n0450941700000743.jpg,n04509417
n0450941700000744.jpg,n04509417
n0450941700000749.jpg,n04509417
n0450941700000751.jpg,n04509417
n0450941700000758.jpg,n04509417
n0450941700000759.jpg,n04509417
n0450941700000760.jpg,n04509417
n0450941700000763.jpg,n04509417
n0450941700000765.jpg,n04509417
n0450941700000766.jpg,n04509417
n0450941700000768.jpg,n04509417
n0450941700000769.jpg,n04509417
n0450941700000773.jpg,n04509417
n0450941700000774.jpg,n04509417
n0450941700000775.jpg,n04509417
n0450941700000776.jpg,n04509417
n0450941700000779.jpg,n04509417
n0450941700000780.jpg,n04509417
n0450941700000782.jpg,n04509417
n0450941700000785.jpg,n04509417
n0450941700000787.jpg,n04509417
n0450941700000788.jpg,n04509417
n0450941700000789.jpg,n04509417
n0450941700000790.jpg,n04509417
n0450941700000792.jpg,n04509417
n0450941700000793.jpg,n04509417
n0450941700000799.jpg,n04509417
n0450941700000800.jpg,n04509417
n0450941700000801.jpg,n04509417
n0450941700000802.jpg,n04509417
n0450941700000803.jpg,n04509417
n0450941700000804.jpg,n04509417
n0450941700000809.jpg,n04509417
n0450941700000811.jpg,n04509417
n0450941700000812.jpg,n04509417
n0450941700000813.jpg,n04509417
n0450941700000815.jpg,n04509417
n0450941700000817.jpg,n04509417
n0450941700000818.jpg,n04509417
n0450941700000819.jpg,n04509417
n0450941700000820.jpg,n04509417
n0450941700000822.jpg,n04509417
n0450941700000824.jpg,n04509417
n0450941700000826.jpg,n04509417
n0450941700000827.jpg,n04509417
n0450941700000829.jpg,n04509417
n0450941700000831.jpg,n04509417
n0450941700000834.jpg,n04509417
n0450941700000838.jpg,n04509417
n0450941700000839.jpg,n04509417
n0450941700000841.jpg,n04509417
n0450941700000842.jpg,n04509417
n0450941700000843.jpg,n04509417
n0450941700000848.jpg,n04509417
n0450941700000852.jpg,n04509417
n0450941700000853.jpg,n04509417
n0450941700000855.jpg,n04509417
n0450941700000856.jpg,n04509417
n0450941700000857.jpg,n04509417
n0450941700000859.jpg,n04509417
n0450941700000860.jpg,n04509417
n0450941700000862.jpg,n04509417
n0450941700000864.jpg,n04509417
n0450941700000866.jpg,n04509417
n0450941700000867.jpg,n04509417
n0450941700000871.jpg,n04509417
n0450941700000874.jpg,n04509417
n0450941700000875.jpg,n04509417
n0450941700000876.jpg,n04509417
n0450941700000877.jpg,n04509417
n0450941700000882.jpg,n04509417
n0450941700000883.jpg,n04509417
n0450941700000885.jpg,n04509417
n0450941700000886.jpg,n04509417
n0450941700000887.jpg,n04509417
n0450941700000888.jpg,n04509417
n0450941700000890.jpg,n04509417
n0450941700000892.jpg,n04509417
n0450941700000894.jpg,n04509417
n0450941700000895.jpg,n04509417
n0450941700000896.jpg,n04509417
n0450941700000898.jpg,n04509417
n0450941700000899.jpg,n04509417
n0450941700000902.jpg,n04509417
n0450941700000905.jpg,n04509417
n0450941700000908.jpg,n04509417
n0450941700000914.jpg,n04509417
n0450941700000915.jpg,n04509417
n0450941700000916.jpg,n04509417
n0450941700000919.jpg,n04509417
n0450941700000921.jpg,n04509417
n0450941700000932.jpg,n04509417
n0450941700000933.jpg,n04509417
n0450941700000934.jpg,n04509417
n0450941700000935.jpg,n04509417
n0450941700000937.jpg,n04509417
n0450941700000938.jpg,n04509417
n0450941700000939.jpg,n04509417
n0450941700000941.jpg,n04509417
n0450941700000943.jpg,n04509417
n0450941700000944.jpg,n04509417
n0450941700000949.jpg,n04509417
n0450941700000950.jpg,n04509417
n0450941700000952.jpg,n04509417
n0450941700000953.jpg,n04509417
n0450941700000956.jpg,n04509417
n0450941700000957.jpg,n04509417
n0450941700000958.jpg,n04509417
n0450941700000961.jpg,n04509417
n0450941700000964.jpg,n04509417
n0450941700000965.jpg,n04509417
n0450941700000966.jpg,n04509417
n0450941700000967.jpg,n04509417
n0450941700000968.jpg,n04509417
n0450941700000969.jpg,n04509417
n0450941700000970.jpg,n04509417
n0450941700000972.jpg,n04509417
n0450941700000976.jpg,n04509417
n0450941700000977.jpg,n04509417
n0450941700000982.jpg,n04509417
n0450941700000983.jpg,n04509417
n0450941700000985.jpg,n04509417
n0450941700000986.jpg,n04509417
n0450941700000987.jpg,n04509417
n0450941700000988.jpg,n04509417
n0450941700000991.jpg,n04509417
n0450941700000994.jpg,n04509417
n0450941700000995.jpg,n04509417
n0450941700001000.jpg,n04509417
n0450941700001001.jpg,n04509417
n0450941700001003.jpg,n04509417
n0450941700001005.jpg,n04509417
n0450941700001006.jpg,n04509417
n0450941700001011.jpg,n04509417
n0450941700001012.jpg,n04509417
n0450941700001014.jpg,n04509417
n0450941700001017.jpg,n04509417
n0450941700001019.jpg,n04509417
n0450941700001023.jpg,n04509417
n0450941700001024.jpg,n04509417
n0450941700001025.jpg,n04509417
n0450941700001030.jpg,n04509417
n0450941700001031.jpg,n04509417
n0450941700001033.jpg,n04509417
n0450941700001034.jpg,n04509417
n0450941700001035.jpg,n04509417
n0450941700001036.jpg,n04509417
n0450941700001045.jpg,n04509417
n0450941700001046.jpg,n04509417
n0450941700001047.jpg,n04509417
n0450941700001054.jpg,n04509417
n0450941700001055.jpg,n04509417
n0450941700001057.jpg,n04509417
n0450941700001059.jpg,n04509417
n0450941700001063.jpg,n04509417
n0450941700001064.jpg,n04509417
n0450941700001065.jpg,n04509417
n0450941700001066.jpg,n04509417
n0450941700001067.jpg,n04509417
n0450941700001071.jpg,n04509417
n0450941700001072.jpg,n04509417
n0450941700001077.jpg,n04509417
n0450941700001078.jpg,n04509417
n0450941700001079.jpg,n04509417
n0450941700001084.jpg,n04509417
n0450941700001085.jpg,n04509417
n0450941700001089.jpg,n04509417
n0450941700001092.jpg,n04509417
n0450941700001094.jpg,n04509417
n0450941700001097.jpg,n04509417
n0450941700001098.jpg,n04509417
n0450941700001099.jpg,n04509417
n0450941700001101.jpg,n04509417
n0450941700001102.jpg,n04509417
n0450941700001104.jpg,n04509417
n0450941700001106.jpg,n04509417
n0450941700001107.jpg,n04509417
n0450941700001114.jpg,n04509417
n0450941700001119.jpg,n04509417
n0450941700001121.jpg,n04509417
n0450941700001122.jpg,n04509417
n0450941700001128.jpg,n04509417
n0450941700001132.jpg,n04509417
n0450941700001135.jpg,n04509417
n0450941700001136.jpg,n04509417
n0450941700001137.jpg,n04509417
n0450941700001138.jpg,n04509417
n0450941700001139.jpg,n04509417
n0450941700001140.jpg,n04509417
n0450941700001141.jpg,n04509417
n0450941700001142.jpg,n04509417
n0450941700001143.jpg,n04509417
n0450941700001144.jpg,n04509417
n0450941700001145.jpg,n04509417
n0450941700001147.jpg,n04509417
n0450941700001149.jpg,n04509417
n0450941700001150.jpg,n04509417
n0450941700001151.jpg,n04509417
n0450941700001152.jpg,n04509417
n0450941700001153.jpg,n04509417
n0450941700001156.jpg,n04509417
n0450941700001157.jpg,n04509417
n0450941700001160.jpg,n04509417
n0450941700001164.jpg,n04509417
n0450941700001167.jpg,n04509417
n0450941700001169.jpg,n04509417
n0450941700001174.jpg,n04509417
n0450941700001176.jpg,n04509417
n0450941700001181.jpg,n04509417
n0450941700001184.jpg,n04509417
n0450941700001186.jpg,n04509417
n0450941700001187.jpg,n04509417
n0450941700001189.jpg,n04509417
n0450941700001192.jpg,n04509417
n0450941700001195.jpg,n04509417
n0450941700001196.jpg,n04509417
n0450941700001197.jpg,n04509417
n0450941700001199.jpg,n04509417
n0450941700001200.jpg,n04509417
n0450941700001202.jpg,n04509417
n0450941700001203.jpg,n04509417
n0450941700001207.jpg,n04509417
n0450941700001208.jpg,n04509417
n0450941700001213.jpg,n04509417
n0450941700001216.jpg,n04509417
n0450941700001218.jpg,n04509417
n0450941700001220.jpg,n04509417
n0450941700001222.jpg,n04509417
n0450941700001224.jpg,n04509417
n0450941700001225.jpg,n04509417
n0450941700001227.jpg,n04509417
n0450941700001230.jpg,n04509417
n0450941700001231.jpg,n04509417
n0450941700001232.jpg,n04509417
n0450941700001233.jpg,n04509417
n0450941700001236.jpg,n04509417
n0450941700001241.jpg,n04509417
n0450941700001242.jpg,n04509417
n0450941700001244.jpg,n04509417
n0450941700001248.jpg,n04509417
n0450941700001249.jpg,n04509417
n0450941700001252.jpg,n04509417
n0450941700001253.jpg,n04509417
n0450941700001254.jpg,n04509417
n0450941700001257.jpg,n04509417
n0450941700001258.jpg,n04509417
n0450941700001260.jpg,n04509417
n0450941700001266.jpg,n04509417
n0450941700001267.jpg,n04509417
n0450941700001268.jpg,n04509417
n0450941700001270.jpg,n04509417
n0450941700001274.jpg,n04509417
n0450941700001275.jpg,n04509417
n0450941700001277.jpg,n04509417
n0450941700001281.jpg,n04509417
n0450941700001283.jpg,n04509417
n0450941700001285.jpg,n04509417
n0450941700001287.jpg,n04509417
n0450941700001294.jpg,n04509417
n0450941700001297.jpg,n04509417
n0450941700001300.jpg,n04509417
n0211371200000001.jpg,n02113712
n0211371200000004.jpg,n02113712
n0211371200000005.jpg,n02113712
n0211371200000007.jpg,n02113712
n0211371200000009.jpg,n02113712
n0211371200000012.jpg,n02113712
n0211371200000014.jpg,n02113712
n0211371200000015.jpg,n02113712
n0211371200000016.jpg,n02113712
n0211371200000018.jpg,n02113712
n0211371200000019.jpg,n02113712
n0211371200000021.jpg,n02113712
n0211371200000022.jpg,n02113712
n0211371200000024.jpg,n02113712
n0211371200000025.jpg,n02113712
n0211371200000026.jpg,n02113712
n0211371200000032.jpg,n02113712
n0211371200000033.jpg,n02113712
n0211371200000036.jpg,n02113712
n0211371200000037.jpg,n02113712
n0211371200000038.jpg,n02113712
n0211371200000039.jpg,n02113712
n0211371200000045.jpg,n02113712
n0211371200000046.jpg,n02113712
n0211371200000053.jpg,n02113712
n0211371200000057.jpg,n02113712
n0211371200000058.jpg,n02113712
n0211371200000060.jpg,n02113712
n0211371200000061.jpg,n02113712
n0211371200000062.jpg,n02113712
n0211371200000063.jpg,n02113712
n0211371200000065.jpg,n02113712
n0211371200000066.jpg,n02113712
n0211371200000069.jpg,n02113712
n0211371200000070.jpg,n02113712
n0211371200000071.jpg,n02113712
n0211371200000074.jpg,n02113712
n0211371200000078.jpg,n02113712
n0211371200000083.jpg,n02113712
n0211371200000084.jpg,n02113712
n0211371200000089.jpg,n02113712
n0211371200000091.jpg,n02113712
n0211371200000092.jpg,n02113712
n0211371200000094.jpg,n02113712
n0211371200000095.jpg,n02113712
n0211371200000101.jpg,n02113712
n0211371200000102.jpg,n02113712
n0211371200000103.jpg,n02113712
n0211371200000105.jpg,n02113712
n0211371200000108.jpg,n02113712
n0211371200000109.jpg,n02113712
n0211371200000110.jpg,n02113712
n0211371200000111.jpg,n02113712
n0211371200000112.jpg,n02113712
n0211371200000115.jpg,n02113712
n0211371200000116.jpg,n02113712
n0211371200000117.jpg,n02113712
n0211371200000119.jpg,n02113712
n0211371200000120.jpg,n02113712
n0211371200000122.jpg,n02113712
n0211371200000123.jpg,n02113712
n0211371200000124.jpg,n02113712
n0211371200000126.jpg,n02113712
n0211371200000128.jpg,n02113712
n0211371200000129.jpg,n02113712
n0211371200000130.jpg,n02113712
n0211371200000131.jpg,n02113712
n0211371200000132.jpg,n02113712
n0211371200000133.jpg,n02113712
n0211371200000134.jpg,n02113712
n0211371200000137.jpg,n02113712
n0211371200000138.jpg,n02113712
n0211371200000143.jpg,n02113712
n0211371200000149.jpg,n02113712
n0211371200000150.jpg,n02113712
n0211371200000153.jpg,n02113712
n0211371200000156.jpg,n02113712
n0211371200000157.jpg,n02113712
n0211371200000158.jpg,n02113712
n0211371200000159.jpg,n02113712
n0211371200000160.jpg,n02113712
n0211371200000165.jpg,n02113712
n0211371200000167.jpg,n02113712
n0211371200000168.jpg,n02113712
n0211371200000170.jpg,n02113712
n0211371200000172.jpg,n02113712
n0211371200000173.jpg,n02113712
n0211371200000177.jpg,n02113712
n0211371200000179.jpg,n02113712
n0211371200000181.jpg,n02113712
n0211371200000184.jpg,n02113712
n0211371200000185.jpg,n02113712
n0211371200000187.jpg,n02113712
n0211371200000188.jpg,n02113712
n0211371200000196.jpg,n02113712
n0211371200000198.jpg,n02113712
n0211371200000202.jpg,n02113712
n0211371200000208.jpg,n02113712
n0211371200000209.jpg,n02113712
n0211371200000212.jpg,n02113712
n0211371200000213.jpg,n02113712
n0211371200000215.jpg,n02113712
n0211371200000216.jpg,n02113712
n0211371200000217.jpg,n02113712
n0211371200000218.jpg,n02113712
n0211371200000220.jpg,n02113712
n0211371200000221.jpg,n02113712
n0211371200000222.jpg,n02113712
n0211371200000223.jpg,n02113712
n0211371200000224.jpg,n02113712
n0211371200000225.jpg,n02113712
n0211371200000226.jpg,n02113712
n0211371200000227.jpg,n02113712
n0211371200000228.jpg,n02113712
n0211371200000229.jpg,n02113712
n0211371200000230.jpg,n02113712
n0211371200000233.jpg,n02113712
n0211371200000234.jpg,n02113712
n0211371200000235.jpg,n02113712
n0211371200000236.jpg,n02113712
n0211371200000238.jpg,n02113712
n0211371200000239.jpg,n02113712
n0211371200000240.jpg,n02113712
n0211371200000242.jpg,n02113712
n0211371200000247.jpg,n02113712
n0211371200000248.jpg,n02113712
n0211371200000251.jpg,n02113712
n0211371200000256.jpg,n02113712
n0211371200000257.jpg,n02113712
n0211371200000258.jpg,n02113712
n0211371200000259.jpg,n02113712
n0211371200000260.jpg,n02113712
n0211371200000261.jpg,n02113712
n0211371200000264.jpg,n02113712
n0211371200000267.jpg,n02113712
n0211371200000268.jpg,n02113712
n0211371200000272.jpg,n02113712
n0211371200000274.jpg,n02113712
n0211371200000275.jpg,n02113712
n0211371200000278.jpg,n02113712
n0211371200000281.jpg,n02113712
n0211371200000283.jpg,n02113712
n0211371200000284.jpg,n02113712
n0211371200000285.jpg,n02113712
n0211371200000286.jpg,n02113712
n0211371200000287.jpg,n02113712
n0211371200000288.jpg,n02113712
n0211371200000291.jpg,n02113712
n0211371200000297.jpg,n02113712
n0211371200000302.jpg,n02113712
n0211371200000303.jpg,n02113712
n0211371200000306.jpg,n02113712
n0211371200000307.jpg,n02113712
n0211371200000309.jpg,n02113712
n0211371200000310.jpg,n02113712
n0211371200000313.jpg,n02113712
n0211371200000319.jpg,n02113712
n0211371200000323.jpg,n02113712
n0211371200000326.jpg,n02113712
n0211371200000332.jpg,n02113712
n0211371200000334.jpg,n02113712
n0211371200000338.jpg,n02113712
n0211371200000339.jpg,n02113712
n0211371200000341.jpg,n02113712
n0211371200000342.jpg,n02113712
n0211371200000343.jpg,n02113712
n0211371200000344.jpg,n02113712
n0211371200000348.jpg,n02113712
n0211371200000349.jpg,n02113712
n0211371200000350.jpg,n02113712
n0211371200000353.jpg,n02113712
n0211371200000354.jpg,n02113712
n0211371200000356.jpg,n02113712
n0211371200000359.jpg,n02113712
n0211371200000361.jpg,n02113712
n0211371200000362.jpg,n02113712
n0211371200000364.jpg,n02113712
n0211371200000365.jpg,n02113712
n0211371200000367.jpg,n02113712
n0211371200000370.jpg,n02113712
n0211371200000371.jpg,n02113712
n0211371200000373.jpg,n02113712
n0211371200000378.jpg,n02113712
n0211371200000379.jpg,n02113712
n0211371200000382.jpg,n02113712
n0211371200000384.jpg,n02113712
n0211371200000385.jpg,n02113712
n0211371200000386.jpg,n02113712
n0211371200000387.jpg,n02113712
n0211371200000389.jpg,n02113712
n0211371200000394.jpg,n02113712
n0211371200000400.jpg,n02113712
n0211371200000401.jpg,n02113712
n0211371200000402.jpg,n02113712
n0211371200000404.jpg,n02113712
n0211371200000415.jpg,n02113712
n0211371200000417.jpg,n02113712
n0211371200000420.jpg,n02113712
n0211371200000421.jpg,n02113712
n0211371200000423.jpg,n02113712
n0211371200000427.jpg,n02113712
n0211371200000428.jpg,n02113712
n0211371200000431.jpg,n02113712
n0211371200000433.jpg,n02113712
n0211371200000438.jpg,n02113712
n0211371200000440.jpg,n02113712
n0211371200000443.jpg,n02113712
n0211371200000444.jpg,n02113712
n0211371200000446.jpg,n02113712
n0211371200000448.jpg,n02113712
n0211371200000449.jpg,n02113712
n0211371200000451.jpg,n02113712
n0211371200000454.jpg,n02113712
n0211371200000460.jpg,n02113712
n0211371200000462.jpg,n02113712
n0211371200000465.jpg,n02113712
n0211371200000468.jpg,n02113712
n0211371200000469.jpg,n02113712
n0211371200000470.jpg,n02113712
n0211371200000472.jpg,n02113712
n0211371200000473.jpg,n02113712
n0211371200000474.jpg,n02113712
n0211371200000475.jpg,n02113712
n0211371200000476.jpg,n02113712
n0211371200000479.jpg,n02113712
n0211371200000481.jpg,n02113712
n0211371200000482.jpg,n02113712
n0211371200000484.jpg,n02113712
n0211371200000486.jpg,n02113712
n0211371200000487.jpg,n02113712
n0211371200000489.jpg,n02113712
n0211371200000492.jpg,n02113712
n0211371200000494.jpg,n02113712
n0211371200000500.jpg,n02113712
n0211371200000501.jpg,n02113712
n0211371200000502.jpg,n02113712
n0211371200000508.jpg,n02113712
n0211371200000510.jpg,n02113712
n0211371200000514.jpg,n02113712
n0211371200000515.jpg,n02113712
n0211371200000516.jpg,n02113712
n0211371200000517.jpg,n02113712
n0211371200000518.jpg,n02113712
n0211371200000520.jpg,n02113712
n0211371200000523.jpg,n02113712
n0211371200000525.jpg,n02113712
n0211371200000526.jpg,n02113712
n0211371200000527.jpg,n02113712
n0211371200000529.jpg,n02113712
n0211371200000531.jpg,n02113712
n0211371200000532.jpg,n02113712
n0211371200000535.jpg,n02113712
n0211371200000542.jpg,n02113712
n0211371200000545.jpg,n02113712
n0211371200000546.jpg,n02113712
n0211371200000549.jpg,n02113712
n0211371200000550.jpg,n02113712
n0211371200000553.jpg,n02113712
n0211371200000558.jpg,n02113712
n0211371200000560.jpg,n02113712
n0211371200000561.jpg,n02113712
n0211371200000564.jpg,n02113712
n0211371200000566.jpg,n02113712
n0211371200000567.jpg,n02113712
n0211371200000568.jpg,n02113712
n0211371200000570.jpg,n02113712
n0211371200000571.jpg,n02113712
n0211371200000572.jpg,n02113712
n0211371200000573.jpg,n02113712
n0211371200000574.jpg,n02113712
n0211371200000577.jpg,n02113712
n0211371200000579.jpg,n02113712
n0211371200000581.jpg,n02113712
n0211371200000583.jpg,n02113712
n0211371200000584.jpg,n02113712
n0211371200000585.jpg,n02113712
n0211371200000586.jpg,n02113712
n0211371200000588.jpg,n02113712
n0211371200000590.jpg,n02113712
n0211371200000591.jpg,n02113712
n0211371200000593.jpg,n02113712
n0211371200000594.jpg,n02113712
n0211371200000596.jpg,n02113712
n0211371200000599.jpg,n02113712
n0211371200000600.jpg,n02113712
n0211371200000601.jpg,n02113712
n0211371200000604.jpg,n02113712
n0211371200000606.jpg,n02113712
n0211371200000607.jpg,n02113712
n0211371200000608.jpg,n02113712
n0211371200000609.jpg,n02113712
n0211371200000613.jpg,n02113712
n0211371200000614.jpg,n02113712
n0211371200000615.jpg,n02113712
n0211371200000617.jpg,n02113712
n0211371200000618.jpg,n02113712
n0211371200000622.jpg,n02113712
n0211371200000623.jpg,n02113712
n0211371200000629.jpg,n02113712
n0211371200000633.jpg,n02113712
n0211371200000635.jpg,n02113712
n0211371200000637.jpg,n02113712
n0211371200000638.jpg,n02113712
n0211371200000642.jpg,n02113712
n0211371200000643.jpg,n02113712
n0211371200000645.jpg,n02113712
n0211371200000646.jpg,n02113712
n0211371200000647.jpg,n02113712
n0211371200000650.jpg,n02113712
n0211371200000652.jpg,n02113712
n0211371200000653.jpg,n02113712
n0211371200000655.jpg,n02113712
n0211371200000656.jpg,n02113712
n0211371200000662.jpg,n02113712
n0211371200000663.jpg,n02113712
n0211371200000666.jpg,n02113712
n0211371200000667.jpg,n02113712
n0211371200000668.jpg,n02113712
n0211371200000669.jpg,n02113712
n0211371200000671.jpg,n02113712
n0211371200000673.jpg,n02113712
n0211371200000675.jpg,n02113712
n0211371200000676.jpg,n02113712
n0211371200000681.jpg,n02113712
n0211371200000682.jpg,n02113712
n0211371200000689.jpg,n02113712
n0211371200000690.jpg,n02113712
n0211371200000691.jpg,n02113712
n0211371200000692.jpg,n02113712
n0211371200000693.jpg,n02113712
n0211371200000696.jpg,n02113712
n0211371200000698.jpg,n02113712
n0211371200000705.jpg,n02113712
n0211371200000706.jpg,n02113712
n0211371200000709.jpg,n02113712
n0211371200000710.jpg,n02113712
n0211371200000711.jpg,n02113712
n0211371200000712.jpg,n02113712
n0211371200000713.jpg,n02113712
n0211371200000714.jpg,n02113712
n0211371200000715.jpg,n02113712
n0211371200000716.jpg,n02113712
n0211371200000717.jpg,n02113712
n0211371200000718.jpg,n02113712
n0211371200000721.jpg,n02113712
n0211371200000722.jpg,n02113712
n0211371200000726.jpg,n02113712
n0211371200000728.jpg,n02113712
n0211371200000729.jpg,n02113712
n0211371200000736.jpg,n02113712
n0211371200000738.jpg,n02113712
n0211371200000740.jpg,n02113712
n0211371200000744.jpg,n02113712
n0211371200000747.jpg,n02113712
n0211371200000748.jpg,n02113712
n0211371200000749.jpg,n02113712
n0211371200000757.jpg,n02113712
n0211371200000759.jpg,n02113712
n0211371200000760.jpg,n02113712
n0211371200000766.jpg,n02113712
n0211371200000769.jpg,n02113712
n0211371200000770.jpg,n02113712
n0211371200000771.jpg,n02113712
n0211371200000775.jpg,n02113712
n0211371200000777.jpg,n02113712
n0211371200000778.jpg,n02113712
n0211371200000780.jpg,n02113712
n0211371200000786.jpg,n02113712
n0211371200000787.jpg,n02113712
n0211371200000791.jpg,n02113712
n0211371200000793.jpg,n02113712
n0211371200000794.jpg,n02113712
n0211371200000795.jpg,n02113712
n0211371200000798.jpg,n02113712
n0211371200000802.jpg,n02113712
n0211371200000804.jpg,n02113712
n0211371200000806.jpg,n02113712
n0211371200000810.jpg,n02113712
n0211371200000813.jpg,n02113712
n0211371200000814.jpg,n02113712
n0211371200000815.jpg,n02113712
n0211371200000816.jpg,n02113712
n0211371200000817.jpg,n02113712
n0211371200000818.jpg,n02113712
n0211371200000820.jpg,n02113712
n0211371200000821.jpg,n02113712
n0211371200000823.jpg,n02113712
n0211371200000824.jpg,n02113712
n0211371200000825.jpg,n02113712
n0211371200000827.jpg,n02113712
n0211371200000828.jpg,n02113712
n0211371200000833.jpg,n02113712
n0211371200000836.jpg,n02113712
n0211371200000837.jpg,n02113712
n0211371200000838.jpg,n02113712
n0211371200000839.jpg,n02113712
n0211371200000841.jpg,n02113712
n0211371200000844.jpg,n02113712
n0211371200000852.jpg,n02113712
n0211371200000853.jpg,n02113712
n0211371200000855.jpg,n02113712
n0211371200000856.jpg,n02113712
n0211371200000860.jpg,n02113712
n0211371200000862.jpg,n02113712
n0211371200000864.jpg,n02113712
n0211371200000865.jpg,n02113712
n0211371200000868.jpg,n02113712
n0211371200000870.jpg,n02113712
n0211371200000871.jpg,n02113712
n0211371200000874.jpg,n02113712
n0211371200000879.jpg,n02113712
n0211371200000880.jpg,n02113712
n0211371200000882.jpg,n02113712
n0211371200000887.jpg,n02113712
n0211371200000888.jpg,n02113712
n0211371200000891.jpg,n02113712
n0211371200000894.jpg,n02113712
n0211371200000898.jpg,n02113712
n0211371200000901.jpg,n02113712
n0211371200000902.jpg,n02113712
n0211371200000903.jpg,n02113712
n0211371200000904.jpg,n02113712
n0211371200000906.jpg,n02113712
n0211371200000908.jpg,n02113712
n0211371200000909.jpg,n02113712
n0211371200000910.jpg,n02113712
n0211371200000911.jpg,n02113712
n0211371200000913.jpg,n02113712
n0211371200000915.jpg,n02113712
n0211371200000916.jpg,n02113712
n0211371200000919.jpg,n02113712
n0211371200000921.jpg,n02113712
n0211371200000924.jpg,n02113712
n0211371200000925.jpg,n02113712
n0211371200000926.jpg,n02113712
n0211371200000927.jpg,n02113712
n0211371200000928.jpg,n02113712
n0211371200000935.jpg,n02113712
n0211371200000938.jpg,n02113712
n0211371200000942.jpg,n02113712
n0211371200000943.jpg,n02113712
n0211371200000945.jpg,n02113712
n0211371200000946.jpg,n02113712
n0211371200000948.jpg,n02113712
n0211371200000952.jpg,n02113712
n0211371200000953.jpg,n02113712
n0211371200000956.jpg,n02113712
n0211371200000957.jpg,n02113712
n0211371200000958.jpg,n02113712
n0211371200000964.jpg,n02113712
n0211371200000966.jpg,n02113712
n0211371200000967.jpg,n02113712
n0211371200000968.jpg,n02113712
n0211371200000969.jpg,n02113712
n0211371200000973.jpg,n02113712
n0211371200000975.jpg,n02113712
n0211371200000978.jpg,n02113712
n0211371200000980.jpg,n02113712
n0211371200000981.jpg,n02113712
n0211371200000984.jpg,n02113712
n0211371200000986.jpg,n02113712
n0211371200000990.jpg,n02113712
n0211371200000991.jpg,n02113712
n0211371200000993.jpg,n02113712
n0211371200000994.jpg,n02113712
n0211371200000997.jpg,n02113712
n0211371200000999.jpg,n02113712
n0211371200001000.jpg,n02113712
n0211371200001001.jpg,n02113712
n0211371200001003.jpg,n02113712
n0211371200001004.jpg,n02113712
n0211371200001006.jpg,n02113712
n0211371200001007.jpg,n02113712
n0211371200001009.jpg,n02113712
n0211371200001010.jpg,n02113712
n0211371200001013.jpg,n02113712
n0211371200001014.jpg,n02113712
n0211371200001018.jpg,n02113712
n0211371200001019.jpg,n02113712
n0211371200001021.jpg,n02113712
n0211371200001029.jpg,n02113712
n0211371200001033.jpg,n02113712
n0211371200001035.jpg,n02113712
n0211371200001036.jpg,n02113712
n0211371200001039.jpg,n02113712
n0211371200001040.jpg,n02113712
n0211371200001041.jpg,n02113712
n0211371200001042.jpg,n02113712
n0211371200001044.jpg,n02113712
n0211371200001046.jpg,n02113712
n0211371200001050.jpg,n02113712
n0211371200001052.jpg,n02113712
n0211371200001053.jpg,n02113712
n0211371200001054.jpg,n02113712
n0211371200001058.jpg,n02113712
n0211371200001059.jpg,n02113712
n0211371200001066.jpg,n02113712
n0211371200001068.jpg,n02113712
n0211371200001070.jpg,n02113712
n0211371200001071.jpg,n02113712
n0211371200001072.jpg,n02113712
n0211371200001073.jpg,n02113712
n0211371200001074.jpg,n02113712
n0211371200001082.jpg,n02113712
n0211371200001083.jpg,n02113712
n0211371200001084.jpg,n02113712
n0211371200001085.jpg,n02113712
n0211371200001086.jpg,n02113712
n0211371200001090.jpg,n02113712
n0211371200001093.jpg,n02113712
n0211371200001095.jpg,n02113712
n0211371200001097.jpg,n02113712
n0211371200001098.jpg,n02113712
n0211371200001106.jpg,n02113712
n0211371200001108.jpg,n02113712
n0211371200001109.jpg,n02113712
n0211371200001110.jpg,n02113712
n0211371200001111.jpg,n02113712
n0211371200001112.jpg,n02113712
n0211371200001114.jpg,n02113712
n0211371200001118.jpg,n02113712
n0211371200001119.jpg,n02113712
n0211371200001125.jpg,n02113712
n0211371200001126.jpg,n02113712
n0211371200001127.jpg,n02113712
n0211371200001128.jpg,n02113712
n0211371200001129.jpg,n02113712
n0211371200001130.jpg,n02113712
n0211371200001132.jpg,n02113712
n0211371200001133.jpg,n02113712
n0211371200001137.jpg,n02113712
n0211371200001138.jpg,n02113712
n0211371200001143.jpg,n02113712
n0211371200001144.jpg,n02113712
n0211371200001145.jpg,n02113712
n0211371200001147.jpg,n02113712
n0211371200001150.jpg,n02113712
n0211371200001153.jpg,n02113712
n0211371200001154.jpg,n02113712
n0211371200001159.jpg,n02113712
n0211371200001162.jpg,n02113712
n0211371200001163.jpg,n02113712
n0211371200001164.jpg,n02113712
n0211371200001165.jpg,n02113712
n0211371200001166.jpg,n02113712
n0211371200001167.jpg,n02113712
n0211371200001170.jpg,n02113712
n0211371200001173.jpg,n02113712
n0211371200001177.jpg,n02113712
n0211371200001178.jpg,n02113712
n0211371200001180.jpg,n02113712
n0211371200001181.jpg,n02113712
n0211371200001185.jpg,n02113712
n0211371200001186.jpg,n02113712
n0211371200001188.jpg,n02113712
n0211371200001189.jpg,n02113712
n0211371200001190.jpg,n02113712
n0211371200001192.jpg,n02113712
n0211371200001196.jpg,n02113712
n0211371200001197.jpg,n02113712
n0211371200001199.jpg,n02113712
n0211371200001200.jpg,n02113712
n0211371200001204.jpg,n02113712
n0211371200001207.jpg,n02113712
n0211371200001208.jpg,n02113712
n0211371200001209.jpg,n02113712
n0211371200001212.jpg,n02113712
n0211371200001213.jpg,n02113712
n0211371200001217.jpg,n02113712
n0211371200001219.jpg,n02113712
n0211371200001221.jpg,n02113712
n0211371200001223.jpg,n02113712
n0211371200001224.jpg,n02113712
n0211371200001226.jpg,n02113712
n0211371200001227.jpg,n02113712
n0211371200001230.jpg,n02113712
n0211371200001233.jpg,n02113712
n0211371200001237.jpg,n02113712
n0211371200001242.jpg,n02113712
n0211371200001243.jpg,n02113712
n0211371200001245.jpg,n02113712
n0211371200001246.jpg,n02113712
n0211371200001249.jpg,n02113712
n0211371200001250.jpg,n02113712
n0211371200001253.jpg,n02113712
n0211371200001256.jpg,n02113712
n0211371200001258.jpg,n02113712
n0211371200001264.jpg,n02113712
n0211371200001266.jpg,n02113712
n0211371200001268.jpg,n02113712
n0211371200001270.jpg,n02113712
n0211371200001272.jpg,n02113712
n0211371200001273.jpg,n02113712
n0211371200001279.jpg,n02113712
n0211371200001285.jpg,n02113712
n0211371200001286.jpg,n02113712
n0211371200001288.jpg,n02113712
n0211371200001292.jpg,n02113712
n0211371200001293.jpg,n02113712
n0211371200001300.jpg,n02113712
n0758411000000003.jpg,n07584110
n0758411000000004.jpg,n07584110
n0758411000000007.jpg,n07584110
n0758411000000010.jpg,n07584110
n0758411000000013.jpg,n07584110
n0758411000000015.jpg,n07584110
n0758411000000021.jpg,n07584110
n0758411000000022.jpg,n07584110
n0758411000000023.jpg,n07584110
n0758411000000025.jpg,n07584110
n0758411000000026.jpg,n07584110
n0758411000000029.jpg,n07584110
n0758411000000030.jpg,n07584110
n0758411000000031.jpg,n07584110
n0758411000000034.jpg,n07584110
n0758411000000035.jpg,n07584110
n0758411000000038.jpg,n07584110
n0758411000000045.jpg,n07584110
n0758411000000046.jpg,n07584110
n0758411000000048.jpg,n07584110
n0758411000000051.jpg,n07584110
n0758411000000052.jpg,n07584110
n0758411000000054.jpg,n07584110
n0758411000000055.jpg,n07584110
n0758411000000059.jpg,n07584110
n0758411000000061.jpg,n07584110
n0758411000000066.jpg,n07584110
n0758411000000067.jpg,n07584110
n0758411000000071.jpg,n07584110
n0758411000000072.jpg,n07584110
n0758411000000076.jpg,n07584110
n0758411000000079.jpg,n07584110
n0758411000000080.jpg,n07584110
n0758411000000081.jpg,n07584110
n0758411000000086.jpg,n07584110
n0758411000000087.jpg,n07584110
n0758411000000088.jpg,n07584110
n0758411000000089.jpg,n07584110
n0758411000000090.jpg,n07584110
n0758411000000098.jpg,n07584110
n0758411000000102.jpg,n07584110
n0758411000000103.jpg,n07584110
n0758411000000104.jpg,n07584110
n0758411000000105.jpg,n07584110
n0758411000000108.jpg,n07584110
n0758411000000109.jpg,n07584110
n0758411000000110.jpg,n07584110
n0758411000000112.jpg,n07584110
n0758411000000115.jpg,n07584110
n0758411000000118.jpg,n07584110
n0758411000000120.jpg,n07584110
n0758411000000122.jpg,n07584110
n0758411000000123.jpg,n07584110
n0758411000000124.jpg,n07584110
n0758411000000125.jpg,n07584110
n0758411000000128.jpg,n07584110
n0758411000000130.jpg,n07584110
n0758411000000131.jpg,n07584110
n0758411000000133.jpg,n07584110
n0758411000000136.jpg,n07584110
n0758411000000137.jpg,n07584110
n0758411000000139.jpg,n07584110
n0758411000000140.jpg,n07584110
n0758411000000143.jpg,n07584110
n0758411000000144.jpg,n07584110
n0758411000000145.jpg,n07584110
n0758411000000146.jpg,n07584110
n0758411000000147.jpg,n07584110
n0758411000000148.jpg,n07584110
n0758411000000149.jpg,n07584110
n0758411000000150.jpg,n07584110
n0758411000000151.jpg,n07584110
n0758411000000152.jpg,n07584110
n0758411000000154.jpg,n07584110
n0758411000000159.jpg,n07584110
n0758411000000161.jpg,n07584110
n0758411000000162.jpg,n07584110
n0758411000000168.jpg,n07584110
n0758411000000169.jpg,n07584110
n0758411000000170.jpg,n07584110
n0758411000000171.jpg,n07584110
n0758411000000172.jpg,n07584110
n0758411000000174.jpg,n07584110
n0758411000000177.jpg,n07584110
n0758411000000180.jpg,n07584110
n0758411000000181.jpg,n07584110
n0758411000000182.jpg,n07584110
n0758411000000183.jpg,n07584110
n0758411000000184.jpg,n07584110
n0758411000000186.jpg,n07584110
n0758411000000187.jpg,n07584110
n0758411000000190.jpg,n07584110
n0758411000000191.jpg,n07584110
n0758411000000193.jpg,n07584110
n0758411000000198.jpg,n07584110
n0758411000000205.jpg,n07584110
n0758411000000206.jpg,n07584110
n0758411000000208.jpg,n07584110
n0758411000000212.jpg,n07584110
n0758411000000213.jpg,n07584110
n0758411000000214.jpg,n07584110
n0758411000000215.jpg,n07584110
n0758411000000216.jpg,n07584110
n0758411000000220.jpg,n07584110
n0758411000000223.jpg,n07584110
n0758411000000225.jpg,n07584110
n0758411000000226.jpg,n07584110
n0758411000000229.jpg,n07584110
n0758411000000232.jpg,n07584110
n0758411000000234.jpg,n07584110
n0758411000000235.jpg,n07584110
n0758411000000237.jpg,n07584110
n0758411000000238.jpg,n07584110
n0758411000000239.jpg,n07584110
n0758411000000243.jpg,n07584110
n0758411000000244.jpg,n07584110
n0758411000000247.jpg,n07584110
n0758411000000250.jpg,n07584110
n0758411000000252.jpg,n07584110
n0758411000000254.jpg,n07584110
n0758411000000258.jpg,n07584110
n0758411000000262.jpg,n07584110
n0758411000000268.jpg,n07584110
n0758411000000269.jpg,n07584110
n0758411000000270.jpg,n07584110
n0758411000000271.jpg,n07584110
n0758411000000272.jpg,n07584110
n0758411000000276.jpg,n07584110
n0758411000000277.jpg,n07584110
n0758411000000278.jpg,n07584110
n0758411000000280.jpg,n07584110
n0758411000000282.jpg,n07584110
n0758411000000283.jpg,n07584110
n0758411000000284.jpg,n07584110
n0758411000000285.jpg,n07584110
n0758411000000287.jpg,n07584110
n0758411000000289.jpg,n07584110
n0758411000000290.jpg,n07584110
n0758411000000292.jpg,n07584110
n0758411000000293.jpg,n07584110
n0758411000000294.jpg,n07584110
n0758411000000295.jpg,n07584110
n0758411000000299.jpg,n07584110
n0758411000000301.jpg,n07584110
n0758411000000306.jpg,n07584110
n0758411000000307.jpg,n07584110
n0758411000000309.jpg,n07584110
n0758411000000313.jpg,n07584110
n0758411000000314.jpg,n07584110
n0758411000000315.jpg,n07584110
n0758411000000316.jpg,n07584110
n0758411000000317.jpg,n07584110
n0758411000000319.jpg,n07584110
n0758411000000323.jpg,n07584110
n0758411000000325.jpg,n07584110
n0758411000000327.jpg,n07584110
n0758411000000328.jpg,n07584110
n0758411000000333.jpg,n07584110
n0758411000000334.jpg,n07584110
n0758411000000335.jpg,n07584110
n0758411000000339.jpg,n07584110
n0758411000000340.jpg,n07584110
n0758411000000343.jpg,n07584110
n0758411000000344.jpg,n07584110
n0758411000000350.jpg,n07584110
n0758411000000351.jpg,n07584110
n0758411000000356.jpg,n07584110
n0758411000000357.jpg,n07584110
n0758411000000358.jpg,n07584110
n0758411000000359.jpg,n07584110
n0758411000000360.jpg,n07584110
n0758411000000361.jpg,n07584110
n0758411000000363.jpg,n07584110
n0758411000000364.jpg,n07584110
n0758411000000368.jpg,n07584110
n0758411000000369.jpg,n07584110
n0758411000000370.jpg,n07584110
n0758411000000374.jpg,n07584110
n0758411000000377.jpg,n07584110
n0758411000000378.jpg,n07584110
n0758411000000381.jpg,n07584110
n0758411000000382.jpg,n07584110
n0758411000000384.jpg,n07584110
n0758411000000386.jpg,n07584110
n0758411000000387.jpg,n07584110
n0758411000000390.jpg,n07584110
n0758411000000393.jpg,n07584110
n0758411000000397.jpg,n07584110
n0758411000000399.jpg,n07584110
n0758411000000400.jpg,n07584110
n0758411000000403.jpg,n07584110
n0758411000000407.jpg,n07584110
n0758411000000409.jpg,n07584110
n0758411000000410.jpg,n07584110
n0758411000000411.jpg,n07584110
n0758411000000412.jpg,n07584110
n0758411000000413.jpg,n07584110
n0758411000000414.jpg,n07584110
n0758411000000416.jpg,n07584110
n0758411000000417.jpg,n07584110
n0758411000000424.jpg,n07584110
n0758411000000425.jpg,n07584110
n0758411000000427.jpg,n07584110
n0758411000000435.jpg,n07584110
n0758411000000436.jpg,n07584110
n0758411000000437.jpg,n07584110
n0758411000000439.jpg,n07584110
n0758411000000441.jpg,n07584110
n0758411000000442.jpg,n07584110
n0758411000000444.jpg,n07584110
n0758411000000447.jpg,n07584110
n0758411000000451.jpg,n07584110
n0758411000000452.jpg,n07584110
n0758411000000453.jpg,n07584110
n0758411000000455.jpg,n07584110
n0758411000000456.jpg,n07584110
n0758411000000458.jpg,n07584110
n0758411000000462.jpg,n07584110
n0758411000000464.jpg,n07584110
n0758411000000465.jpg,n07584110
n0758411000000466.jpg,n07584110
n0758411000000467.jpg,n07584110
n0758411000000468.jpg,n07584110
n0758411000000469.jpg,n07584110
n0758411000000471.jpg,n07584110
n0758411000000472.jpg,n07584110
n0758411000000473.jpg,n07584110
n0758411000000474.jpg,n07584110
n0758411000000475.jpg,n07584110
n0758411000000477.jpg,n07584110
n0758411000000479.jpg,n07584110
n0758411000000483.jpg,n07584110
n0758411000000484.jpg,n07584110
n0758411000000490.jpg,n07584110
n0758411000000492.jpg,n07584110
n0758411000000494.jpg,n07584110
n0758411000000497.jpg,n07584110
n0758411000000499.jpg,n07584110
n0758411000000503.jpg,n07584110
n0758411000000504.jpg,n07584110
n0758411000000508.jpg,n07584110
n0758411000000514.jpg,n07584110
n0758411000000517.jpg,n07584110
n0758411000000519.jpg,n07584110
n0758411000000522.jpg,n07584110
n0758411000000523.jpg,n07584110
n0758411000000525.jpg,n07584110
n0758411000000526.jpg,n07584110
n0758411000000527.jpg,n07584110
n0758411000000529.jpg,n07584110
n0758411000000533.jpg,n07584110
n0758411000000535.jpg,n07584110
n0758411000000536.jpg,n07584110
n0758411000000539.jpg,n07584110
n0758411000000542.jpg,n07584110
n0758411000000543.jpg,n07584110
n0758411000000545.jpg,n07584110
n0758411000000546.jpg,n07584110
n0758411000000549.jpg,n07584110
n0758411000000553.jpg,n07584110
n0758411000000557.jpg,n07584110
n0758411000000559.jpg,n07584110
n0758411000000560.jpg,n07584110
n0758411000000561.jpg,n07584110
n0758411000000564.jpg,n07584110
n0758411000000566.jpg,n07584110
n0758411000000567.jpg,n07584110
n0758411000000568.jpg,n07584110
n0758411000000573.jpg,n07584110
n0758411000000574.jpg,n07584110
n0758411000000575.jpg,n07584110
n0758411000000577.jpg,n07584110
n0758411000000578.jpg,n07584110
n0758411000000581.jpg,n07584110
n0758411000000585.jpg,n07584110
n0758411000000588.jpg,n07584110
n0758411000000590.jpg,n07584110
n0758411000000592.jpg,n07584110
n0758411000000594.jpg,n07584110
n0758411000000595.jpg,n07584110
n0758411000000597.jpg,n07584110
n0758411000000598.jpg,n07584110
n0758411000000599.jpg,n07584110
n0758411000000600.jpg,n07584110
n0758411000000601.jpg,n07584110
n0758411000000602.jpg,n07584110
n0758411000000605.jpg,n07584110
n0758411000000609.jpg,n07584110
n0758411000000610.jpg,n07584110
n0758411000000612.jpg,n07584110
n0758411000000614.jpg,n07584110
n0758411000000615.jpg,n07584110
n0758411000000618.jpg,n07584110
n0758411000000620.jpg,n07584110
n0758411000000622.jpg,n07584110
n0758411000000624.jpg,n07584110
n0758411000000626.jpg,n07584110
n0758411000000627.jpg,n07584110
n0758411000000628.jpg,n07584110
n0758411000000631.jpg,n07584110
n0758411000000632.jpg,n07584110
n0758411000000633.jpg,n07584110
n0758411000000635.jpg,n07584110
n0758411000000636.jpg,n07584110
n0758411000000639.jpg,n07584110
n0758411000000642.jpg,n07584110
n0758411000000645.jpg,n07584110
n0758411000000646.jpg,n07584110
n0758411000000648.jpg,n07584110
n0758411000000649.jpg,n07584110
n0758411000000650.jpg,n07584110
n0758411000000651.jpg,n07584110
n0758411000000652.jpg,n07584110
n0758411000000653.jpg,n07584110
n0758411000000654.jpg,n07584110
n0758411000000655.jpg,n07584110
n0758411000000656.jpg,n07584110
n0758411000000658.jpg,n07584110
n0758411000000660.jpg,n07584110
n0758411000000661.jpg,n07584110
n0758411000000662.jpg,n07584110
n0758411000000666.jpg,n07584110
n0758411000000670.jpg,n07584110
n0758411000000672.jpg,n07584110
n0758411000000675.jpg,n07584110
n0758411000000681.jpg,n07584110
n0758411000000683.jpg,n07584110
n0758411000000684.jpg,n07584110
n0758411000000686.jpg,n07584110
n0758411000000693.jpg,n07584110
n0758411000000694.jpg,n07584110
n0758411000000695.jpg,n07584110
n0758411000000696.jpg,n07584110
n0758411000000698.jpg,n07584110
n0758411000000699.jpg,n07584110
n0758411000000701.jpg,n07584110
n0758411000000704.jpg,n07584110
n0758411000000706.jpg,n07584110
n0758411000000707.jpg,n07584110
n0758411000000709.jpg,n07584110
n0758411000000710.jpg,n07584110
n0758411000000711.jpg,n07584110
n0758411000000712.jpg,n07584110
n0758411000000713.jpg,n07584110
n0758411000000715.jpg,n07584110
n0758411000000716.jpg,n07584110
n0758411000000717.jpg,n07584110
n0758411000000720.jpg,n07584110
n0758411000000722.jpg,n07584110
n0758411000000723.jpg,n07584110
n0758411000000724.jpg,n07584110
n0758411000000727.jpg,n07584110
n0758411000000728.jpg,n07584110
n0758411000000731.jpg,n07584110
n0758411000000732.jpg,n07584110
n0758411000000734.jpg,n07584110
n0758411000000737.jpg,n07584110
n0758411000000738.jpg,n07584110
n0758411000000739.jpg,n07584110
n0758411000000741.jpg,n07584110
n0758411000000742.jpg,n07584110
n0758411000000743.jpg,n07584110
n0758411000000748.jpg,n07584110
n0758411000000750.jpg,n07584110
n0758411000000751.jpg,n07584110
n0758411000000756.jpg,n07584110
n0758411000000759.jpg,n07584110
n0758411000000761.jpg,n07584110
n0758411000000763.jpg,n07584110
n0758411000000764.jpg,n07584110
n0758411000000765.jpg,n07584110
n0758411000000767.jpg,n07584110
n0758411000000768.jpg,n07584110
n0758411000000769.jpg,n07584110
n0758411000000770.jpg,n07584110
n0758411000000771.jpg,n07584110
n0758411000000773.jpg,n07584110
n0758411000000777.jpg,n07584110
n0758411000000780.jpg,n07584110
n0758411000000781.jpg,n07584110
n0758411000000785.jpg,n07584110
n0758411000000786.jpg,n07584110
n0758411000000788.jpg,n07584110
n0758411000000790.jpg,n07584110
n0758411000000791.jpg,n07584110
n0758411000000792.jpg,n07584110
n0758411000000794.jpg,n07584110
n0758411000000800.jpg,n07584110
n0758411000000801.jpg,n07584110
n0758411000000806.jpg,n07584110
n0758411000000807.jpg,n07584110
n0758411000000808.jpg,n07584110
n0758411000000809.jpg,n07584110
n0758411000000811.jpg,n07584110
n0758411000000813.jpg,n07584110
n0758411000000814.jpg,n07584110
n0758411000000815.jpg,n07584110
n0758411000000819.jpg,n07584110
n0758411000000825.jpg,n07584110
n0758411000000826.jpg,n07584110
n0758411000000828.jpg,n07584110
n0758411000000829.jpg,n07584110
n0758411000000830.jpg,n07584110
n0758411000000831.jpg,n07584110
n0758411000000834.jpg,n07584110
n0758411000000835.jpg,n07584110
n0758411000000836.jpg,n07584110
n0758411000000840.jpg,n07584110
n0758411000000843.jpg,n07584110
n0758411000000844.jpg,n07584110
n0758411000000845.jpg,n07584110
n0758411000000850.jpg,n07584110
n0758411000000852.jpg,n07584110
n0758411000000855.jpg,n07584110
n0758411000000856.jpg,n07584110
n0758411000000858.jpg,n07584110
n0758411000000859.jpg,n07584110
n0758411000000860.jpg,n07584110
n0758411000000861.jpg,n07584110
n0758411000000862.jpg,n07584110
n0758411000000863.jpg,n07584110
n0758411000000867.jpg,n07584110
n0758411000000868.jpg,n07584110
n0758411000000874.jpg,n07584110
n0758411000000875.jpg,n07584110
n0758411000000877.jpg,n07584110
n0758411000000878.jpg,n07584110
n0758411000000879.jpg,n07584110
n0758411000000880.jpg,n07584110
n0758411000000884.jpg,n07584110
n0758411000000885.jpg,n07584110
n0758411000000886.jpg,n07584110
n0758411000000890.jpg,n07584110
n0758411000000893.jpg,n07584110
n0758411000000894.jpg,n07584110
n0758411000000896.jpg,n07584110
n0758411000000898.jpg,n07584110
n0758411000000899.jpg,n07584110
n0758411000000901.jpg,n07584110
n0758411000000902.jpg,n07584110
n0758411000000903.jpg,n07584110
n0758411000000906.jpg,n07584110
n0758411000000907.jpg,n07584110
n0758411000000908.jpg,n07584110
n0758411000000912.jpg,n07584110
n0758411000000913.jpg,n07584110
n0758411000000915.jpg,n07584110
n0758411000000919.jpg,n07584110
n0758411000000920.jpg,n07584110
n0758411000000921.jpg,n07584110
n0758411000000922.jpg,n07584110
n0758411000000923.jpg,n07584110
n0758411000000925.jpg,n07584110
n0758411000000927.jpg,n07584110
n0758411000000929.jpg,n07584110
n0758411000000930.jpg,n07584110
n0758411000000933.jpg,n07584110
n0758411000000935.jpg,n07584110
n0758411000000937.jpg,n07584110
n0758411000000938.jpg,n07584110
n0758411000000941.jpg,n07584110
n0758411000000942.jpg,n07584110
n0758411000000945.jpg,n07584110
n0758411000000946.jpg,n07584110
n0758411000000948.jpg,n07584110
n0758411000000949.jpg,n07584110
n0758411000000950.jpg,n07584110
n0758411000000952.jpg,n07584110
n0758411000000956.jpg,n07584110
n0758411000000957.jpg,n07584110
n0758411000000959.jpg,n07584110
n0758411000000962.jpg,n07584110
n0758411000000963.jpg,n07584110
n0758411000000964.jpg,n07584110
n0758411000000965.jpg,n07584110
n0758411000000966.jpg,n07584110
n0758411000000969.jpg,n07584110
n0758411000000972.jpg,n07584110
n0758411000000973.jpg,n07584110
n0758411000000979.jpg,n07584110
n0758411000000980.jpg,n07584110
n0758411000000982.jpg,n07584110
n0758411000000990.jpg,n07584110
n0758411000000991.jpg,n07584110
n0758411000000993.jpg,n07584110
n0758411000000994.jpg,n07584110
n0758411000000995.jpg,n07584110
n0758411000000997.jpg,n07584110
n0758411000000998.jpg,n07584110
n0758411000000999.jpg,n07584110
n0758411000001000.jpg,n07584110
n0758411000001002.jpg,n07584110
n0758411000001003.jpg,n07584110
n0758411000001004.jpg,n07584110
n0758411000001005.jpg,n07584110
n0758411000001015.jpg,n07584110
n0758411000001017.jpg,n07584110
n0758411000001019.jpg,n07584110
n0758411000001022.jpg,n07584110
n0758411000001025.jpg,n07584110
n0758411000001028.jpg,n07584110
n0758411000001029.jpg,n07584110
n0758411000001031.jpg,n07584110
n0758411000001032.jpg,n07584110
n0758411000001033.jpg,n07584110
n0758411000001035.jpg,n07584110
n0758411000001039.jpg,n07584110
n0758411000001040.jpg,n07584110
n0758411000001041.jpg,n07584110
n0758411000001042.jpg,n07584110
n0758411000001046.jpg,n07584110
n0758411000001047.jpg,n07584110
n0758411000001049.jpg,n07584110
n0758411000001051.jpg,n07584110
n0758411000001055.jpg,n07584110
n0758411000001059.jpg,n07584110
n0758411000001060.jpg,n07584110
n0758411000001061.jpg,n07584110
n0758411000001062.jpg,n07584110
n0758411000001063.jpg,n07584110
n0758411000001066.jpg,n07584110
n0758411000001068.jpg,n07584110
n0758411000001069.jpg,n07584110
n0758411000001070.jpg,n07584110
n0758411000001073.jpg,n07584110
n0758411000001074.jpg,n07584110
n0758411000001076.jpg,n07584110
n0758411000001080.jpg,n07584110
n0758411000001083.jpg,n07584110
n0758411000001084.jpg,n07584110
n0758411000001087.jpg,n07584110
n0758411000001088.jpg,n07584110
n0758411000001090.jpg,n07584110
n0758411000001091.jpg,n07584110
n0758411000001092.jpg,n07584110
n0758411000001093.jpg,n07584110
n0758411000001096.jpg,n07584110
n0758411000001098.jpg,n07584110
n0758411000001099.jpg,n07584110
n0758411000001100.jpg,n07584110
n0758411000001102.jpg,n07584110
n0758411000001104.jpg,n07584110
n0758411000001105.jpg,n07584110
n0758411000001106.jpg,n07584110
n0758411000001107.jpg,n07584110
n0758411000001109.jpg,n07584110
n0758411000001110.jpg,n07584110
n0758411000001111.jpg,n07584110
n0758411000001112.jpg,n07584110
n0758411000001114.jpg,n07584110
n0758411000001116.jpg,n07584110
n0758411000001120.jpg,n07584110
n0758411000001121.jpg,n07584110
n0758411000001123.jpg,n07584110
n0758411000001125.jpg,n07584110
n0758411000001126.jpg,n07584110
n0758411000001127.jpg,n07584110
n0758411000001128.jpg,n07584110
n0758411000001130.jpg,n07584110
n0758411000001132.jpg,n07584110
n0758411000001134.jpg,n07584110
n0758411000001135.jpg,n07584110
n0758411000001136.jpg,n07584110
n0758411000001137.jpg,n07584110
n0758411000001140.jpg,n07584110
n0758411000001142.jpg,n07584110
n0758411000001144.jpg,n07584110
n0758411000001146.jpg,n07584110
n0758411000001147.jpg,n07584110
n0758411000001148.jpg,n07584110
n0758411000001149.jpg,n07584110
n0758411000001151.jpg,n07584110
n0758411000001154.jpg,n07584110
n0758411000001156.jpg,n07584110
n0758411000001157.jpg,n07584110
n0758411000001160.jpg,n07584110
n0758411000001161.jpg,n07584110
n0758411000001164.jpg,n07584110
n0758411000001165.jpg,n07584110
n0758411000001166.jpg,n07584110
n0758411000001170.jpg,n07584110
n0758411000001173.jpg,n07584110
n0758411000001174.jpg,n07584110
n0758411000001175.jpg,n07584110
n0758411000001176.jpg,n07584110
n0758411000001178.jpg,n07584110
n0758411000001180.jpg,n07584110
n0758411000001181.jpg,n07584110
n0758411000001182.jpg,n07584110
n0758411000001184.jpg,n07584110
n0758411000001186.jpg,n07584110
n0758411000001188.jpg,n07584110
n0758411000001190.jpg,n07584110
n0758411000001191.jpg,n07584110
n0758411000001192.jpg,n07584110
n0758411000001193.jpg,n07584110
n0758411000001195.jpg,n07584110
n0758411000001197.jpg,n07584110
n0758411000001202.jpg,n07584110
n0758411000001205.jpg,n07584110
n0296619300000006.jpg,n02966193
n0296619300000007.jpg,n02966193
n0296619300000008.jpg,n02966193
n0296619300000009.jpg,n02966193
n0296619300000010.jpg,n02966193
n0296619300000011.jpg,n02966193
n0296619300000013.jpg,n02966193
n0296619300000014.jpg,n02966193
n0296619300000015.jpg,n02966193
n0296619300000018.jpg,n02966193
n0296619300000020.jpg,n02966193
n0296619300000022.jpg,n02966193
n0296619300000023.jpg,n02966193
n0296619300000027.jpg,n02966193
n0296619300000028.jpg,n02966193
n0296619300000029.jpg,n02966193
n0296619300000031.jpg,n02966193
n0296619300000033.jpg,n02966193
n0296619300000034.jpg,n02966193
n0296619300000037.jpg,n02966193
n0296619300000040.jpg,n02966193
n0296619300000042.jpg,n02966193
n0296619300000043.jpg,n02966193
n0296619300000045.jpg,n02966193
n0296619300000046.jpg,n02966193
n0296619300000048.jpg,n02966193
n0296619300000051.jpg,n02966193
n0296619300000052.jpg,n02966193
n0296619300000053.jpg,n02966193
n0296619300000054.jpg,n02966193
n0296619300000057.jpg,n02966193
n0296619300000058.jpg,n02966193
n0296619300000059.jpg,n02966193
n0296619300000060.jpg,n02966193
n0296619300000064.jpg,n02966193
n0296619300000074.jpg,n02966193
n0296619300000075.jpg,n02966193
n0296619300000078.jpg,n02966193
n0296619300000079.jpg,n02966193
n0296619300000081.jpg,n02966193
n0296619300000082.jpg,n02966193
n0296619300000091.jpg,n02966193
n0296619300000092.jpg,n02966193
n0296619300000093.jpg,n02966193
n0296619300000097.jpg,n02966193
n0296619300000098.jpg,n02966193
n0296619300000108.jpg,n02966193
n0296619300000110.jpg,n02966193
n0296619300000112.jpg,n02966193
n0296619300000113.jpg,n02966193
n0296619300000117.jpg,n02966193
n0296619300000119.jpg,n02966193
n0296619300000120.jpg,n02966193
n0296619300000122.jpg,n02966193
n0296619300000124.jpg,n02966193
n0296619300000125.jpg,n02966193
n0296619300000128.jpg,n02966193
n0296619300000130.jpg,n02966193
n0296619300000133.jpg,n02966193
n0296619300000134.jpg,n02966193
n0296619300000135.jpg,n02966193
n0296619300000136.jpg,n02966193
n0296619300000141.jpg,n02966193
n0296619300000143.jpg,n02966193
n0296619300000144.jpg,n02966193
n0296619300000148.jpg,n02966193
n0296619300000152.jpg,n02966193
n0296619300000156.jpg,n02966193
n0296619300000158.jpg,n02966193
n0296619300000159.jpg,n02966193
n0296619300000161.jpg,n02966193
n0296619300000166.jpg,n02966193
n0296619300000168.jpg,n02966193
n0296619300000173.jpg,n02966193
n0296619300000176.jpg,n02966193
n0296619300000180.jpg,n02966193
n0296619300000181.jpg,n02966193
n0296619300000183.jpg,n02966193
n0296619300000185.jpg,n02966193
n0296619300000191.jpg,n02966193
n0296619300000192.jpg,n02966193
n0296619300000193.jpg,n02966193
n0296619300000195.jpg,n02966193
n0296619300000200.jpg,n02966193
n0296619300000201.jpg,n02966193
n0296619300000203.jpg,n02966193
n0296619300000205.jpg,n02966193
n0296619300000207.jpg,n02966193
n0296619300000210.jpg,n02966193
n0296619300000211.jpg,n02966193
n0296619300000214.jpg,n02966193
n0296619300000217.jpg,n02966193
n0296619300000220.jpg,n02966193
n0296619300000221.jpg,n02966193
n0296619300000223.jpg,n02966193
n0296619300000224.jpg,n02966193
n0296619300000225.jpg,n02966193
n0296619300000226.jpg,n02966193
n0296619300000227.jpg,n02966193
n0296619300000228.jpg,n02966193
n0296619300000229.jpg,n02966193
n0296619300000230.jpg,n02966193
n0296619300000232.jpg,n02966193
n0296619300000233.jpg,n02966193
n0296619300000234.jpg,n02966193
n0296619300000235.jpg,n02966193
n0296619300000236.jpg,n02966193
n0296619300000237.jpg,n02966193
n0296619300000239.jpg,n02966193
n0296619300000240.jpg,n02966193
n0296619300000241.jpg,n02966193
n0296619300000242.jpg,n02966193
n0296619300000243.jpg,n02966193
n0296619300000248.jpg,n02966193
n0296619300000259.jpg,n02966193
n0296619300000260.jpg,n02966193
n0296619300000262.jpg,n02966193
n0296619300000263.jpg,n02966193
n0296619300000267.jpg,n02966193
n0296619300000270.jpg,n02966193
n0296619300000271.jpg,n02966193
n0296619300000272.jpg,n02966193
n0296619300000273.jpg,n02966193
n0296619300000274.jpg,n02966193
n0296619300000276.jpg,n02966193
n0296619300000278.jpg,n02966193
n0296619300000284.jpg,n02966193
n0296619300000285.jpg,n02966193
n0296619300000286.jpg,n02966193
n0296619300000287.jpg,n02966193
n0296619300000288.jpg,n02966193
n0296619300000291.jpg,n02966193
n0296619300000292.jpg,n02966193
n0296619300000294.jpg,n02966193
n0296619300000295.jpg,n02966193
n0296619300000297.jpg,n02966193
n0296619300000298.jpg,n02966193
n0296619300000306.jpg,n02966193
n0296619300000307.jpg,n02966193
n0296619300000308.jpg,n02966193
n0296619300000309.jpg,n02966193
n0296619300000312.jpg,n02966193
n0296619300000313.jpg,n02966193
n0296619300000317.jpg,n02966193
n0296619300000325.jpg,n02966193
n0296619300000327.jpg,n02966193
n0296619300000329.jpg,n02966193
n0296619300000337.jpg,n02966193
n0296619300000340.jpg,n02966193
n0296619300000342.jpg,n02966193
n0296619300000345.jpg,n02966193
n0296619300000346.jpg,n02966193
n0296619300000349.jpg,n02966193
n0296619300000350.jpg,n02966193
n0296619300000352.jpg,n02966193
n0296619300000355.jpg,n02966193
n0296619300000358.jpg,n02966193
n0296619300000360.jpg,n02966193
n0296619300000361.jpg,n02966193
n0296619300000366.jpg,n02966193
n0296619300000367.jpg,n02966193
n0296619300000368.jpg,n02966193
n0296619300000369.jpg,n02966193
n0296619300000372.jpg,n02966193
n0296619300000373.jpg,n02966193
n0296619300000376.jpg,n02966193
n0296619300000379.jpg,n02966193
n0296619300000381.jpg,n02966193
n0296619300000383.jpg,n02966193
n0296619300000385.jpg,n02966193
n0296619300000387.jpg,n02966193
n0296619300000389.jpg,n02966193
n0296619300000391.jpg,n02966193
n0296619300000392.jpg,n02966193
n0296619300000394.jpg,n02966193
n0296619300000396.jpg,n02966193
n0296619300000400.jpg,n02966193
n0296619300000401.jpg,n02966193
n0296619300000402.jpg,n02966193
n0296619300000403.jpg,n02966193
n0296619300000405.jpg,n02966193
n0296619300000407.jpg,n02966193
n0296619300000408.jpg,n02966193
n0296619300000412.jpg,n02966193
n0296619300000413.jpg,n02966193
n0296619300000416.jpg,n02966193
n0296619300000417.jpg,n02966193
n0296619300000418.jpg,n02966193
n0296619300000420.jpg,n02966193
n0296619300000422.jpg,n02966193
n0296619300000424.jpg,n02966193
n0296619300000425.jpg,n02966193
n0296619300000426.jpg,n02966193
n0296619300000428.jpg,n02966193
n0296619300000434.jpg,n02966193
n0296619300000435.jpg,n02966193
n0296619300000436.jpg,n02966193
n0296619300000437.jpg,n02966193
n0296619300000438.jpg,n02966193
n0296619300000440.jpg,n02966193
n0296619300000441.jpg,n02966193
n0296619300000443.jpg,n02966193
n0296619300000444.jpg,n02966193
n0296619300000446.jpg,n02966193
n0296619300000449.jpg,n02966193
n0296619300000450.jpg,n02966193
n0296619300000451.jpg,n02966193
n0296619300000453.jpg,n02966193
n0296619300000459.jpg,n02966193
n0296619300000463.jpg,n02966193
n0296619300000464.jpg,n02966193
n0296619300000465.jpg,n02966193
n0296619300000469.jpg,n02966193
n0296619300000471.jpg,n02966193
n0296619300000475.jpg,n02966193
n0296619300000476.jpg,n02966193
n0296619300000477.jpg,n02966193
n0296619300000479.jpg,n02966193
n0296619300000482.jpg,n02966193
n0296619300000484.jpg,n02966193
n0296619300000488.jpg,n02966193
n0296619300000489.jpg,n02966193
n0296619300000490.jpg,n02966193
n0296619300000491.jpg,n02966193
n0296619300000493.jpg,n02966193
n0296619300000494.jpg,n02966193
n0296619300000496.jpg,n02966193
n0296619300000500.jpg,n02966193
n0296619300000501.jpg,n02966193
n0296619300000509.jpg,n02966193
n0296619300000510.jpg,n02966193
n0296619300000513.jpg,n02966193
n0296619300000515.jpg,n02966193
n0296619300000517.jpg,n02966193
n0296619300000519.jpg,n02966193
n0296619300000520.jpg,n02966193
n0296619300000521.jpg,n02966193
n0296619300000524.jpg,n02966193
n0296619300000525.jpg,n02966193
n0296619300000527.jpg,n02966193
n0296619300000528.jpg,n02966193
n0296619300000529.jpg,n02966193
n0296619300000533.jpg,n02966193
n0296619300000535.jpg,n02966193
n0296619300000537.jpg,n02966193
n0296619300000542.jpg,n02966193
n0296619300000543.jpg,n02966193
n0296619300000545.jpg,n02966193
n0296619300000546.jpg,n02966193
n0296619300000548.jpg,n02966193
n0296619300000550.jpg,n02966193
n0296619300000554.jpg,n02966193
n0296619300000555.jpg,n02966193
n0296619300000557.jpg,n02966193
n0296619300000559.jpg,n02966193
n0296619300000562.jpg,n02966193
n0296619300000563.jpg,n02966193
n0296619300000564.jpg,n02966193
n0296619300000565.jpg,n02966193
n0296619300000566.jpg,n02966193
n0296619300000567.jpg,n02966193
n0296619300000568.jpg,n02966193
n0296619300000570.jpg,n02966193
n0296619300000571.jpg,n02966193
n0296619300000573.jpg,n02966193
n0296619300000574.jpg,n02966193
n0296619300000576.jpg,n02966193
n0296619300000577.jpg,n02966193
n0296619300000579.jpg,n02966193
n0296619300000582.jpg,n02966193
n0296619300000586.jpg,n02966193
n0296619300000587.jpg,n02966193
n0296619300000588.jpg,n02966193
n0296619300000590.jpg,n02966193
n0296619300000593.jpg,n02966193
n0296619300000598.jpg,n02966193
n0296619300000599.jpg,n02966193
n0296619300000600.jpg,n02966193
n0296619300000608.jpg,n02966193
n0296619300000610.jpg,n02966193
n0296619300000611.jpg,n02966193
n0296619300000614.jpg,n02966193
n0296619300000616.jpg,n02966193
n0296619300000617.jpg,n02966193
n0296619300000618.jpg,n02966193
n0296619300000619.jpg,n02966193
n0296619300000621.jpg,n02966193
n0296619300000622.jpg,n02966193
n0296619300000625.jpg,n02966193
n0296619300000628.jpg,n02966193
n0296619300000630.jpg,n02966193
n0296619300000633.jpg,n02966193
n0296619300000634.jpg,n02966193
n0296619300000642.jpg,n02966193
n0296619300000646.jpg,n02966193
n0296619300000647.jpg,n02966193
n0296619300000649.jpg,n02966193
n0296619300000651.jpg,n02966193
n0296619300000652.jpg,n02966193
n0296619300000653.jpg,n02966193
n0296619300000656.jpg,n02966193
n0296619300000657.jpg,n02966193
n0296619300000658.jpg,n02966193
n0296619300000659.jpg,n02966193
n0296619300000660.jpg,n02966193
n0296619300000665.jpg,n02966193
n0296619300000666.jpg,n02966193
n0296619300000668.jpg,n02966193
n0296619300000670.jpg,n02966193
n0296619300000671.jpg,n02966193
n0296619300000672.jpg,n02966193
n0296619300000673.jpg,n02966193
n0296619300000674.jpg,n02966193
n0296619300000675.jpg,n02966193
n0296619300000677.jpg,n02966193
n0296619300000679.jpg,n02966193
n0296619300000681.jpg,n02966193
n0296619300000682.jpg,n02966193
n0296619300000683.jpg,n02966193
n0296619300000684.jpg,n02966193
n0296619300000686.jpg,n02966193
n0296619300000689.jpg,n02966193
n0296619300000691.jpg,n02966193
n0296619300000692.jpg,n02966193
n0296619300000693.jpg,n02966193
n0296619300000694.jpg,n02966193
n0296619300000695.jpg,n02966193
n0296619300000699.jpg,n02966193
n0296619300000700.jpg,n02966193
n0296619300000701.jpg,n02966193
n0296619300000702.jpg,n02966193
n0296619300000705.jpg,n02966193
n0296619300000706.jpg,n02966193
n0296619300000707.jpg,n02966193
n0296619300000713.jpg,n02966193
n0296619300000717.jpg,n02966193
n0296619300000722.jpg,n02966193
n0296619300000723.jpg,n02966193
n0296619300000727.jpg,n02966193
n0296619300000728.jpg,n02966193
n0296619300000731.jpg,n02966193
n0296619300000734.jpg,n02966193
n0296619300000735.jpg,n02966193
n0296619300000736.jpg,n02966193
n0296619300000737.jpg,n02966193
n0296619300000740.jpg,n02966193
n0296619300000741.jpg,n02966193
n0296619300000742.jpg,n02966193
n0296619300000743.jpg,n02966193
n0296619300000744.jpg,n02966193
n0296619300000747.jpg,n02966193
n0296619300000748.jpg,n02966193
n0296619300000750.jpg,n02966193
n0296619300000751.jpg,n02966193
n0296619300000754.jpg,n02966193
n0296619300000755.jpg,n02966193
n0296619300000757.jpg,n02966193
n0296619300000759.jpg,n02966193
n0296619300000761.jpg,n02966193
n0296619300000763.jpg,n02966193
n0296619300000764.jpg,n02966193
n0296619300000765.jpg,n02966193
n0296619300000766.jpg,n02966193
n0296619300000767.jpg,n02966193
n0296619300000770.jpg,n02966193
n0296619300000771.jpg,n02966193
n0296619300000774.jpg,n02966193
n0296619300000778.jpg,n02966193
n0296619300000781.jpg,n02966193
n0296619300000782.jpg,n02966193
n0296619300000785.jpg,n02966193
n0296619300000786.jpg,n02966193
n0296619300000787.jpg,n02966193
n0296619300000788.jpg,n02966193
n0296619300000790.jpg,n02966193
n0296619300000791.jpg,n02966193
n0296619300000792.jpg,n02966193
n0296619300000794.jpg,n02966193
n0296619300000795.jpg,n02966193
n0296619300000797.jpg,n02966193
n0296619300000798.jpg,n02966193
n0296619300000800.jpg,n02966193
n0296619300000802.jpg,n02966193
n0296619300000803.jpg,n02966193
n0296619300000804.jpg,n02966193
n0296619300000813.jpg,n02966193
n0296619300000815.jpg,n02966193
n0296619300000824.jpg,n02966193
n0296619300000826.jpg,n02966193
n0296619300000828.jpg,n02966193
n0296619300000829.jpg,n02966193
n0296619300000831.jpg,n02966193
n0296619300000832.jpg,n02966193
n0296619300000834.jpg,n02966193
n0296619300000836.jpg,n02966193
n0296619300000838.jpg,n02966193
n0296619300000839.jpg,n02966193
n0296619300000840.jpg,n02966193
n0296619300000844.jpg,n02966193
n0296619300000850.jpg,n02966193
n0296619300000855.jpg,n02966193
n0296619300000859.jpg,n02966193
n0296619300000862.jpg,n02966193
n0296619300000863.jpg,n02966193
n0296619300000868.jpg,n02966193
n0296619300000869.jpg,n02966193
n0296619300000871.jpg,n02966193
n0296619300000874.jpg,n02966193
n0296619300000875.jpg,n02966193
n0296619300000879.jpg,n02966193
n0296619300000880.jpg,n02966193
n0296619300000881.jpg,n02966193
n0296619300000886.jpg,n02966193
n0296619300000888.jpg,n02966193
n0296619300000890.jpg,n02966193
n0296619300000894.jpg,n02966193
n0296619300000895.jpg,n02966193
n0296619300000903.jpg,n02966193
n0296619300000907.jpg,n02966193
n0296619300000908.jpg,n02966193
n0296619300000909.jpg,n02966193
n0296619300000911.jpg,n02966193
n0296619300000912.jpg,n02966193
n0296619300000916.jpg,n02966193
n0296619300000918.jpg,n02966193
n0296619300000920.jpg,n02966193
n0296619300000921.jpg,n02966193
n0296619300000923.jpg,n02966193
n0296619300000924.jpg,n02966193
n0296619300000926.jpg,n02966193
n0296619300000927.jpg,n02966193
n0296619300000928.jpg,n02966193
n0296619300000929.jpg,n02966193
n0296619300000930.jpg,n02966193
n0296619300000932.jpg,n02966193
n0296619300000933.jpg,n02966193
n0296619300000934.jpg,n02966193
n0296619300000935.jpg,n02966193
n0296619300000937.jpg,n02966193
n0296619300000939.jpg,n02966193
n0296619300000940.jpg,n02966193
n0296619300000941.jpg,n02966193
n0296619300000942.jpg,n02966193
n0296619300000943.jpg,n02966193
n0296619300000945.jpg,n02966193
n0296619300000946.jpg,n02966193
n0296619300000949.jpg,n02966193
n0296619300000952.jpg,n02966193
n0296619300000953.jpg,n02966193
n0296619300000954.jpg,n02966193
n0296619300000956.jpg,n02966193
n0296619300000957.jpg,n02966193
n0296619300000958.jpg,n02966193
n0296619300000959.jpg,n02966193
n0296619300000960.jpg,n02966193
n0296619300000962.jpg,n02966193
n0296619300000963.jpg,n02966193
n0296619300000964.jpg,n02966193
n0296619300000970.jpg,n02966193
n0296619300000973.jpg,n02966193
n0296619300000976.jpg,n02966193
n0296619300000977.jpg,n02966193
n0296619300000981.jpg,n02966193
n0296619300000984.jpg,n02966193
n0296619300000986.jpg,n02966193
n0296619300000988.jpg,n02966193
n0296619300000989.jpg,n02966193
n0296619300000990.jpg,n02966193
n0296619300000991.jpg,n02966193
n0296619300000992.jpg,n02966193
n0296619300000993.jpg,n02966193
n0296619300000994.jpg,n02966193
n0296619300000996.jpg,n02966193
n0296619300000997.jpg,n02966193
n0296619300000998.jpg,n02966193
n0296619300001000.jpg,n02966193
n0296619300001004.jpg,n02966193
n0296619300001008.jpg,n02966193
n0296619300001011.jpg,n02966193
n0296619300001014.jpg,n02966193
n0296619300001016.jpg,n02966193
n0296619300001017.jpg,n02966193
n0296619300001018.jpg,n02966193
n0296619300001019.jpg,n02966193
n0296619300001021.jpg,n02966193
n0296619300001023.jpg,n02966193
n0296619300001024.jpg,n02966193
n0296619300001025.jpg,n02966193
n0296619300001026.jpg,n02966193
n0296619300001029.jpg,n02966193
n0296619300001034.jpg,n02966193
n0296619300001035.jpg,n02966193
n0296619300001040.jpg,n02966193
n0296619300001047.jpg,n02966193
n0296619300001052.jpg,n02966193
n0296619300001054.jpg,n02966193
n0296619300001057.jpg,n02966193
n0296619300001062.jpg,n02966193
n0296619300001064.jpg,n02966193
n0296619300001065.jpg,n02966193
n0296619300001069.jpg,n02966193
n0296619300001070.jpg,n02966193
n0296619300001071.jpg,n02966193
n0296619300001072.jpg,n02966193
n0296619300001076.jpg,n02966193
n0296619300001077.jpg,n02966193
n0296619300001079.jpg,n02966193
n0296619300001080.jpg,n02966193
n0296619300001085.jpg,n02966193
n0296619300001086.jpg,n02966193
n0296619300001089.jpg,n02966193
n0296619300001092.jpg,n02966193
n0296619300001096.jpg,n02966193
n0296619300001097.jpg,n02966193
n0296619300001100.jpg,n02966193
n0296619300001103.jpg,n02966193
n0296619300001104.jpg,n02966193
n0296619300001107.jpg,n02966193
n0296619300001108.jpg,n02966193
n0296619300001111.jpg,n02966193
n0296619300001116.jpg,n02966193
n0296619300001119.jpg,n02966193
n0296619300001121.jpg,n02966193
n0296619300001122.jpg,n02966193
n0296619300001123.jpg,n02966193
n0296619300001125.jpg,n02966193
n0296619300001126.jpg,n02966193
n0296619300001129.jpg,n02966193
n0296619300001130.jpg,n02966193
n0296619300001135.jpg,n02966193
n0296619300001137.jpg,n02966193
n0296619300001138.jpg,n02966193
n0296619300001139.jpg,n02966193
n0296619300001143.jpg,n02966193
n0296619300001145.jpg,n02966193
n0296619300001146.jpg,n02966193
n0296619300001149.jpg,n02966193
n0296619300001153.jpg,n02966193
n0296619300001159.jpg,n02966193
n0296619300001160.jpg,n02966193
n0296619300001161.jpg,n02966193
n0296619300001166.jpg,n02966193
n0296619300001170.jpg,n02966193
n0296619300001172.jpg,n02966193
n0296619300001173.jpg,n02966193
n0296619300001180.jpg,n02966193
n0296619300001181.jpg,n02966193
n0296619300001183.jpg,n02966193
n0296619300001187.jpg,n02966193
n0296619300001188.jpg,n02966193
n0296619300001189.jpg,n02966193
n0296619300001190.jpg,n02966193
n0296619300001191.jpg,n02966193
n0296619300001193.jpg,n02966193
n0296619300001194.jpg,n02966193
n0296619300001195.jpg,n02966193
n0296619300001198.jpg,n02966193
n0296619300001199.jpg,n02966193
n0296619300001206.jpg,n02966193
n0296619300001209.jpg,n02966193
n0296619300001210.jpg,n02966193
n0296619300001211.jpg,n02966193
n0296619300001212.jpg,n02966193
n0296619300001216.jpg,n02966193
n0296619300001219.jpg,n02966193
n0296619300001220.jpg,n02966193
n0296619300001221.jpg,n02966193
n0296619300001222.jpg,n02966193
n0296619300001223.jpg,n02966193
n0296619300001225.jpg,n02966193
n0296619300001228.jpg,n02966193
n0296619300001230.jpg,n02966193
n0296619300001232.jpg,n02966193
n0296619300001233.jpg,n02966193
n0296619300001234.jpg,n02966193
n0296619300001235.jpg,n02966193
n0296619300001240.jpg,n02966193
n0296619300001243.jpg,n02966193
n0296619300001245.jpg,n02966193
n0296619300001246.jpg,n02966193
n0296619300001248.jpg,n02966193
n0296619300001252.jpg,n02966193
n0296619300001254.jpg,n02966193
n0296619300001257.jpg,n02966193
n0296619300001259.jpg,n02966193
n0296619300001261.jpg,n02966193
n0296619300001266.jpg,n02966193
n0296619300001270.jpg,n02966193
n0296619300001271.jpg,n02966193
n0296619300001272.jpg,n02966193
n0296619300001273.jpg,n02966193
n0296619300001276.jpg,n02966193
n0296619300001286.jpg,n02966193
n0296619300001287.jpg,n02966193
n0296619300001288.jpg,n02966193
n0296619300001290.jpg,n02966193
n0296619300001291.jpg,n02966193
n0296619300001292.jpg,n02966193
n0296619300001293.jpg,n02966193
n0296619300001300.jpg,n02966193
n0340023100000001.jpg,n03400231
n0340023100000002.jpg,n03400231
n0340023100000004.jpg,n03400231
n0340023100000006.jpg,n03400231
n0340023100000009.jpg,n03400231
n0340023100000011.jpg,n03400231
n0340023100000014.jpg,n03400231
n0340023100000015.jpg,n03400231
n0340023100000016.jpg,n03400231
n0340023100000018.jpg,n03400231
n0340023100000020.jpg,n03400231
n0340023100000022.jpg,n03400231
n0340023100000024.jpg,n03400231
n0340023100000028.jpg,n03400231
n0340023100000029.jpg,n03400231
n0340023100000030.jpg,n03400231
n0340023100000031.jpg,n03400231
n0340023100000032.jpg,n03400231
n0340023100000033.jpg,n03400231
n0340023100000036.jpg,n03400231
n0340023100000037.jpg,n03400231
n0340023100000040.jpg,n03400231
n0340023100000043.jpg,n03400231
n0340023100000044.jpg,n03400231
n0340023100000045.jpg,n03400231
n0340023100000046.jpg,n03400231
n0340023100000047.jpg,n03400231
n0340023100000052.jpg,n03400231
n0340023100000054.jpg,n03400231
n0340023100000055.jpg,n03400231
n0340023100000057.jpg,n03400231
n0340023100000058.jpg,n03400231
n0340023100000063.jpg,n03400231
n0340023100000064.jpg,n03400231
n0340023100000065.jpg,n03400231
n0340023100000068.jpg,n03400231
n0340023100000070.jpg,n03400231
n0340023100000071.jpg,n03400231
n0340023100000074.jpg,n03400231
n0340023100000075.jpg,n03400231
n0340023100000076.jpg,n03400231
n0340023100000079.jpg,n03400231
n0340023100000082.jpg,n03400231
n0340023100000083.jpg,n03400231
n0340023100000085.jpg,n03400231
n0340023100000089.jpg,n03400231
n0340023100000092.jpg,n03400231
n0340023100000094.jpg,n03400231
n0340023100000095.jpg,n03400231
n0340023100000099.jpg,n03400231
n0340023100000100.jpg,n03400231
n0340023100000101.jpg,n03400231
n0340023100000106.jpg,n03400231
n0340023100000110.jpg,n03400231
n0340023100000112.jpg,n03400231
n0340023100000113.jpg,n03400231
n0340023100000114.jpg,n03400231
n0340023100000115.jpg,n03400231
n0340023100000116.jpg,n03400231
n0340023100000119.jpg,n03400231
n0340023100000126.jpg,n03400231
n0340023100000128.jpg,n03400231
n0340023100000129.jpg,n03400231
n0340023100000131.jpg,n03400231
n0340023100000132.jpg,n03400231
n0340023100000134.jpg,n03400231
n0340023100000138.jpg,n03400231
n0340023100000141.jpg,n03400231
n0340023100000142.jpg,n03400231
n0340023100000146.jpg,n03400231
n0340023100000147.jpg,n03400231
n0340023100000148.jpg,n03400231
n0340023100000153.jpg,n03400231
n0340023100000154.jpg,n03400231
n0340023100000155.jpg,n03400231
n0340023100000161.jpg,n03400231
n0340023100000162.jpg,n03400231
n0340023100000164.jpg,n03400231
n0340023100000165.jpg,n03400231
n0340023100000166.jpg,n03400231
n0340023100000170.jpg,n03400231
n0340023100000173.jpg,n03400231
n0340023100000175.jpg,n03400231
n0340023100000176.jpg,n03400231
n0340023100000177.jpg,n03400231
n0340023100000179.jpg,n03400231
n0340023100000180.jpg,n03400231
n0340023100000182.jpg,n03400231
n0340023100000183.jpg,n03400231
n0340023100000185.jpg,n03400231
n0340023100000192.jpg,n03400231
n0340023100000193.jpg,n03400231
n0340023100000195.jpg,n03400231
n0340023100000197.jpg,n03400231
n0340023100000198.jpg,n03400231
n0340023100000199.jpg,n03400231
n0340023100000200.jpg,n03400231
n0340023100000202.jpg,n03400231
n0340023100000206.jpg,n03400231
n0340023100000207.jpg,n03400231
n0340023100000208.jpg,n03400231
n0340023100000211.jpg,n03400231
n0340023100000214.jpg,n03400231
n0340023100000216.jpg,n03400231
n0340023100000217.jpg,n03400231
n0340023100000218.jpg,n03400231
n0340023100000219.jpg,n03400231
n0340023100000222.jpg,n03400231
n0340023100000225.jpg,n03400231
n0340023100000226.jpg,n03400231
n0340023100000230.jpg,n03400231
n0340023100000235.jpg,n03400231
n0340023100000236.jpg,n03400231
n0340023100000237.jpg,n03400231
n0340023100000238.jpg,n03400231
n0340023100000240.jpg,n03400231
n0340023100000242.jpg,n03400231
n0340023100000244.jpg,n03400231
n0340023100000245.jpg,n03400231
n0340023100000247.jpg,n03400231
n0340023100000250.jpg,n03400231
n0340023100000253.jpg,n03400231
n0340023100000255.jpg,n03400231
n0340023100000256.jpg,n03400231
n0340023100000260.jpg,n03400231
n0340023100000261.jpg,n03400231
n0340023100000264.jpg,n03400231
n0340023100000266.jpg,n03400231
n0340023100000267.jpg,n03400231
n0340023100000268.jpg,n03400231
n0340023100000270.jpg,n03400231
n0340023100000272.jpg,n03400231
n0340023100000274.jpg,n03400231
n0340023100000277.jpg,n03400231
n0340023100000279.jpg,n03400231
n0340023100000280.jpg,n03400231
n0340023100000281.jpg,n03400231
n0340023100000282.jpg,n03400231
n0340023100000285.jpg,n03400231
n0340023100000286.jpg,n03400231
n0340023100000287.jpg,n03400231
n0340023100000291.jpg,n03400231
n0340023100000293.jpg,n03400231
n0340023100000296.jpg,n03400231
n0340023100000297.jpg,n03400231
n0340023100000299.jpg,n03400231
n0340023100000300.jpg,n03400231
n0340023100000303.jpg,n03400231
n0340023100000305.jpg,n03400231
n0340023100000307.jpg,n03400231
n0340023100000309.jpg,n03400231
n0340023100000313.jpg,n03400231
n0340023100000314.jpg,n03400231
n0340023100000315.jpg,n03400231
n0340023100000318.jpg,n03400231
n0340023100000320.jpg,n03400231
n0340023100000321.jpg,n03400231
n0340023100000322.jpg,n03400231
n0340023100000323.jpg,n03400231
n0340023100000324.jpg,n03400231
n0340023100000326.jpg,n03400231
n0340023100000327.jpg,n03400231
n0340023100000328.jpg,n03400231
n0340023100000330.jpg,n03400231
n0340023100000331.jpg,n03400231
n0340023100000332.jpg,n03400231
n0340023100000334.jpg,n03400231
n0340023100000335.jpg,n03400231
n0340023100000336.jpg,n03400231
n0340023100000339.jpg,n03400231
n0340023100000340.jpg,n03400231
n0340023100000341.jpg,n03400231
n0340023100000342.jpg,n03400231
n0340023100000345.jpg,n03400231
n0340023100000347.jpg,n03400231
n0340023100000348.jpg,n03400231
n0340023100000350.jpg,n03400231
n0340023100000351.jpg,n03400231
n0340023100000354.jpg,n03400231
n0340023100000355.jpg,n03400231
n0340023100000359.jpg,n03400231
n0340023100000360.jpg,n03400231
n0340023100000361.jpg,n03400231
n0340023100000362.jpg,n03400231
n0340023100000365.jpg,n03400231
n0340023100000367.jpg,n03400231
n0340023100000368.jpg,n03400231
n0340023100000370.jpg,n03400231
n0340023100000376.jpg,n03400231
n0340023100000377.jpg,n03400231
n0340023100000378.jpg,n03400231
n0340023100000379.jpg,n03400231
n0340023100000384.jpg,n03400231
n0340023100000386.jpg,n03400231
n0340023100000392.jpg,n03400231
n0340023100000393.jpg,n03400231
n0340023100000400.jpg,n03400231
n0340023100000402.jpg,n03400231
n0340023100000403.jpg,n03400231
n0340023100000404.jpg,n03400231
n0340023100000407.jpg,n03400231
n0340023100000408.jpg,n03400231
n0340023100000409.jpg,n03400231
n0340023100000411.jpg,n03400231
n0340023100000414.jpg,n03400231
n0340023100000415.jpg,n03400231
n0340023100000417.jpg,n03400231
n0340023100000419.jpg,n03400231
n0340023100000421.jpg,n03400231
n0340023100000424.jpg,n03400231
n0340023100000426.jpg,n03400231
n0340023100000428.jpg,n03400231
n0340023100000431.jpg,n03400231
n0340023100000434.jpg,n03400231
n0340023100000440.jpg,n03400231
n0340023100000442.jpg,n03400231
n0340023100000446.jpg,n03400231
n0340023100000449.jpg,n03400231
n0340023100000450.jpg,n03400231
n0340023100000451.jpg,n03400231
n0340023100000453.jpg,n03400231
n0340023100000454.jpg,n03400231
n0340023100000455.jpg,n03400231
n0340023100000457.jpg,n03400231
n0340023100000459.jpg,n03400231
n0340023100000460.jpg,n03400231
n0340023100000462.jpg,n03400231
n0340023100000463.jpg,n03400231
n0340023100000464.jpg,n03400231
n0340023100000470.jpg,n03400231
n0340023100000471.jpg,n03400231
n0340023100000472.jpg,n03400231
n0340023100000473.jpg,n03400231
n0340023100000475.jpg,n03400231
n0340023100000480.jpg,n03400231
n0340023100000481.jpg,n03400231
n0340023100000483.jpg,n03400231
n0340023100000487.jpg,n03400231
n0340023100000489.jpg,n03400231
n0340023100000492.jpg,n03400231
n0340023100000493.jpg,n03400231
n0340023100000494.jpg,n03400231
n0340023100000498.jpg,n03400231
n0340023100000499.jpg,n03400231
n0340023100000504.jpg,n03400231
n0340023100000508.jpg,n03400231
n0340023100000509.jpg,n03400231
n0340023100000510.jpg,n03400231
n0340023100000512.jpg,n03400231
n0340023100000513.jpg,n03400231
n0340023100000514.jpg,n03400231
n0340023100000515.jpg,n03400231
n0340023100000516.jpg,n03400231
n0340023100000517.jpg,n03400231
n0340023100000518.jpg,n03400231
n0340023100000519.jpg,n03400231
n0340023100000520.jpg,n03400231
n0340023100000521.jpg,n03400231
n0340023100000530.jpg,n03400231
n0340023100000531.jpg,n03400231
n0340023100000536.jpg,n03400231
n0340023100000539.jpg,n03400231
n0340023100000542.jpg,n03400231
n0340023100000543.jpg,n03400231
n0340023100000545.jpg,n03400231
n0340023100000546.jpg,n03400231
n0340023100000547.jpg,n03400231
n0340023100000548.jpg,n03400231
n0340023100000549.jpg,n03400231
n0340023100000551.jpg,n03400231
n0340023100000553.jpg,n03400231
n0340023100000554.jpg,n03400231
n0340023100000555.jpg,n03400231
n0340023100000556.jpg,n03400231
n0340023100000558.jpg,n03400231
n0340023100000559.jpg,n03400231
n0340023100000560.jpg,n03400231
n0340023100000561.jpg,n03400231
n0340023100000563.jpg,n03400231
n0340023100000565.jpg,n03400231
n0340023100000566.jpg,n03400231
n0340023100000567.jpg,n03400231
n0340023100000572.jpg,n03400231
n0340023100000573.jpg,n03400231
n0340023100000574.jpg,n03400231
n0340023100000578.jpg,n03400231
n0340023100000584.jpg,n03400231
n0340023100000593.jpg,n03400231
n0340023100000594.jpg,n03400231
n0340023100000596.jpg,n03400231
n0340023100000597.jpg,n03400231
n0340023100000598.jpg,n03400231
n0340023100000599.jpg,n03400231
n0340023100000600.jpg,n03400231
n0340023100000601.jpg,n03400231
n0340023100000603.jpg,n03400231
n0340023100000604.jpg,n03400231
n0340023100000605.jpg,n03400231
n0340023100000606.jpg,n03400231
n0340023100000608.jpg,n03400231
n0340023100000611.jpg,n03400231
n0340023100000612.jpg,n03400231
n0340023100000613.jpg,n03400231
n0340023100000615.jpg,n03400231
n0340023100000617.jpg,n03400231
n0340023100000623.jpg,n03400231
n0340023100000626.jpg,n03400231
n0340023100000627.jpg,n03400231
n0340023100000631.jpg,n03400231
n0340023100000632.jpg,n03400231
n0340023100000634.jpg,n03400231
n0340023100000636.jpg,n03400231
n0340023100000639.jpg,n03400231
n0340023100000640.jpg,n03400231
n0340023100000642.jpg,n03400231
n0340023100000643.jpg,n03400231
n0340023100000645.jpg,n03400231
n0340023100000647.jpg,n03400231
n0340023100000648.jpg,n03400231
n0340023100000649.jpg,n03400231
n0340023100000650.jpg,n03400231
n0340023100000652.jpg,n03400231
n0340023100000656.jpg,n03400231
n0340023100000658.jpg,n03400231
n0340023100000659.jpg,n03400231
n0340023100000660.jpg,n03400231
n0340023100000661.jpg,n03400231
n0340023100000662.jpg,n03400231
n0340023100000669.jpg,n03400231
n0340023100000673.jpg,n03400231
n0340023100000675.jpg,n03400231
n0340023100000677.jpg,n03400231
n0340023100000678.jpg,n03400231
n0340023100000679.jpg,n03400231
n0340023100000681.jpg,n03400231
n0340023100000685.jpg,n03400231
n0340023100000690.jpg,n03400231
n0340023100000691.jpg,n03400231
n0340023100000692.jpg,n03400231
n0340023100000693.jpg,n03400231
n0340023100000694.jpg,n03400231
n0340023100000697.jpg,n03400231
n0340023100000698.jpg,n03400231
n0340023100000699.jpg,n03400231
n0340023100000700.jpg,n03400231
n0340023100000702.jpg,n03400231
n0340023100000703.jpg,n03400231
n0340023100000705.jpg,n03400231
n0340023100000708.jpg,n03400231
n0340023100000709.jpg,n03400231
n0340023100000712.jpg,n03400231
n0340023100000715.jpg,n03400231
n0340023100000716.jpg,n03400231
n0340023100000717.jpg,n03400231
n0340023100000719.jpg,n03400231
n0340023100000720.jpg,n03400231
n0340023100000724.jpg,n03400231
n0340023100000725.jpg,n03400231
n0340023100000727.jpg,n03400231
n0340023100000730.jpg,n03400231
n0340023100000731.jpg,n03400231
n0340023100000732.jpg,n03400231
n0340023100000733.jpg,n03400231
n0340023100000735.jpg,n03400231
n0340023100000736.jpg,n03400231
n0340023100000738.jpg,n03400231
n0340023100000740.jpg,n03400231
n0340023100000741.jpg,n03400231
n0340023100000742.jpg,n03400231
n0340023100000743.jpg,n03400231
n0340023100000744.jpg,n03400231
n0340023100000748.jpg,n03400231
n0340023100000750.jpg,n03400231
n0340023100000754.jpg,n03400231
n0340023100000761.jpg,n03400231
n0340023100000762.jpg,n03400231
n0340023100000764.jpg,n03400231
n0340023100000769.jpg,n03400231
n0340023100000770.jpg,n03400231
n0340023100000774.jpg,n03400231
n0340023100000776.jpg,n03400231
n0340023100000777.jpg,n03400231
n0340023100000782.jpg,n03400231
n0340023100000783.jpg,n03400231
n0340023100000784.jpg,n03400231
n0340023100000790.jpg,n03400231
n0340023100000792.jpg,n03400231
n0340023100000794.jpg,n03400231
n0340023100000796.jpg,n03400231
n0340023100000800.jpg,n03400231
n0340023100000801.jpg,n03400231
n0340023100000802.jpg,n03400231
n0340023100000805.jpg,n03400231
n0340023100000806.jpg,n03400231
n0340023100000808.jpg,n03400231
n0340023100000810.jpg,n03400231
n0340023100000812.jpg,n03400231
n0340023100000814.jpg,n03400231
n0340023100000815.jpg,n03400231
n0340023100000816.jpg,n03400231
n0340023100000818.jpg,n03400231
n0340023100000819.jpg,n03400231
n0340023100000821.jpg,n03400231
n0340023100000822.jpg,n03400231
n0340023100000823.jpg,n03400231
n0340023100000824.jpg,n03400231
n0340023100000827.jpg,n03400231
n0340023100000828.jpg,n03400231
n0340023100000829.jpg,n03400231
n0340023100000831.jpg,n03400231
n0340023100000837.jpg,n03400231
n0340023100000843.jpg,n03400231
n0340023100000844.jpg,n03400231
n0340023100000845.jpg,n03400231
n0340023100000848.jpg,n03400231
n0340023100000850.jpg,n03400231
n0340023100000852.jpg,n03400231
n0340023100000853.jpg,n03400231
n0340023100000856.jpg,n03400231
n0340023100000862.jpg,n03400231
n0340023100000865.jpg,n03400231
n0340023100000869.jpg,n03400231
n0340023100000871.jpg,n03400231
n0340023100000872.jpg,n03400231
n0340023100000874.jpg,n03400231
n0340023100000875.jpg,n03400231
n0340023100000879.jpg,n03400231
n0340023100000882.jpg,n03400231
n0340023100000884.jpg,n03400231
n0340023100000885.jpg,n03400231
n0340023100000891.jpg,n03400231
n0340023100000893.jpg,n03400231
n0340023100000894.jpg,n03400231
n0340023100000895.jpg,n03400231
n0340023100000897.jpg,n03400231
n0340023100000899.jpg,n03400231
n0340023100000901.jpg,n03400231
n0340023100000904.jpg,n03400231
n0340023100000905.jpg,n03400231
n0340023100000906.jpg,n03400231
n0340023100000907.jpg,n03400231
n0340023100000908.jpg,n03400231
n0340023100000910.jpg,n03400231
n0340023100000912.jpg,n03400231
n0340023100000913.jpg,n03400231
n0340023100000914.jpg,n03400231
n0340023100000915.jpg,n03400231
n0340023100000916.jpg,n03400231
n0340023100000918.jpg,n03400231
n0340023100000919.jpg,n03400231
n0340023100000925.jpg,n03400231
n0340023100000926.jpg,n03400231
n0340023100000928.jpg,n03400231
n0340023100000929.jpg,n03400231
n0340023100000931.jpg,n03400231
n0340023100000933.jpg,n03400231
n0340023100000934.jpg,n03400231
n0340023100000936.jpg,n03400231
n0340023100000938.jpg,n03400231
n0340023100000940.jpg,n03400231
n0340023100000941.jpg,n03400231
n0340023100000942.jpg,n03400231
n0340023100000943.jpg,n03400231
n0340023100000944.jpg,n03400231
n0340023100000946.jpg,n03400231
n0340023100000949.jpg,n03400231
n0340023100000950.jpg,n03400231
n0340023100000955.jpg,n03400231
n0340023100000956.jpg,n03400231
n0340023100000957.jpg,n03400231
n0340023100000958.jpg,n03400231
n0340023100000960.jpg,n03400231
n0340023100000961.jpg,n03400231
n0340023100000964.jpg,n03400231
n0340023100000965.jpg,n03400231
n0340023100000967.jpg,n03400231
n0340023100000970.jpg,n03400231
n0340023100000972.jpg,n03400231
n0340023100000973.jpg,n03400231
n0340023100000976.jpg,n03400231
n0340023100000978.jpg,n03400231
n0340023100000979.jpg,n03400231
n0340023100000984.jpg,n03400231
n0340023100000986.jpg,n03400231
n0340023100000988.jpg,n03400231
n0340023100000989.jpg,n03400231
n0340023100000990.jpg,n03400231
n0340023100000991.jpg,n03400231
n0340023100000992.jpg,n03400231
n0340023100000995.jpg,n03400231
n0340023100000996.jpg,n03400231
n0340023100000998.jpg,n03400231
n0340023100000999.jpg,n03400231
n0340023100001000.jpg,n03400231
n0340023100001002.jpg,n03400231
n0340023100001004.jpg,n03400231
n0340023100001005.jpg,n03400231
n0340023100001007.jpg,n03400231
n0340023100001011.jpg,n03400231
n0340023100001012.jpg,n03400231
n0340023100001014.jpg,n03400231
n0340023100001015.jpg,n03400231
n0340023100001017.jpg,n03400231
n0340023100001020.jpg,n03400231
n0340023100001021.jpg,n03400231
n0340023100001025.jpg,n03400231
n0340023100001026.jpg,n03400231
n0340023100001027.jpg,n03400231
n0340023100001030.jpg,n03400231
n0340023100001031.jpg,n03400231
n0340023100001032.jpg,n03400231
n0340023100001033.jpg,n03400231
n0340023100001036.jpg,n03400231
n0340023100001037.jpg,n03400231
n0340023100001039.jpg,n03400231
n0340023100001040.jpg,n03400231
n0340023100001041.jpg,n03400231
n0340023100001042.jpg,n03400231
n0340023100001043.jpg,n03400231
n0340023100001044.jpg,n03400231
n0340023100001045.jpg,n03400231
n0340023100001050.jpg,n03400231
n0340023100001051.jpg,n03400231
n0340023100001054.jpg,n03400231
n0340023100001055.jpg,n03400231
n0340023100001056.jpg,n03400231
n0340023100001058.jpg,n03400231
n0340023100001061.jpg,n03400231
n0340023100001062.jpg,n03400231
n0340023100001064.jpg,n03400231
n0340023100001066.jpg,n03400231
n0340023100001067.jpg,n03400231
n0340023100001069.jpg,n03400231
n0340023100001071.jpg,n03400231
n0340023100001075.jpg,n03400231
n0340023100001076.jpg,n03400231
n0340023100001078.jpg,n03400231
n0340023100001079.jpg,n03400231
n0340023100001080.jpg,n03400231
n0340023100001082.jpg,n03400231
n0340023100001085.jpg,n03400231
n0340023100001086.jpg,n03400231
n0340023100001087.jpg,n03400231
n0340023100001088.jpg,n03400231
n0340023100001090.jpg,n03400231
n0340023100001091.jpg,n03400231
n0340023100001096.jpg,n03400231
n0340023100001100.jpg,n03400231
n0340023100001101.jpg,n03400231
n0340023100001102.jpg,n03400231
n0340023100001103.jpg,n03400231
n0340023100001107.jpg,n03400231
n0340023100001109.jpg,n03400231
n0340023100001111.jpg,n03400231
n0340023100001112.jpg,n03400231
n0340023100001113.jpg,n03400231
n0340023100001117.jpg,n03400231
n0340023100001118.jpg,n03400231
n0340023100001119.jpg,n03400231
n0340023100001121.jpg,n03400231
n0340023100001128.jpg,n03400231
n0340023100001134.jpg,n03400231
n0340023100001137.jpg,n03400231
n0340023100001139.jpg,n03400231
n0340023100001141.jpg,n03400231
n0340023100001143.jpg,n03400231
n0340023100001145.jpg,n03400231
n0340023100001150.jpg,n03400231
n0340023100001154.jpg,n03400231
n0340023100001157.jpg,n03400231
n0340023100001159.jpg,n03400231
n0340023100001160.jpg,n03400231
n0340023100001161.jpg,n03400231
n0340023100001162.jpg,n03400231
n0340023100001163.jpg,n03400231
n0340023100001164.jpg,n03400231
n0340023100001165.jpg,n03400231
n0340023100001167.jpg,n03400231
n0340023100001169.jpg,n03400231
n0340023100001170.jpg,n03400231
n0340023100001175.jpg,n03400231
n0340023100001176.jpg,n03400231
n0340023100001177.jpg,n03400231
n0340023100001182.jpg,n03400231
n0340023100001184.jpg,n03400231
n0340023100001190.jpg,n03400231
n0340023100001193.jpg,n03400231
n0340023100001195.jpg,n03400231
n0340023100001198.jpg,n03400231
n0340023100001200.jpg,n03400231
n0340023100001202.jpg,n03400231
n0340023100001209.jpg,n03400231
n0340023100001211.jpg,n03400231
n0340023100001212.jpg,n03400231
n0340023100001213.jpg,n03400231
n0340023100001214.jpg,n03400231
n0340023100001215.jpg,n03400231
n0340023100001216.jpg,n03400231
n0340023100001219.jpg,n03400231
n0340023100001220.jpg,n03400231
n0367648300000004.jpg,n03676483
n0367648300000005.jpg,n03676483
n0367648300000007.jpg,n03676483
n0367648300000010.jpg,n03676483
n0367648300000011.jpg,n03676483
n0367648300000013.jpg,n03676483
n0367648300000016.jpg,n03676483
n0367648300000017.jpg,n03676483
n0367648300000019.jpg,n03676483
n0367648300000020.jpg,n03676483
n0367648300000021.jpg,n03676483
n0367648300000026.jpg,n03676483
n0367648300000027.jpg,n03676483
n0367648300000030.jpg,n03676483
n0367648300000032.jpg,n03676483
n0367648300000033.jpg,n03676483
n0367648300000034.jpg,n03676483
n0367648300000037.jpg,n03676483
n0367648300000038.jpg,n03676483
n0367648300000039.jpg,n03676483
n0367648300000040.jpg,n03676483
n0367648300000044.jpg,n03676483
n0367648300000045.jpg,n03676483
n0367648300000046.jpg,n03676483
n0367648300000047.jpg,n03676483
n0367648300000049.jpg,n03676483
n0367648300000052.jpg,n03676483
n0367648300000054.jpg,n03676483
n0367648300000055.jpg,n03676483
n0367648300000056.jpg,n03676483
n0367648300000057.jpg,n03676483
n0367648300000062.jpg,n03676483
n0367648300000064.jpg,n03676483
n0367648300000065.jpg,n03676483
n0367648300000066.jpg,n03676483
n0367648300000067.jpg,n03676483
n0367648300000069.jpg,n03676483
n0367648300000070.jpg,n03676483
n0367648300000071.jpg,n03676483
n0367648300000072.jpg,n03676483
n0367648300000074.jpg,n03676483
n0367648300000077.jpg,n03676483
n0367648300000078.jpg,n03676483
n0367648300000084.jpg,n03676483
n0367648300000086.jpg,n03676483
n0367648300000088.jpg,n03676483
n0367648300000089.jpg,n03676483
n0367648300000090.jpg,n03676483
n0367648300000091.jpg,n03676483
n0367648300000095.jpg,n03676483
n0367648300000098.jpg,n03676483
n0367648300000101.jpg,n03676483
n0367648300000102.jpg,n03676483
n0367648300000105.jpg,n03676483
n0367648300000107.jpg,n03676483
n0367648300000108.jpg,n03676483
n0367648300000110.jpg,n03676483
n0367648300000112.jpg,n03676483
n0367648300000115.jpg,n03676483
n0367648300000116.jpg,n03676483
n0367648300000117.jpg,n03676483
n0367648300000118.jpg,n03676483
n0367648300000119.jpg,n03676483
n0367648300000124.jpg,n03676483
n0367648300000125.jpg,n03676483
n0367648300000126.jpg,n03676483
n0367648300000128.jpg,n03676483
n0367648300000129.jpg,n03676483
n0367648300000130.jpg,n03676483
n0367648300000131.jpg,n03676483
n0367648300000137.jpg,n03676483
n0367648300000139.jpg,n03676483
n0367648300000140.jpg,n03676483
n0367648300000143.jpg,n03676483
n0367648300000145.jpg,n03676483
n0367648300000147.jpg,n03676483
n0367648300000149.jpg,n03676483
n0367648300000151.jpg,n03676483
n0367648300000153.jpg,n03676483
n0367648300000157.jpg,n03676483
n0367648300000158.jpg,n03676483
n0367648300000159.jpg,n03676483
n0367648300000164.jpg,n03676483
n0367648300000171.jpg,n03676483
n0367648300000172.jpg,n03676483
n0367648300000175.jpg,n03676483
n0367648300000177.jpg,n03676483
n0367648300000178.jpg,n03676483
n0367648300000181.jpg,n03676483
n0367648300000182.jpg,n03676483
n0367648300000184.jpg,n03676483
n0367648300000190.jpg,n03676483
n0367648300000191.jpg,n03676483
n0367648300000196.jpg,n03676483
n0367648300000203.jpg,n03676483
n0367648300000204.jpg,n03676483
n0367648300000208.jpg,n03676483
n0367648300000210.jpg,n03676483
n0367648300000212.jpg,n03676483
n0367648300000213.jpg,n03676483
n0367648300000214.jpg,n03676483
n0367648300000215.jpg,n03676483
n0367648300000216.jpg,n03676483
n0367648300000217.jpg,n03676483
n0367648300000220.jpg,n03676483
n0367648300000221.jpg,n03676483
n0367648300000222.jpg,n03676483
n0367648300000224.jpg,n03676483
n0367648300000227.jpg,n03676483
n0367648300000230.jpg,n03676483
n0367648300000232.jpg,n03676483
n0367648300000233.jpg,n03676483
n0367648300000234.jpg,n03676483
n0367648300000235.jpg,n03676483
n0367648300000237.jpg,n03676483
n0367648300000245.jpg,n03676483
n0367648300000247.jpg,n03676483
n0367648300000248.jpg,n03676483
n0367648300000249.jpg,n03676483
n0367648300000253.jpg,n03676483
n0367648300000255.jpg,n03676483
n0367648300000256.jpg,n03676483
n0367648300000257.jpg,n03676483
n0367648300000258.jpg,n03676483
n0367648300000260.jpg,n03676483
n0367648300000262.jpg,n03676483
n0367648300000265.jpg,n03676483
n0367648300000267.jpg,n03676483
n0367648300000273.jpg,n03676483
n0367648300000278.jpg,n03676483
n0367648300000280.jpg,n03676483
n0367648300000282.jpg,n03676483
n0367648300000283.jpg,n03676483
n0367648300000284.jpg,n03676483
n0367648300000287.jpg,n03676483
n0367648300000292.jpg,n03676483
n0367648300000293.jpg,n03676483
n0367648300000299.jpg,n03676483
n0367648300000300.jpg,n03676483
n0367648300000302.jpg,n03676483
n0367648300000306.jpg,n03676483
n0367648300000307.jpg,n03676483
n0367648300000308.jpg,n03676483
n0367648300000309.jpg,n03676483
n0367648300000311.jpg,n03676483
n0367648300000313.jpg,n03676483
n0367648300000314.jpg,n03676483
n0367648300000315.jpg,n03676483
n0367648300000316.jpg,n03676483
n0367648300000319.jpg,n03676483
n0367648300000321.jpg,n03676483
n0367648300000329.jpg,n03676483
n0367648300000330.jpg,n03676483
n0367648300000331.jpg,n03676483
n0367648300000333.jpg,n03676483
n0367648300000335.jpg,n03676483
n0367648300000339.jpg,n03676483
n0367648300000340.jpg,n03676483
n0367648300000348.jpg,n03676483
n0367648300000349.jpg,n03676483
n0367648300000350.jpg,n03676483
n0367648300000351.jpg,n03676483
n0367648300000353.jpg,n03676483
n0367648300000355.jpg,n03676483
n0367648300000357.jpg,n03676483
n0367648300000360.jpg,n03676483
n0367648300000362.jpg,n03676483
n0367648300000364.jpg,n03676483
n0367648300000367.jpg,n03676483
n0367648300000368.jpg,n03676483
n0367648300000369.jpg,n03676483
n0367648300000370.jpg,n03676483
n0367648300000373.jpg,n03676483
n0367648300000375.jpg,n03676483
n0367648300000376.jpg,n03676483
n0367648300000377.jpg,n03676483
n0367648300000378.jpg,n03676483
n0367648300000379.jpg,n03676483
n0367648300000381.jpg,n03676483
n0367648300000382.jpg,n03676483
n0367648300000386.jpg,n03676483
n0367648300000388.jpg,n03676483
n0367648300000391.jpg,n03676483
n0367648300000392.jpg,n03676483
n0367648300000395.jpg,n03676483
n0367648300000396.jpg,n03676483
n0367648300000398.jpg,n03676483
n0367648300000399.jpg,n03676483
n0367648300000401.jpg,n03676483
n0367648300000402.jpg,n03676483
n0367648300000403.jpg,n03676483
n0367648300000404.jpg,n03676483
n0367648300000406.jpg,n03676483
n0367648300000408.jpg,n03676483
n0367648300000411.jpg,n03676483
n0367648300000412.jpg,n03676483
n0367648300000415.jpg,n03676483
n0367648300000418.jpg,n03676483
n0367648300000420.jpg,n03676483
n0367648300000421.jpg,n03676483
n0367648300000422.jpg,n03676483
n0367648300000424.jpg,n03676483
n0367648300000428.jpg,n03676483
n0367648300000429.jpg,n03676483
n0367648300000430.jpg,n03676483
n0367648300000431.jpg,n03676483
n0367648300000432.jpg,n03676483
n0367648300000435.jpg,n03676483
n0367648300000439.jpg,n03676483
n0367648300000440.jpg,n03676483
n0367648300000441.jpg,n03676483
n0367648300000443.jpg,n03676483
n0367648300000446.jpg,n03676483
n0367648300000450.jpg,n03676483
n0367648300000453.jpg,n03676483
n0367648300000455.jpg,n03676483
n0367648300000457.jpg,n03676483
n0367648300000463.jpg,n03676483
n0367648300000467.jpg,n03676483
n0367648300000469.jpg,n03676483
n0367648300000471.jpg,n03676483
n0367648300000472.jpg,n03676483
n0367648300000473.jpg,n03676483
n0367648300000476.jpg,n03676483
n0367648300000477.jpg,n03676483
n0367648300000479.jpg,n03676483
n0367648300000482.jpg,n03676483
n0367648300000484.jpg,n03676483
n0367648300000486.jpg,n03676483
n0367648300000489.jpg,n03676483
n0367648300000492.jpg,n03676483
n0367648300000493.jpg,n03676483
n0367648300000501.jpg,n03676483
n0367648300000503.jpg,n03676483
n0367648300000504.jpg,n03676483
n0367648300000509.jpg,n03676483
n0367648300000510.jpg,n03676483
n0367648300000511.jpg,n03676483
n0367648300000512.jpg,n03676483
n0367648300000513.jpg,n03676483
n0367648300000514.jpg,n03676483
n0367648300000515.jpg,n03676483
n0367648300000516.jpg,n03676483
n0367648300000518.jpg,n03676483
n0367648300000522.jpg,n03676483
n0367648300000523.jpg,n03676483
n0367648300000524.jpg,n03676483
n0367648300000525.jpg,n03676483
n0367648300000527.jpg,n03676483
n0367648300000529.jpg,n03676483
n0367648300000530.jpg,n03676483
n0367648300000531.jpg,n03676483
n0367648300000535.jpg,n03676483
n0367648300000537.jpg,n03676483
n0367648300000538.jpg,n03676483
n0367648300000540.jpg,n03676483
n0367648300000543.jpg,n03676483
n0367648300000544.jpg,n03676483
n0367648300000545.jpg,n03676483
n0367648300000551.jpg,n03676483
n0367648300000553.jpg,n03676483
n0367648300000555.jpg,n03676483
n0367648300000556.jpg,n03676483
n0367648300000557.jpg,n03676483
n0367648300000559.jpg,n03676483
n0367648300000561.jpg,n03676483
n0367648300000562.jpg,n03676483
n0367648300000563.jpg,n03676483
n0367648300000564.jpg,n03676483
n0367648300000566.jpg,n03676483
n0367648300000567.jpg,n03676483
n0367648300000570.jpg,n03676483
n0367648300000574.jpg,n03676483
n0367648300000576.jpg,n03676483
n0367648300000578.jpg,n03676483
n0367648300000580.jpg,n03676483
n0367648300000582.jpg,n03676483
n0367648300000585.jpg,n03676483
n0367648300000588.jpg,n03676483
n0367648300000592.jpg,n03676483
n0367648300000600.jpg,n03676483
n0367648300000601.jpg,n03676483
n0367648300000608.jpg,n03676483
n0367648300000610.jpg,n03676483
n0367648300000611.jpg,n03676483
n0367648300000612.jpg,n03676483
n0367648300000614.jpg,n03676483
n0367648300000617.jpg,n03676483
n0367648300000620.jpg,n03676483
n0367648300000624.jpg,n03676483
n0367648300000625.jpg,n03676483
n0367648300000626.jpg,n03676483
n0367648300000630.jpg,n03676483
n0367648300000633.jpg,n03676483
n0367648300000634.jpg,n03676483
n0367648300000635.jpg,n03676483
n0367648300000638.jpg,n03676483
n0367648300000641.jpg,n03676483
n0367648300000642.jpg,n03676483
n0367648300000644.jpg,n03676483
n0367648300000647.jpg,n03676483
n0367648300000649.jpg,n03676483
n0367648300000650.jpg,n03676483
n0367648300000653.jpg,n03676483
n0367648300000655.jpg,n03676483
n0367648300000656.jpg,n03676483
n0367648300000657.jpg,n03676483
n0367648300000658.jpg,n03676483
n0367648300000660.jpg,n03676483
n0367648300000661.jpg,n03676483
n0367648300000662.jpg,n03676483
n0367648300000664.jpg,n03676483
n0367648300000665.jpg,n03676483
n0367648300000667.jpg,n03676483
n0367648300000668.jpg,n03676483
n0367648300000670.jpg,n03676483
n0367648300000671.jpg,n03676483
n0367648300000672.jpg,n03676483
n0367648300000674.jpg,n03676483
n0367648300000676.jpg,n03676483
n0367648300000677.jpg,n03676483
n0367648300000678.jpg,n03676483
n0367648300000680.jpg,n03676483
n0367648300000682.jpg,n03676483
n0367648300000687.jpg,n03676483
n0367648300000689.jpg,n03676483
n0367648300000691.jpg,n03676483
n0367648300000693.jpg,n03676483
n0367648300000694.jpg,n03676483
n0367648300000698.jpg,n03676483
n0367648300000699.jpg,n03676483
n0367648300000700.jpg,n03676483
n0367648300000701.jpg,n03676483
n0367648300000704.jpg,n03676483
n0367648300000706.jpg,n03676483
n0367648300000707.jpg,n03676483
n0367648300000710.jpg,n03676483
n0367648300000714.jpg,n03676483
n0367648300000715.jpg,n03676483
n0367648300000719.jpg,n03676483
n0367648300000721.jpg,n03676483
n0367648300000724.jpg,n03676483
n0367648300000728.jpg,n03676483
n0367648300000729.jpg,n03676483
n0367648300000735.jpg,n03676483
n0367648300000736.jpg,n03676483
n0367648300000737.jpg,n03676483
n0367648300000738.jpg,n03676483
n0367648300000741.jpg,n03676483
n0367648300000745.jpg,n03676483
n0367648300000746.jpg,n03676483
n0367648300000747.jpg,n03676483
n0367648300000748.jpg,n03676483
n0367648300000749.jpg,n03676483
n0367648300000751.jpg,n03676483
n0367648300000753.jpg,n03676483
n0367648300000756.jpg,n03676483
n0367648300000757.jpg,n03676483
n0367648300000759.jpg,n03676483
n0367648300000762.jpg,n03676483
n0367648300000764.jpg,n03676483
n0367648300000768.jpg,n03676483
n0367648300000769.jpg,n03676483
n0367648300000770.jpg,n03676483
n0367648300000771.jpg,n03676483
n0367648300000772.jpg,n03676483
n0367648300000773.jpg,n03676483
n0367648300000776.jpg,n03676483
n0367648300000777.jpg,n03676483
n0367648300000780.jpg,n03676483
n0367648300000783.jpg,n03676483
n0367648300000787.jpg,n03676483
n0367648300000788.jpg,n03676483
n0367648300000789.jpg,n03676483
n0367648300000790.jpg,n03676483
n0367648300000791.jpg,n03676483
n0367648300000792.jpg,n03676483
n0367648300000793.jpg,n03676483
n0367648300000799.jpg,n03676483
n0367648300000801.jpg,n03676483
n0367648300000802.jpg,n03676483
n0367648300000804.jpg,n03676483
n0367648300000811.jpg,n03676483
n0367648300000812.jpg,n03676483
n0367648300000813.jpg,n03676483
n0367648300000814.jpg,n03676483
n0367648300000815.jpg,n03676483
n0367648300000816.jpg,n03676483
n0367648300000822.jpg,n03676483
n0367648300000828.jpg,n03676483
n0367648300000832.jpg,n03676483
n0367648300000833.jpg,n03676483
n0367648300000837.jpg,n03676483
n0367648300000839.jpg,n03676483
n0367648300000840.jpg,n03676483
n0367648300000841.jpg,n03676483
n0367648300000843.jpg,n03676483
n0367648300000845.jpg,n03676483
n0367648300000846.jpg,n03676483
n0367648300000847.jpg,n03676483
n0367648300000851.jpg,n03676483
n0367648300000853.jpg,n03676483
n0367648300000854.jpg,n03676483
n0367648300000855.jpg,n03676483
n0367648300000856.jpg,n03676483
n0367648300000858.jpg,n03676483
n0367648300000864.jpg,n03676483
n0367648300000868.jpg,n03676483
n0367648300000873.jpg,n03676483
n0367648300000878.jpg,n03676483
n0367648300000883.jpg,n03676483
n0367648300000884.jpg,n03676483
n0367648300000886.jpg,n03676483
n0367648300000887.jpg,n03676483
n0367648300000888.jpg,n03676483
n0367648300000891.jpg,n03676483
n0367648300000892.jpg,n03676483
n0367648300000893.jpg,n03676483
n0367648300000894.jpg,n03676483
n0367648300000897.jpg,n03676483
n0367648300000898.jpg,n03676483
n0367648300000899.jpg,n03676483
n0367648300000900.jpg,n03676483
n0367648300000903.jpg,n03676483
n0367648300000906.jpg,n03676483
n0367648300000912.jpg,n03676483
n0367648300000914.jpg,n03676483
n0367648300000915.jpg,n03676483
n0367648300000916.jpg,n03676483
n0367648300000917.jpg,n03676483
n0367648300000918.jpg,n03676483
n0367648300000919.jpg,n03676483
n0367648300000921.jpg,n03676483
n0367648300000922.jpg,n03676483
n0367648300000923.jpg,n03676483
n0367648300000924.jpg,n03676483
n0367648300000928.jpg,n03676483
n0367648300000932.jpg,n03676483
n0367648300000933.jpg,n03676483
n0367648300000934.jpg,n03676483
n0367648300000935.jpg,n03676483
n0367648300000936.jpg,n03676483
n0367648300000937.jpg,n03676483
n0367648300000941.jpg,n03676483
n0367648300000942.jpg,n03676483
n0367648300000943.jpg,n03676483
n0367648300000945.jpg,n03676483
n0367648300000946.jpg,n03676483
n0367648300000947.jpg,n03676483
n0367648300000950.jpg,n03676483
n0367648300000951.jpg,n03676483
n0367648300000956.jpg,n03676483
n0367648300000963.jpg,n03676483
n0367648300000968.jpg,n03676483
n0367648300000970.jpg,n03676483
n0367648300000971.jpg,n03676483
n0367648300000972.jpg,n03676483
n0367648300000973.jpg,n03676483
n0367648300000976.jpg,n03676483
n0367648300000977.jpg,n03676483
n0367648300000978.jpg,n03676483
n0367648300000980.jpg,n03676483
n0367648300000981.jpg,n03676483
n0367648300000983.jpg,n03676483
n0367648300000986.jpg,n03676483
n0367648300000987.jpg,n03676483
n0367648300000993.jpg,n03676483
n0367648300000995.jpg,n03676483
n0367648300000996.jpg,n03676483
n0367648300000998.jpg,n03676483
n0367648300000999.jpg,n03676483
n0367648300001000.jpg,n03676483
n0367648300001001.jpg,n03676483
n0367648300001004.jpg,n03676483
n0367648300001007.jpg,n03676483
n0367648300001014.jpg,n03676483
n0367648300001015.jpg,n03676483
n0367648300001016.jpg,n03676483
n0367648300001017.jpg,n03676483
n0367648300001018.jpg,n03676483
n0367648300001019.jpg,n03676483
n0367648300001021.jpg,n03676483
n0367648300001025.jpg,n03676483
n0367648300001026.jpg,n03676483
n0367648300001029.jpg,n03676483
n0367648300001031.jpg,n03676483
n0367648300001032.jpg,n03676483
n0367648300001033.jpg,n03676483
n0367648300001036.jpg,n03676483
n0367648300001038.jpg,n03676483
n0367648300001041.jpg,n03676483
n0367648300001043.jpg,n03676483
n0367648300001045.jpg,n03676483
n0367648300001051.jpg,n03676483
n0367648300001053.jpg,n03676483
n0367648300001054.jpg,n03676483
n0367648300001056.jpg,n03676483
n0367648300001057.jpg,n03676483
n0367648300001059.jpg,n03676483
n0367648300001066.jpg,n03676483
n0367648300001067.jpg,n03676483
n0367648300001068.jpg,n03676483
n0367648300001071.jpg,n03676483
n0367648300001072.jpg,n03676483
n0367648300001074.jpg,n03676483
n0367648300001075.jpg,n03676483
n0367648300001077.jpg,n03676483
n0367648300001081.jpg,n03676483
n0367648300001086.jpg,n03676483
n0367648300001087.jpg,n03676483
n0367648300001091.jpg,n03676483
n0367648300001092.jpg,n03676483
n0367648300001093.jpg,n03676483
n0367648300001095.jpg,n03676483
n0367648300001097.jpg,n03676483
n0367648300001101.jpg,n03676483
n0367648300001102.jpg,n03676483
n0367648300001104.jpg,n03676483
n0367648300001105.jpg,n03676483
n0367648300001106.jpg,n03676483
n0367648300001108.jpg,n03676483
n0367648300001109.jpg,n03676483
n0367648300001111.jpg,n03676483
n0367648300001112.jpg,n03676483
n0367648300001113.jpg,n03676483
n0367648300001115.jpg,n03676483
n0367648300001116.jpg,n03676483
n0367648300001117.jpg,n03676483
n0367648300001123.jpg,n03676483
n0367648300001124.jpg,n03676483
n0367648300001125.jpg,n03676483
n0367648300001128.jpg,n03676483
n0367648300001129.jpg,n03676483
n0367648300001131.jpg,n03676483
n0367648300001134.jpg,n03676483
n0367648300001137.jpg,n03676483
n0367648300001148.jpg,n03676483
n0367648300001154.jpg,n03676483
n0367648300001155.jpg,n03676483
n0367648300001157.jpg,n03676483
n0367648300001158.jpg,n03676483
n0367648300001159.jpg,n03676483
n0367648300001160.jpg,n03676483
n0367648300001161.jpg,n03676483
n0367648300001168.jpg,n03676483
n0367648300001169.jpg,n03676483
n0367648300001170.jpg,n03676483
n0367648300001174.jpg,n03676483
n0367648300001184.jpg,n03676483
n0367648300001187.jpg,n03676483
n0367648300001190.jpg,n03676483
n0367648300001191.jpg,n03676483
n0367648300001194.jpg,n03676483
n0367648300001196.jpg,n03676483
n0367648300001198.jpg,n03676483
n0367648300001200.jpg,n03676483
n0367648300001201.jpg,n03676483
n0367648300001203.jpg,n03676483
n0367648300001204.jpg,n03676483
n0367648300001206.jpg,n03676483
n0367648300001208.jpg,n03676483
n0367648300001212.jpg,n03676483
n0367648300001213.jpg,n03676483
n0367648300001214.jpg,n03676483
n0367648300001216.jpg,n03676483
n0367648300001218.jpg,n03676483
n0367648300001219.jpg,n03676483
n0367648300001222.jpg,n03676483
n0367648300001223.jpg,n03676483
n0367648300001224.jpg,n03676483
n0367648300001226.jpg,n03676483
n0367648300001229.jpg,n03676483
n0367648300001230.jpg,n03676483
n0367648300001232.jpg,n03676483
n0367648300001235.jpg,n03676483
n0367648300001236.jpg,n03676483
n0367648300001237.jpg,n03676483
n0367648300001242.jpg,n03676483
n0367648300001248.jpg,n03676483
n0367648300001254.jpg,n03676483
n0367648300001256.jpg,n03676483
n0367648300001258.jpg,n03676483
n0367648300001261.jpg,n03676483
n0367648300001264.jpg,n03676483
n0367648300001265.jpg,n03676483
n0367648300001266.jpg,n03676483
n0367648300001268.jpg,n03676483
n0367648300001270.jpg,n03676483
n0367648300001273.jpg,n03676483
n0367648300001275.jpg,n03676483
n0367648300001276.jpg,n03676483
n0367648300001277.jpg,n03676483
n0367648300001279.jpg,n03676483
n0367648300001285.jpg,n03676483
n0367648300001292.jpg,n03676483
n0367648300001293.jpg,n03676483
n0367648300001295.jpg,n03676483
n0367648300001296.jpg,n03676483
n0367648300001299.jpg,n03676483
n0367648300001300.jpg,n03676483
n0406747200000005.jpg,n04067472
n0406747200000006.jpg,n04067472
n0406747200000007.jpg,n04067472
n0406747200000010.jpg,n04067472
n0406747200000011.jpg,n04067472
n0406747200000013.jpg,n04067472
n0406747200000014.jpg,n04067472
n0406747200000016.jpg,n04067472
n0406747200000018.jpg,n04067472
n0406747200000022.jpg,n04067472
n0406747200000023.jpg,n04067472
n0406747200000024.jpg,n04067472
n0406747200000025.jpg,n04067472
n0406747200000027.jpg,n04067472
n0406747200000028.jpg,n04067472
n0406747200000029.jpg,n04067472
n0406747200000032.jpg,n04067472
n0406747200000033.jpg,n04067472
n0406747200000037.jpg,n04067472
n0406747200000038.jpg,n04067472
n0406747200000040.jpg,n04067472
n0406747200000041.jpg,n04067472
n0406747200000042.jpg,n04067472
n0406747200000043.jpg,n04067472
n0406747200000049.jpg,n04067472
n0406747200000050.jpg,n04067472
n0406747200000051.jpg,n04067472
n0406747200000053.jpg,n04067472
n0406747200000054.jpg,n04067472
n0406747200000058.jpg,n04067472
n0406747200000060.jpg,n04067472
n0406747200000065.jpg,n04067472
n0406747200000066.jpg,n04067472
n0406747200000068.jpg,n04067472
n0406747200000073.jpg,n04067472
n0406747200000075.jpg,n04067472
n0406747200000082.jpg,n04067472
n0406747200000084.jpg,n04067472
n0406747200000085.jpg,n04067472
n0406747200000090.jpg,n04067472
n0406747200000096.jpg,n04067472
n0406747200000097.jpg,n04067472
n0406747200000098.jpg,n04067472
n0406747200000100.jpg,n04067472
n0406747200000106.jpg,n04067472
n0406747200000107.jpg,n04067472
n0406747200000110.jpg,n04067472
n0406747200000113.jpg,n04067472
n0406747200000114.jpg,n04067472
n0406747200000117.jpg,n04067472
n0406747200000118.jpg,n04067472
n0406747200000119.jpg,n04067472
n0406747200000120.jpg,n04067472
n0406747200000122.jpg,n04067472
n0406747200000124.jpg,n04067472
n0406747200000125.jpg,n04067472
n0406747200000127.jpg,n04067472
n0406747200000130.jpg,n04067472
n0406747200000131.jpg,n04067472
n0406747200000132.jpg,n04067472
n0406747200000133.jpg,n04067472
n0406747200000135.jpg,n04067472
n0406747200000137.jpg,n04067472
n0406747200000140.jpg,n04067472
n0406747200000142.jpg,n04067472
n0406747200000143.jpg,n04067472
n0406747200000147.jpg,n04067472
n0406747200000151.jpg,n04067472
n0406747200000157.jpg,n04067472
n0406747200000161.jpg,n04067472
n0406747200000163.jpg,n04067472
n0406747200000164.jpg,n04067472
n0406747200000165.jpg,n04067472
n0406747200000166.jpg,n04067472
n0406747200000169.jpg,n04067472
n0406747200000170.jpg,n04067472
n0406747200000171.jpg,n04067472
n0406747200000172.jpg,n04067472
n0406747200000173.jpg,n04067472
n0406747200000175.jpg,n04067472
n0406747200000177.jpg,n04067472
n0406747200000178.jpg,n04067472
n0406747200000179.jpg,n04067472
n0406747200000185.jpg,n04067472
n0406747200000189.jpg,n04067472
n0406747200000192.jpg,n04067472
n0406747200000193.jpg,n04067472
n0406747200000194.jpg,n04067472
n0406747200000195.jpg,n04067472
n0406747200000196.jpg,n04067472
n0406747200000197.jpg,n04067472
n0406747200000200.jpg,n04067472
n0406747200000203.jpg,n04067472
n0406747200000205.jpg,n04067472
n0406747200000207.jpg,n04067472
n0406747200000208.jpg,n04067472
n0406747200000210.jpg,n04067472
n0406747200000217.jpg,n04067472
n0406747200000218.jpg,n04067472
n0406747200000219.jpg,n04067472
n0406747200000222.jpg,n04067472
n0406747200000228.jpg,n04067472
n0406747200000229.jpg,n04067472
n0406747200000231.jpg,n04067472
n0406747200000232.jpg,n04067472
n0406747200000234.jpg,n04067472
n0406747200000235.jpg,n04067472
n0406747200000236.jpg,n04067472
n0406747200000237.jpg,n04067472
n0406747200000240.jpg,n04067472
n0406747200000243.jpg,n04067472
n0406747200000244.jpg,n04067472
n0406747200000245.jpg,n04067472
n0406747200000246.jpg,n04067472
n0406747200000258.jpg,n04067472
n0406747200000259.jpg,n04067472
n0406747200000260.jpg,n04067472
n0406747200000265.jpg,n04067472
n0406747200000266.jpg,n04067472
n0406747200000267.jpg,n04067472
n0406747200000268.jpg,n04067472
n0406747200000271.jpg,n04067472
n0406747200000274.jpg,n04067472
n0406747200000276.jpg,n04067472
n0406747200000277.jpg,n04067472
n0406747200000278.jpg,n04067472
n0406747200000279.jpg,n04067472
n0406747200000281.jpg,n04067472
n0406747200000283.jpg,n04067472
n0406747200000286.jpg,n04067472
n0406747200000287.jpg,n04067472
n0406747200000288.jpg,n04067472
n0406747200000291.jpg,n04067472
n0406747200000294.jpg,n04067472
n0406747200000296.jpg,n04067472
n0406747200000297.jpg,n04067472
n0406747200000298.jpg,n04067472
n0406747200000300.jpg,n04067472
n0406747200000301.jpg,n04067472
n0406747200000304.jpg,n04067472
n0406747200000306.jpg,n04067472
n0406747200000307.jpg,n04067472
n0406747200000308.jpg,n04067472
n0406747200000310.jpg,n04067472
n0406747200000313.jpg,n04067472
n0406747200000314.jpg,n04067472
n0406747200000315.jpg,n04067472
n0406747200000317.jpg,n04067472
n0406747200000321.jpg,n04067472
n0406747200000325.jpg,n04067472
n0406747200000326.jpg,n04067472
n0406747200000330.jpg,n04067472
n0406747200000331.jpg,n04067472
n0406747200000335.jpg,n04067472
n0406747200000336.jpg,n04067472
n0406747200000339.jpg,n04067472
n0406747200000341.jpg,n04067472
n0406747200000343.jpg,n04067472
n0406747200000345.jpg,n04067472
n0406747200000348.jpg,n04067472
n0406747200000349.jpg,n04067472
n0406747200000350.jpg,n04067472
n0406747200000356.jpg,n04067472
n0406747200000357.jpg,n04067472
n0406747200000358.jpg,n04067472
n0406747200000359.jpg,n04067472
n0406747200000362.jpg,n04067472
n0406747200000364.jpg,n04067472
n0406747200000367.jpg,n04067472
n0406747200000368.jpg,n04067472
n0406747200000371.jpg,n04067472
n0406747200000374.jpg,n04067472
n0406747200000376.jpg,n04067472
n0406747200000377.jpg,n04067472
n0406747200000378.jpg,n04067472
n0406747200000381.jpg,n04067472
n0406747200000382.jpg,n04067472
n0406747200000383.jpg,n04067472
n0406747200000384.jpg,n04067472
n0406747200000387.jpg,n04067472
n0406747200000389.jpg,n04067472
n0406747200000390.jpg,n04067472
n0406747200000392.jpg,n04067472
n0406747200000395.jpg,n04067472
n0406747200000401.jpg,n04067472
n0406747200000404.jpg,n04067472
n0406747200000405.jpg,n04067472
n0406747200000407.jpg,n04067472
n0406747200000408.jpg,n04067472
n0406747200000409.jpg,n04067472
n0406747200000412.jpg,n04067472
n0406747200000415.jpg,n04067472
n0406747200000418.jpg,n04067472
n0406747200000419.jpg,n04067472
n0406747200000420.jpg,n04067472
n0406747200000424.jpg,n04067472
n0406747200000427.jpg,n04067472
n0406747200000430.jpg,n04067472
n0406747200000434.jpg,n04067472
n0406747200000435.jpg,n04067472
n0406747200000436.jpg,n04067472
n0406747200000437.jpg,n04067472
n0406747200000438.jpg,n04067472
n0406747200000440.jpg,n04067472
n0406747200000442.jpg,n04067472
n0406747200000444.jpg,n04067472
n0406747200000446.jpg,n04067472
n0406747200000447.jpg,n04067472
n0406747200000450.jpg,n04067472
n0406747200000452.jpg,n04067472
n0406747200000454.jpg,n04067472
n0406747200000455.jpg,n04067472
n0406747200000458.jpg,n04067472
n0406747200000465.jpg,n04067472
n0406747200000469.jpg,n04067472
n0406747200000471.jpg,n04067472
n0406747200000472.jpg,n04067472
n0406747200000474.jpg,n04067472
n0406747200000475.jpg,n04067472
n0406747200000479.jpg,n04067472
n0406747200000480.jpg,n04067472
n0406747200000481.jpg,n04067472
n0406747200000483.jpg,n04067472
n0406747200000488.jpg,n04067472
n0406747200000489.jpg,n04067472
n0406747200000495.jpg,n04067472
n0406747200000496.jpg,n04067472
n0406747200000497.jpg,n04067472
n0406747200000498.jpg,n04067472
n0406747200000503.jpg,n04067472
n0406747200000505.jpg,n04067472
n0406747200000507.jpg,n04067472
n0406747200000509.jpg,n04067472
n0406747200000511.jpg,n04067472
n0406747200000514.jpg,n04067472
n0406747200000515.jpg,n04067472
n0406747200000519.jpg,n04067472
n0406747200000520.jpg,n04067472
n0406747200000523.jpg,n04067472
n0406747200000524.jpg,n04067472
n0406747200000526.jpg,n04067472
n0406747200000528.jpg,n04067472
n0406747200000533.jpg,n04067472
n0406747200000534.jpg,n04067472
n0406747200000535.jpg,n04067472
n0406747200000536.jpg,n04067472
n0406747200000541.jpg,n04067472
n0406747200000542.jpg,n04067472
n0406747200000543.jpg,n04067472
n0406747200000544.jpg,n04067472
n0406747200000545.jpg,n04067472
n0406747200000546.jpg,n04067472
n0406747200000547.jpg,n04067472
n0406747200000548.jpg,n04067472
n0406747200000550.jpg,n04067472
n0406747200000555.jpg,n04067472
n0406747200000558.jpg,n04067472
n0406747200000559.jpg,n04067472
n0406747200000561.jpg,n04067472
n0406747200000562.jpg,n04067472
n0406747200000563.jpg,n04067472
n0406747200000570.jpg,n04067472
n0406747200000574.jpg,n04067472
n0406747200000576.jpg,n04067472
n0406747200000579.jpg,n04067472
n0406747200000582.jpg,n04067472
n0406747200000583.jpg,n04067472
n0406747200000585.jpg,n04067472
n0406747200000588.jpg,n04067472
n0406747200000591.jpg,n04067472
n0406747200000593.jpg,n04067472
n0406747200000595.jpg,n04067472
n0406747200000596.jpg,n04067472
n0406747200000603.jpg,n04067472
n0406747200000605.jpg,n04067472
n0406747200000606.jpg,n04067472
n0406747200000609.jpg,n04067472
n0406747200000610.jpg,n04067472
n0406747200000612.jpg,n04067472
n0406747200000614.jpg,n04067472
n0406747200000615.jpg,n04067472
n0406747200000616.jpg,n04067472
n0406747200000618.jpg,n04067472
n0406747200000621.jpg,n04067472
n0406747200000624.jpg,n04067472
n0406747200000625.jpg,n04067472
n0406747200000629.jpg,n04067472
n0406747200000630.jpg,n04067472
n0406747200000634.jpg,n04067472
n0406747200000635.jpg,n04067472
n0406747200000638.jpg,n04067472
n0406747200000643.jpg,n04067472
n0406747200000645.jpg,n04067472
n0406747200000647.jpg,n04067472
n0406747200000650.jpg,n04067472
n0406747200000654.jpg,n04067472
n0406747200000655.jpg,n04067472
n0406747200000657.jpg,n04067472
n0406747200000658.jpg,n04067472
n0406747200000659.jpg,n04067472
n0406747200000660.jpg,n04067472
n0406747200000664.jpg,n04067472
n0406747200000665.jpg,n04067472
n0406747200000667.jpg,n04067472
n0406747200000671.jpg,n04067472
n0406747200000672.jpg,n04067472
n0406747200000674.jpg,n04067472
n0406747200000675.jpg,n04067472
n0406747200000678.jpg,n04067472
n0406747200000679.jpg,n04067472
n0406747200000680.jpg,n04067472
n0406747200000682.jpg,n04067472
n0406747200000683.jpg,n04067472
n0406747200000686.jpg,n04067472
n0406747200000688.jpg,n04067472
n0406747200000690.jpg,n04067472
n0406747200000691.jpg,n04067472
n0406747200000692.jpg,n04067472
n0406747200000693.jpg,n04067472
n0406747200000694.jpg,n04067472
n0406747200000696.jpg,n04067472
n0406747200000697.jpg,n04067472
n0406747200000698.jpg,n04067472
n0406747200000699.jpg,n04067472
n0406747200000700.jpg,n04067472
n0406747200000702.jpg,n04067472
n0406747200000703.jpg,n04067472
n0406747200000705.jpg,n04067472
n0406747200000706.jpg,n04067472
n0406747200000708.jpg,n04067472
n0406747200000709.jpg,n04067472
n0406747200000711.jpg,n04067472
n0406747200000712.jpg,n04067472
n0406747200000713.jpg,n04067472
n0406747200000716.jpg,n04067472
n0406747200000718.jpg,n04067472
n0406747200000719.jpg,n04067472
n0406747200000721.jpg,n04067472
n0406747200000722.jpg,n04067472
n0406747200000732.jpg,n04067472
n0406747200000733.jpg,n04067472
n0406747200000734.jpg,n04067472
n0406747200000735.jpg,n04067472
n0406747200000736.jpg,n04067472
n0406747200000739.jpg,n04067472
n0406747200000742.jpg,n04067472
n0406747200000744.jpg,n04067472
n0406747200000746.jpg,n04067472
n0406747200000747.jpg,n04067472
n0406747200000748.jpg,n04067472
n0406747200000749.jpg,n04067472
n0406747200000751.jpg,n04067472
n0406747200000753.jpg,n04067472
n0406747200000756.jpg,n04067472
n0406747200000757.jpg,n04067472
n0406747200000759.jpg,n04067472
n0406747200000762.jpg,n04067472
n0406747200000769.jpg,n04067472
n0406747200000771.jpg,n04067472
n0406747200000772.jpg,n04067472
n0406747200000773.jpg,n04067472
n0406747200000777.jpg,n04067472
n0406747200000779.jpg,n04067472
n0406747200000780.jpg,n04067472
n0406747200000783.jpg,n04067472
n0406747200000786.jpg,n04067472
n0406747200000789.jpg,n04067472
n0406747200000793.jpg,n04067472
n0406747200000797.jpg,n04067472
n0406747200000798.jpg,n04067472
n0406747200000799.jpg,n04067472
n0406747200000802.jpg,n04067472
n0406747200000806.jpg,n04067472
n0406747200000812.jpg,n04067472
n0406747200000813.jpg,n04067472
n0406747200000815.jpg,n04067472
n0406747200000818.jpg,n04067472
n0406747200000820.jpg,n04067472
n0406747200000827.jpg,n04067472
n0406747200000829.jpg,n04067472
n0406747200000830.jpg,n04067472
n0406747200000833.jpg,n04067472
n0406747200000834.jpg,n04067472
n0406747200000835.jpg,n04067472
n0406747200000836.jpg,n04067472
n0406747200000840.jpg,n04067472
n0406747200000848.jpg,n04067472
n0406747200000849.jpg,n04067472
n0406747200000850.jpg,n04067472
n0406747200000851.jpg,n04067472
n0406747200000853.jpg,n04067472
n0406747200000855.jpg,n04067472
n0406747200000857.jpg,n04067472
n0406747200000858.jpg,n04067472
n0406747200000863.jpg,n04067472
n0406747200000867.jpg,n04067472
n0406747200000871.jpg,n04067472
n0406747200000876.jpg,n04067472
n0406747200000877.jpg,n04067472
n0406747200000879.jpg,n04067472
n0406747200000880.jpg,n04067472
n0406747200000882.jpg,n04067472
n0406747200000886.jpg,n04067472
n0406747200000887.jpg,n04067472
n0406747200000890.jpg,n04067472
n0406747200000893.jpg,n04067472
n0406747200000894.jpg,n04067472
n0406747200000895.jpg,n04067472
n0406747200000897.jpg,n04067472
n0406747200000899.jpg,n04067472
n0406747200000904.jpg,n04067472
n0406747200000905.jpg,n04067472
n0406747200000906.jpg,n04067472
n0406747200000908.jpg,n04067472
n0406747200000912.jpg,n04067472
n0406747200000923.jpg,n04067472
n0406747200000924.jpg,n04067472
n0406747200000927.jpg,n04067472
n0406747200000928.jpg,n04067472
n0406747200000929.jpg,n04067472
n0406747200000930.jpg,n04067472
n0406747200000931.jpg,n04067472
n0406747200000932.jpg,n04067472
n0406747200000934.jpg,n04067472
n0406747200000937.jpg,n04067472
n0406747200000939.jpg,n04067472
n0406747200000940.jpg,n04067472
n0406747200000941.jpg,n04067472
n0406747200000942.jpg,n04067472
n0406747200000946.jpg,n04067472
n0406747200000948.jpg,n04067472
n0406747200000950.jpg,n04067472
n0406747200000956.jpg,n04067472
n0406747200000957.jpg,n04067472
n0406747200000958.jpg,n04067472
n0406747200000962.jpg,n04067472
n0406747200000967.jpg,n04067472
n0406747200000968.jpg,n04067472
n0406747200000973.jpg,n04067472
n0406747200000976.jpg,n04067472
n0406747200000980.jpg,n04067472
n0406747200000981.jpg,n04067472
n0406747200000982.jpg,n04067472
n0406747200000985.jpg,n04067472
n0406747200000986.jpg,n04067472
n0406747200000987.jpg,n04067472
n0406747200000989.jpg,n04067472
n0406747200000991.jpg,n04067472
n0406747200000992.jpg,n04067472
n0406747200000997.jpg,n04067472
n0406747200000998.jpg,n04067472
n0406747200001000.jpg,n04067472
n0406747200001003.jpg,n04067472
n0406747200001006.jpg,n04067472
n0406747200001007.jpg,n04067472
n0406747200001008.jpg,n04067472
n0406747200001009.jpg,n04067472
n0406747200001010.jpg,n04067472
n0406747200001017.jpg,n04067472
n0406747200001018.jpg,n04067472
n0406747200001019.jpg,n04067472
n0406747200001020.jpg,n04067472
n0406747200001021.jpg,n04067472
n0406747200001025.jpg,n04067472
n0406747200001028.jpg,n04067472
n0406747200001030.jpg,n04067472
n0406747200001031.jpg,n04067472
n0406747200001034.jpg,n04067472
n0406747200001035.jpg,n04067472
n0406747200001039.jpg,n04067472
n0406747200001041.jpg,n04067472
n0406747200001044.jpg,n04067472
n0406747200001045.jpg,n04067472
n0406747200001047.jpg,n04067472
n0406747200001048.jpg,n04067472
n0406747200001050.jpg,n04067472
n0406747200001051.jpg,n04067472
n0406747200001055.jpg,n04067472
n0406747200001056.jpg,n04067472
n0406747200001057.jpg,n04067472
n0406747200001060.jpg,n04067472
n0406747200001063.jpg,n04067472
n0406747200001065.jpg,n04067472
n0406747200001067.jpg,n04067472
n0406747200001069.jpg,n04067472
n0406747200001070.jpg,n04067472
n0406747200001071.jpg,n04067472
n0406747200001076.jpg,n04067472
n0406747200001080.jpg,n04067472
n0406747200001085.jpg,n04067472
n0406747200001087.jpg,n04067472
n0406747200001089.jpg,n04067472
n0406747200001092.jpg,n04067472
n0406747200001093.jpg,n04067472
n0406747200001094.jpg,n04067472
n0406747200001095.jpg,n04067472
n0406747200001099.jpg,n04067472
n0406747200001101.jpg,n04067472
n0406747200001103.jpg,n04067472
n0406747200001104.jpg,n04067472
n0406747200001105.jpg,n04067472
n0406747200001107.jpg,n04067472
n0406747200001109.jpg,n04067472
n0406747200001110.jpg,n04067472
n0406747200001111.jpg,n04067472
n0406747200001116.jpg,n04067472
n0406747200001117.jpg,n04067472
n0406747200001119.jpg,n04067472
n0406747200001120.jpg,n04067472
n0406747200001121.jpg,n04067472
n0406747200001123.jpg,n04067472
n0406747200001124.jpg,n04067472
n0406747200001125.jpg,n04067472
n0406747200001132.jpg,n04067472
n0406747200001133.jpg,n04067472
n0406747200001135.jpg,n04067472
n0406747200001136.jpg,n04067472
n0406747200001137.jpg,n04067472
n0406747200001139.jpg,n04067472
n0406747200001144.jpg,n04067472
n0406747200001147.jpg,n04067472
n0406747200001148.jpg,n04067472
n0406747200001150.jpg,n04067472
n0406747200001151.jpg,n04067472
n0406747200001152.jpg,n04067472
n0406747200001154.jpg,n04067472
n0406747200001156.jpg,n04067472
n0406747200001159.jpg,n04067472
n0406747200001161.jpg,n04067472
n0406747200001162.jpg,n04067472
n0406747200001165.jpg,n04067472
n0406747200001169.jpg,n04067472
n0406747200001170.jpg,n04067472
n0406747200001172.jpg,n04067472
n0406747200001176.jpg,n04067472
n0406747200001177.jpg,n04067472
n0406747200001179.jpg,n04067472
n0406747200001180.jpg,n04067472
n0406747200001183.jpg,n04067472
n0406747200001184.jpg,n04067472
n0406747200001186.jpg,n04067472
n0406747200001187.jpg,n04067472
n0406747200001188.jpg,n04067472
n0406747200001189.jpg,n04067472
n0406747200001192.jpg,n04067472
n0406747200001193.jpg,n04067472
n0406747200001196.jpg,n04067472
n0406747200001200.jpg,n04067472
n0406747200001203.jpg,n04067472
n0406747200001205.jpg,n04067472
n0406747200001207.jpg,n04067472
n0406747200001210.jpg,n04067472
n0406747200001211.jpg,n04067472
n0406747200001213.jpg,n04067472
n0406747200001214.jpg,n04067472
n0406747200001216.jpg,n04067472
n0406747200001218.jpg,n04067472
n0406747200001224.jpg,n04067472
n0406747200001227.jpg,n04067472
n0406747200001228.jpg,n04067472
n0406747200001232.jpg,n04067472
n0406747200001233.jpg,n04067472
n0406747200001236.jpg,n04067472
n0406747200001239.jpg,n04067472
n0406747200001240.jpg,n04067472
n0406747200001242.jpg,n04067472
n0406747200001243.jpg,n04067472
n0406747200001244.jpg,n04067472
n0406747200001245.jpg,n04067472
n0406747200001246.jpg,n04067472
n0406747200001249.jpg,n04067472
n0406747200001251.jpg,n04067472
n0406747200001252.jpg,n04067472
n0406747200001254.jpg,n04067472
n0406747200001255.jpg,n04067472
n0406747200001257.jpg,n04067472
n0406747200001261.jpg,n04067472
n0406747200001262.jpg,n04067472
n0406747200001263.jpg,n04067472
n0406747200001264.jpg,n04067472
n0406747200001265.jpg,n04067472
n0406747200001270.jpg,n04067472
n0406747200001276.jpg,n04067472
n0406747200001277.jpg,n04067472
n0406747200001278.jpg,n04067472
n0406747200001279.jpg,n04067472
n0406747200001281.jpg,n04067472
n0406747200001283.jpg,n04067472
n0406747200001285.jpg,n04067472
n0406747200001286.jpg,n04067472
n0406747200001287.jpg,n04067472
n0406747200001288.jpg,n04067472
n0406747200001290.jpg,n04067472
n0406747200001291.jpg,n04067472
n0406747200001292.jpg,n04067472
n0406747200001294.jpg,n04067472
n0406747200001296.jpg,n04067472
n0406747200001298.jpg,n04067472
n0406747200001299.jpg,n04067472
n0406747200001300.jpg,n04067472
n0333714000000002.jpg,n03337140
n0333714000000006.jpg,n03337140
n0333714000000009.jpg,n03337140
n0333714000000012.jpg,n03337140
n0333714000000013.jpg,n03337140
n0333714000000017.jpg,n03337140
n0333714000000018.jpg,n03337140
n0333714000000019.jpg,n03337140
n0333714000000020.jpg,n03337140
n0333714000000022.jpg,n03337140
n0333714000000027.jpg,n03337140
n0333714000000030.jpg,n03337140
n0333714000000033.jpg,n03337140
n0333714000000034.jpg,n03337140
n0333714000000036.jpg,n03337140
n0333714000000038.jpg,n03337140
n0333714000000039.jpg,n03337140
n0333714000000040.jpg,n03337140
n0333714000000042.jpg,n03337140
n0333714000000044.jpg,n03337140
n0333714000000049.jpg,n03337140
n0333714000000052.jpg,n03337140
n0333714000000053.jpg,n03337140
n0333714000000054.jpg,n03337140
n0333714000000055.jpg,n03337140
n0333714000000058.jpg,n03337140
n0333714000000059.jpg,n03337140
n0333714000000063.jpg,n03337140
n0333714000000065.jpg,n03337140
n0333714000000066.jpg,n03337140
n0333714000000067.jpg,n03337140
n0333714000000068.jpg,n03337140
n0333714000000069.jpg,n03337140
n0333714000000070.jpg,n03337140
n0333714000000071.jpg,n03337140
n0333714000000074.jpg,n03337140
n0333714000000077.jpg,n03337140
n0333714000000078.jpg,n03337140
n0333714000000079.jpg,n03337140
n0333714000000082.jpg,n03337140
n0333714000000084.jpg,n03337140
n0333714000000087.jpg,n03337140
n0333714000000089.jpg,n03337140
n0333714000000090.jpg,n03337140
n0333714000000092.jpg,n03337140
n0333714000000094.jpg,n03337140
n0333714000000098.jpg,n03337140
n0333714000000099.jpg,n03337140
n0333714000000102.jpg,n03337140
n0333714000000103.jpg,n03337140
n0333714000000109.jpg,n03337140
n0333714000000110.jpg,n03337140
n0333714000000111.jpg,n03337140
n0333714000000115.jpg,n03337140
n0333714000000118.jpg,n03337140
n0333714000000119.jpg,n03337140
n0333714000000123.jpg,n03337140
n0333714000000124.jpg,n03337140
n0333714000000125.jpg,n03337140
n0333714000000128.jpg,n03337140
n0333714000000130.jpg,n03337140
n0333714000000135.jpg,n03337140
n0333714000000137.jpg,n03337140
n0333714000000138.jpg,n03337140
n0333714000000139.jpg,n03337140
n0333714000000140.jpg,n03337140
n0333714000000142.jpg,n03337140
n0333714000000145.jpg,n03337140
n0333714000000146.jpg,n03337140
n0333714000000149.jpg,n03337140
n0333714000000150.jpg,n03337140
n0333714000000154.jpg,n03337140
n0333714000000155.jpg,n03337140
n0333714000000156.jpg,n03337140
n0333714000000158.jpg,n03337140
n0333714000000159.jpg,n03337140
n0333714000000160.jpg,n03337140
n0333714000000161.jpg,n03337140
n0333714000000162.jpg,n03337140
n0333714000000163.jpg,n03337140
n0333714000000172.jpg,n03337140
n0333714000000173.jpg,n03337140
n0333714000000174.jpg,n03337140
n0333714000000176.jpg,n03337140
n0333714000000183.jpg,n03337140
n0333714000000185.jpg,n03337140
n0333714000000186.jpg,n03337140
n0333714000000187.jpg,n03337140
n0333714000000188.jpg,n03337140
n0333714000000191.jpg,n03337140
n0333714000000192.jpg,n03337140
n0333714000000193.jpg,n03337140
n0333714000000197.jpg,n03337140
n0333714000000199.jpg,n03337140
n0333714000000200.jpg,n03337140
n0333714000000202.jpg,n03337140
n0333714000000203.jpg,n03337140
n0333714000000205.jpg,n03337140
n0333714000000207.jpg,n03337140
n0333714000000208.jpg,n03337140
n0333714000000211.jpg,n03337140
n0333714000000212.jpg,n03337140
n0333714000000213.jpg,n03337140
n0333714000000215.jpg,n03337140
n0333714000000217.jpg,n03337140
n0333714000000218.jpg,n03337140
n0333714000000220.jpg,n03337140
n0333714000000221.jpg,n03337140
n0333714000000224.jpg,n03337140
n0333714000000226.jpg,n03337140
n0333714000000227.jpg,n03337140
n0333714000000229.jpg,n03337140
n0333714000000230.jpg,n03337140
n0333714000000234.jpg,n03337140
n0333714000000235.jpg,n03337140
n0333714000000238.jpg,n03337140
n0333714000000242.jpg,n03337140
n0333714000000243.jpg,n03337140
n0333714000000244.jpg,n03337140
n0333714000000251.jpg,n03337140
n0333714000000252.jpg,n03337140
n0333714000000254.jpg,n03337140
n0333714000000255.jpg,n03337140
n0333714000000260.jpg,n03337140
n0333714000000261.jpg,n03337140
n0333714000000262.jpg,n03337140
n0333714000000264.jpg,n03337140
n0333714000000265.jpg,n03337140
n0333714000000266.jpg,n03337140
n0333714000000267.jpg,n03337140
n0333714000000269.jpg,n03337140
n0333714000000270.jpg,n03337140
n0333714000000271.jpg,n03337140
n0333714000000272.jpg,n03337140
n0333714000000274.jpg,n03337140
n0333714000000275.jpg,n03337140
n0333714000000277.jpg,n03337140
n0333714000000281.jpg,n03337140
n0333714000000284.jpg,n03337140
n0333714000000285.jpg,n03337140
n0333714000000288.jpg,n03337140
n0333714000000296.jpg,n03337140
n0333714000000298.jpg,n03337140
n0333714000000303.jpg,n03337140
n0333714000000305.jpg,n03337140
n0333714000000306.jpg,n03337140
n0333714000000307.jpg,n03337140
n0333714000000310.jpg,n03337140
n0333714000000311.jpg,n03337140
n0333714000000312.jpg,n03337140
n0333714000000313.jpg,n03337140
n0333714000000314.jpg,n03337140
n0333714000000315.jpg,n03337140
n0333714000000316.jpg,n03337140
n0333714000000319.jpg,n03337140
n0333714000000321.jpg,n03337140
n0333714000000323.jpg,n03337140
n0333714000000330.jpg,n03337140
n0333714000000331.jpg,n03337140
n0333714000000334.jpg,n03337140
n0333714000000336.jpg,n03337140
n0333714000000337.jpg,n03337140
n0333714000000341.jpg,n03337140
n0333714000000342.jpg,n03337140
n0333714000000343.jpg,n03337140
n0333714000000347.jpg,n03337140
n0333714000000348.jpg,n03337140
n0333714000000351.jpg,n03337140
n0333714000000355.jpg,n03337140
n0333714000000356.jpg,n03337140
n0333714000000359.jpg,n03337140
n0333714000000360.jpg,n03337140
n0333714000000361.jpg,n03337140
n0333714000000363.jpg,n03337140
n0333714000000364.jpg,n03337140
n0333714000000366.jpg,n03337140
n0333714000000368.jpg,n03337140
n0333714000000369.jpg,n03337140
n0333714000000372.jpg,n03337140
n0333714000000374.jpg,n03337140
n0333714000000377.jpg,n03337140
n0333714000000378.jpg,n03337140
n0333714000000379.jpg,n03337140
n0333714000000381.jpg,n03337140
n0333714000000384.jpg,n03337140
n0333714000000385.jpg,n03337140
n0333714000000386.jpg,n03337140
n0333714000000387.jpg,n03337140
n0333714000000390.jpg,n03337140
n0333714000000391.jpg,n03337140
n0333714000000393.jpg,n03337140
n0333714000000394.jpg,n03337140
n0333714000000395.jpg,n03337140
n0333714000000397.jpg,n03337140
n0333714000000398.jpg,n03337140
n0333714000000404.jpg,n03337140
n0333714000000405.jpg,n03337140
n0333714000000408.jpg,n03337140
n0333714000000409.jpg,n03337140
n0333714000000413.jpg,n03337140
n0333714000000417.jpg,n03337140
n0333714000000418.jpg,n03337140
n0333714000000420.jpg,n03337140
n0333714000000422.jpg,n03337140
n0333714000000423.jpg,n03337140
n0333714000000427.jpg,n03337140
n0333714000000428.jpg,n03337140
n0333714000000431.jpg,n03337140
n0333714000000432.jpg,n03337140
n0333714000000433.jpg,n03337140
n0333714000000434.jpg,n03337140
n0333714000000444.jpg,n03337140
n0333714000000445.jpg,n03337140
n0333714000000446.jpg,n03337140
n0333714000000447.jpg,n03337140
n0333714000000448.jpg,n03337140
n0333714000000450.jpg,n03337140
n0333714000000459.jpg,n03337140
n0333714000000461.jpg,n03337140
n0333714000000463.jpg,n03337140
n0333714000000464.jpg,n03337140
n0333714000000467.jpg,n03337140
n0333714000000468.jpg,n03337140
n0333714000000470.jpg,n03337140
n0333714000000471.jpg,n03337140
n0333714000000472.jpg,n03337140
n0333714000000474.jpg,n03337140
n0333714000000475.jpg,n03337140
n0333714000000477.jpg,n03337140
n0333714000000479.jpg,n03337140
n0333714000000481.jpg,n03337140
n0333714000000483.jpg,n03337140
n0333714000000486.jpg,n03337140
n0333714000000488.jpg,n03337140
n0333714000000489.jpg,n03337140
n0333714000000490.jpg,n03337140
n0333714000000491.jpg,n03337140
n0333714000000493.jpg,n03337140
n0333714000000494.jpg,n03337140
n0333714000000496.jpg,n03337140
n0333714000000498.jpg,n03337140
n0333714000000499.jpg,n03337140
n0333714000000500.jpg,n03337140
n0333714000000501.jpg,n03337140
n0333714000000503.jpg,n03337140
n0333714000000504.jpg,n03337140
n0333714000000507.jpg,n03337140
n0333714000000509.jpg,n03337140
n0333714000000512.jpg,n03337140
n0333714000000517.jpg,n03337140
n0333714000000521.jpg,n03337140
n0333714000000523.jpg,n03337140
n0333714000000526.jpg,n03337140
n0333714000000527.jpg,n03337140
n0333714000000528.jpg,n03337140
n0333714000000533.jpg,n03337140
n0333714000000536.jpg,n03337140
n0333714000000537.jpg,n03337140
n0333714000000542.jpg,n03337140
n0333714000000543.jpg,n03337140
n0333714000000547.jpg,n03337140
n0333714000000551.jpg,n03337140
n0333714000000552.jpg,n03337140
n0333714000000554.jpg,n03337140
n0333714000000557.jpg,n03337140
n0333714000000559.jpg,n03337140
n0333714000000560.jpg,n03337140
n0333714000000561.jpg,n03337140
n0333714000000563.jpg,n03337140
n0333714000000565.jpg,n03337140
n0333714000000566.jpg,n03337140
n0333714000000567.jpg,n03337140
n0333714000000569.jpg,n03337140
n0333714000000572.jpg,n03337140
n0333714000000575.jpg,n03337140
n0333714000000576.jpg,n03337140
n0333714000000577.jpg,n03337140
n0333714000000579.jpg,n03337140
n0333714000000582.jpg,n03337140
n0333714000000585.jpg,n03337140
n0333714000000588.jpg,n03337140
n0333714000000590.jpg,n03337140
n0333714000000591.jpg,n03337140
n0333714000000594.jpg,n03337140
n0333714000000595.jpg,n03337140
n0333714000000599.jpg,n03337140
n0333714000000603.jpg,n03337140
n0333714000000604.jpg,n03337140
n0333714000000606.jpg,n03337140
n0333714000000607.jpg,n03337140
n0333714000000608.jpg,n03337140
n0333714000000615.jpg,n03337140
n0333714000000617.jpg,n03337140
n0333714000000621.jpg,n03337140
n0333714000000628.jpg,n03337140
n0333714000000631.jpg,n03337140
n0333714000000633.jpg,n03337140
n0333714000000636.jpg,n03337140
n0333714000000638.jpg,n03337140
n0333714000000639.jpg,n03337140
n0333714000000640.jpg,n03337140
n0333714000000641.jpg,n03337140
n0333714000000644.jpg,n03337140
n0333714000000646.jpg,n03337140
n0333714000000654.jpg,n03337140
n0333714000000656.jpg,n03337140
n0333714000000664.jpg,n03337140
n0333714000000665.jpg,n03337140
n0333714000000669.jpg,n03337140
n0333714000000670.jpg,n03337140
n0333714000000671.jpg,n03337140
n0333714000000674.jpg,n03337140
n0333714000000675.jpg,n03337140
n0333714000000676.jpg,n03337140
n0333714000000677.jpg,n03337140
n0333714000000678.jpg,n03337140
n0333714000000680.jpg,n03337140
n0333714000000681.jpg,n03337140
n0333714000000682.jpg,n03337140
n0333714000000683.jpg,n03337140
n0333714000000684.jpg,n03337140
n0333714000000685.jpg,n03337140
n0333714000000688.jpg,n03337140
n0333714000000692.jpg,n03337140
n0333714000000693.jpg,n03337140
n0333714000000694.jpg,n03337140
n0333714000000695.jpg,n03337140
n0333714000000696.jpg,n03337140
n0333714000000697.jpg,n03337140
n0333714000000700.jpg,n03337140
n0333714000000702.jpg,n03337140
n0333714000000704.jpg,n03337140
n0333714000000716.jpg,n03337140
n0333714000000720.jpg,n03337140
n0333714000000721.jpg,n03337140
n0333714000000722.jpg,n03337140
n0333714000000725.jpg,n03337140
n0333714000000729.jpg,n03337140
n0333714000000730.jpg,n03337140
n0333714000000732.jpg,n03337140
n0333714000000733.jpg,n03337140
n0333714000000734.jpg,n03337140
n0333714000000741.jpg,n03337140
n0333714000000743.jpg,n03337140
n0333714000000745.jpg,n03337140
n0333714000000748.jpg,n03337140
n0333714000000751.jpg,n03337140
n0333714000000752.jpg,n03337140
n0333714000000754.jpg,n03337140
n0333714000000755.jpg,n03337140
n0333714000000760.jpg,n03337140
n0333714000000761.jpg,n03337140
n0333714000000763.jpg,n03337140
n0333714000000764.jpg,n03337140
n0333714000000769.jpg,n03337140
n0333714000000771.jpg,n03337140
n0333714000000774.jpg,n03337140
n0333714000000775.jpg,n03337140
n0333714000000779.jpg,n03337140
n0333714000000781.jpg,n03337140
n0333714000000788.jpg,n03337140
n0333714000000789.jpg,n03337140
n0333714000000790.jpg,n03337140
n0333714000000795.jpg,n03337140
n0333714000000798.jpg,n03337140
n0333714000000801.jpg,n03337140
n0333714000000802.jpg,n03337140
n0333714000000805.jpg,n03337140
n0333714000000809.jpg,n03337140
n0333714000000812.jpg,n03337140
n0333714000000813.jpg,n03337140
n0333714000000814.jpg,n03337140
n0333714000000821.jpg,n03337140
n0333714000000823.jpg,n03337140
n0333714000000824.jpg,n03337140
n0333714000000825.jpg,n03337140
n0333714000000826.jpg,n03337140
n0333714000000831.jpg,n03337140
n0333714000000833.jpg,n03337140
n0333714000000834.jpg,n03337140
n0333714000000837.jpg,n03337140
n0333714000000838.jpg,n03337140
n0333714000000843.jpg,n03337140
n0333714000000844.jpg,n03337140
n0333714000000845.jpg,n03337140
n0333714000000846.jpg,n03337140
n0333714000000848.jpg,n03337140
n0333714000000849.jpg,n03337140
n0333714000000851.jpg,n03337140
n0333714000000853.jpg,n03337140
n0333714000000854.jpg,n03337140
n0333714000000855.jpg,n03337140
n0333714000000858.jpg,n03337140
n0333714000000859.jpg,n03337140
n0333714000000860.jpg,n03337140
n0333714000000861.jpg,n03337140
n0333714000000863.jpg,n03337140
n0333714000000864.jpg,n03337140
n0333714000000865.jpg,n03337140
n0333714000000866.jpg,n03337140
n0333714000000871.jpg,n03337140
n0333714000000872.jpg,n03337140
n0333714000000873.jpg,n03337140
n0333714000000878.jpg,n03337140
n0333714000000882.jpg,n03337140
n0333714000000884.jpg,n03337140
n0333714000000885.jpg,n03337140
n0333714000000888.jpg,n03337140
n0333714000000890.jpg,n03337140
n0333714000000891.jpg,n03337140
n0333714000000892.jpg,n03337140
n0333714000000893.jpg,n03337140
n0333714000000894.jpg,n03337140
n0333714000000895.jpg,n03337140
n0333714000000896.jpg,n03337140
n0333714000000901.jpg,n03337140
n0333714000000904.jpg,n03337140
n0333714000000906.jpg,n03337140
n0333714000000907.jpg,n03337140
n0333714000000908.jpg,n03337140
n0333714000000910.jpg,n03337140
n0333714000000911.jpg,n03337140
n0333714000000914.jpg,n03337140
n0333714000000917.jpg,n03337140
n0333714000000918.jpg,n03337140
n0333714000000921.jpg,n03337140
n0333714000000922.jpg,n03337140
n0333714000000923.jpg,n03337140
n0333714000000925.jpg,n03337140
n0333714000000927.jpg,n03337140
n0333714000000929.jpg,n03337140
n0333714000000930.jpg,n03337140
n0333714000000932.jpg,n03337140
n0333714000000933.jpg,n03337140
n0333714000000936.jpg,n03337140
n0333714000000940.jpg,n03337140
n0333714000000942.jpg,n03337140
n0333714000000943.jpg,n03337140
n0333714000000945.jpg,n03337140
n0333714000000949.jpg,n03337140
n0333714000000951.jpg,n03337140
n0333714000000952.jpg,n03337140
n0333714000000953.jpg,n03337140
n0333714000000957.jpg,n03337140
n0333714000000966.jpg,n03337140
n0333714000000967.jpg,n03337140
n0333714000000968.jpg,n03337140
n0333714000000970.jpg,n03337140
n0333714000000971.jpg,n03337140
n0333714000000972.jpg,n03337140
n0333714000000978.jpg,n03337140
n0333714000000979.jpg,n03337140
n0333714000000981.jpg,n03337140
n0333714000000982.jpg,n03337140
n0333714000000983.jpg,n03337140
n0333714000000985.jpg,n03337140
n0333714000000989.jpg,n03337140
n0333714000000991.jpg,n03337140
n0333714000000993.jpg,n03337140
n0333714000000997.jpg,n03337140
n0333714000000999.jpg,n03337140
n0333714000001000.jpg,n03337140
n0333714000001003.jpg,n03337140
n0333714000001004.jpg,n03337140
n0333714000001006.jpg,n03337140
n0333714000001007.jpg,n03337140
n0333714000001008.jpg,n03337140
n0333714000001011.jpg,n03337140
n0333714000001015.jpg,n03337140
n0333714000001017.jpg,n03337140
n0333714000001020.jpg,n03337140
n0333714000001022.jpg,n03337140
n0333714000001024.jpg,n03337140
n0333714000001028.jpg,n03337140
n0333714000001029.jpg,n03337140
n0333714000001030.jpg,n03337140
n0333714000001031.jpg,n03337140
n0333714000001035.jpg,n03337140
n0333714000001036.jpg,n03337140
n0333714000001037.jpg,n03337140
n0333714000001039.jpg,n03337140
n0333714000001040.jpg,n03337140
n0333714000001042.jpg,n03337140
n0333714000001043.jpg,n03337140
n0333714000001044.jpg,n03337140
n0333714000001046.jpg,n03337140
n0333714000001047.jpg,n03337140
n0333714000001048.jpg,n03337140
n0333714000001049.jpg,n03337140
n0333714000001051.jpg,n03337140
n0333714000001052.jpg,n03337140
n0333714000001053.jpg,n03337140
n0333714000001054.jpg,n03337140
n0333714000001057.jpg,n03337140
n0333714000001058.jpg,n03337140
n0333714000001059.jpg,n03337140
n0333714000001062.jpg,n03337140
n0333714000001063.jpg,n03337140
n0333714000001065.jpg,n03337140
n0333714000001066.jpg,n03337140
n0333714000001067.jpg,n03337140
n0333714000001068.jpg,n03337140
n0333714000001070.jpg,n03337140
n0333714000001071.jpg,n03337140
n0333714000001073.jpg,n03337140
n0333714000001074.jpg,n03337140
n0333714000001079.jpg,n03337140
n0333714000001084.jpg,n03337140
n0333714000001085.jpg,n03337140
n0333714000001088.jpg,n03337140
n0333714000001092.jpg,n03337140
n0333714000001096.jpg,n03337140
n0333714000001098.jpg,n03337140
n0333714000001099.jpg,n03337140
n0333714000001100.jpg,n03337140
n0333714000001101.jpg,n03337140
n0333714000001103.jpg,n03337140
n0333714000001104.jpg,n03337140
n0333714000001108.jpg,n03337140
n0333714000001110.jpg,n03337140
n0333714000001111.jpg,n03337140
n0333714000001114.jpg,n03337140
n0333714000001115.jpg,n03337140
n0333714000001116.jpg,n03337140
n0333714000001126.jpg,n03337140
n0333714000001129.jpg,n03337140
n0333714000001130.jpg,n03337140
n0333714000001132.jpg,n03337140
n0333714000001133.jpg,n03337140
n0333714000001138.jpg,n03337140
n0333714000001139.jpg,n03337140
n0333714000001140.jpg,n03337140
n0333714000001141.jpg,n03337140
n0333714000001142.jpg,n03337140
n0333714000001143.jpg,n03337140
n0333714000001149.jpg,n03337140
n0333714000001150.jpg,n03337140
n0333714000001152.jpg,n03337140
n0333714000001153.jpg,n03337140
n0333714000001155.jpg,n03337140
n0333714000001157.jpg,n03337140
n0333714000001158.jpg,n03337140
n0333714000001159.jpg,n03337140
n0333714000001160.jpg,n03337140
n0333714000001162.jpg,n03337140
n0333714000001165.jpg,n03337140
n0333714000001168.jpg,n03337140
n0333714000001170.jpg,n03337140
n0333714000001171.jpg,n03337140
n0333714000001173.jpg,n03337140
n0333714000001174.jpg,n03337140
n0333714000001175.jpg,n03337140
n0333714000001177.jpg,n03337140
n0333714000001178.jpg,n03337140
n0333714000001182.jpg,n03337140
n0333714000001185.jpg,n03337140
n0333714000001186.jpg,n03337140
n0333714000001187.jpg,n03337140
n0333714000001188.jpg,n03337140
n0333714000001190.jpg,n03337140
n0333714000001197.jpg,n03337140
n0333714000001198.jpg,n03337140
n0333714000001199.jpg,n03337140
n0333714000001201.jpg,n03337140
n0333714000001204.jpg,n03337140
n0333714000001208.jpg,n03337140
n0333714000001209.jpg,n03337140
n0333714000001210.jpg,n03337140
n0333714000001212.jpg,n03337140
n0333714000001213.jpg,n03337140
n0333714000001216.jpg,n03337140
n0333714000001218.jpg,n03337140
n0333714000001223.jpg,n03337140
n0333714000001228.jpg,n03337140
n0333714000001231.jpg,n03337140
n0333714000001243.jpg,n03337140
n0333714000001246.jpg,n03337140
n0333714000001247.jpg,n03337140
n0333714000001249.jpg,n03337140
n0333714000001251.jpg,n03337140
n0333714000001252.jpg,n03337140
n0333714000001253.jpg,n03337140
n0333714000001255.jpg,n03337140
n0333714000001262.jpg,n03337140
n0333714000001263.jpg,n03337140
n0333714000001268.jpg,n03337140
n0333714000001271.jpg,n03337140
n0333714000001273.jpg,n03337140
n0333714000001277.jpg,n03337140
n0333714000001278.jpg,n03337140
n0333714000001279.jpg,n03337140
n0333714000001282.jpg,n03337140
n0333714000001286.jpg,n03337140
n0333714000001287.jpg,n03337140
n0333714000001289.jpg,n03337140
n0333714000001295.jpg,n03337140
n0333714000001296.jpg,n03337140
n0333714000001298.jpg,n03337140
n0333714000001299.jpg,n03337140
n0333714000001300.jpg,n03337140
n0459674200000002.jpg,n04596742
n0459674200000004.jpg,n04596742
n0459674200000006.jpg,n04596742
n0459674200000007.jpg,n04596742
n0459674200000009.jpg,n04596742
n0459674200000010.jpg,n04596742
n0459674200000011.jpg,n04596742
n0459674200000012.jpg,n04596742
n0459674200000014.jpg,n04596742
n0459674200000016.jpg,n04596742
n0459674200000018.jpg,n04596742
n0459674200000019.jpg,n04596742
n0459674200000022.jpg,n04596742
n0459674200000026.jpg,n04596742
n0459674200000027.jpg,n04596742
n0459674200000030.jpg,n04596742
n0459674200000031.jpg,n04596742
n0459674200000034.jpg,n04596742
n0459674200000035.jpg,n04596742
n0459674200000036.jpg,n04596742
n0459674200000038.jpg,n04596742
n0459674200000045.jpg,n04596742
n0459674200000046.jpg,n04596742
n0459674200000050.jpg,n04596742
n0459674200000052.jpg,n04596742
n0459674200000053.jpg,n04596742
n0459674200000054.jpg,n04596742
n0459674200000055.jpg,n04596742
n0459674200000060.jpg,n04596742
n0459674200000067.jpg,n04596742
n0459674200000068.jpg,n04596742
n0459674200000071.jpg,n04596742
n0459674200000077.jpg,n04596742
n0459674200000078.jpg,n04596742
n0459674200000088.jpg,n04596742
n0459674200000089.jpg,n04596742
n0459674200000092.jpg,n04596742
n0459674200000096.jpg,n04596742
n0459674200000098.jpg,n04596742
n0459674200000100.jpg,n04596742
n0459674200000101.jpg,n04596742
n0459674200000105.jpg,n04596742
n0459674200000106.jpg,n04596742
n0459674200000107.jpg,n04596742
n0459674200000108.jpg,n04596742
n0459674200000109.jpg,n04596742
n0459674200000111.jpg,n04596742
n0459674200000112.jpg,n04596742
n0459674200000113.jpg,n04596742
n0459674200000114.jpg,n04596742
n0459674200000119.jpg,n04596742
n0459674200000120.jpg,n04596742
n0459674200000124.jpg,n04596742
n0459674200000126.jpg,n04596742
n0459674200000128.jpg,n04596742
n0459674200000132.jpg,n04596742
n0459674200000133.jpg,n04596742
n0459674200000137.jpg,n04596742
n0459674200000138.jpg,n04596742
n0459674200000143.jpg,n04596742
n0459674200000144.jpg,n04596742
n0459674200000145.jpg,n04596742
n0459674200000148.jpg,n04596742
n0459674200000149.jpg,n04596742
n0459674200000150.jpg,n04596742
n0459674200000153.jpg,n04596742
n0459674200000161.jpg,n04596742
n0459674200000162.jpg,n04596742
n0459674200000163.jpg,n04596742
n0459674200000164.jpg,n04596742
n0459674200000165.jpg,n04596742
n0459674200000166.jpg,n04596742
n0459674200000171.jpg,n04596742
n0459674200000172.jpg,n04596742
n0459674200000174.jpg,n04596742
n0459674200000175.jpg,n04596742
n0459674200000176.jpg,n04596742
n0459674200000186.jpg,n04596742
n0459674200000187.jpg,n04596742
n0459674200000188.jpg,n04596742
n0459674200000189.jpg,n04596742
n0459674200000191.jpg,n04596742
n0459674200000192.jpg,n04596742
n0459674200000193.jpg,n04596742
n0459674200000196.jpg,n04596742
n0459674200000199.jpg,n04596742
n0459674200000201.jpg,n04596742
n0459674200000202.jpg,n04596742
n0459674200000204.jpg,n04596742
n0459674200000206.jpg,n04596742
n0459674200000207.jpg,n04596742
n0459674200000208.jpg,n04596742
n0459674200000210.jpg,n04596742
n0459674200000212.jpg,n04596742
n0459674200000215.jpg,n04596742
n0459674200000223.jpg,n04596742
n0459674200000224.jpg,n04596742
n0459674200000226.jpg,n04596742
n0459674200000227.jpg,n04596742
n0459674200000229.jpg,n04596742
n0459674200000230.jpg,n04596742
n0459674200000231.jpg,n04596742
n0459674200000232.jpg,n04596742
n0459674200000234.jpg,n04596742
n0459674200000235.jpg,n04596742
n0459674200000237.jpg,n04596742
n0459674200000239.jpg,n04596742
n0459674200000241.jpg,n04596742
n0459674200000245.jpg,n04596742
n0459674200000247.jpg,n04596742
n0459674200000248.jpg,n04596742
n0459674200000251.jpg,n04596742
n0459674200000252.jpg,n04596742
n0459674200000254.jpg,n04596742
n0459674200000255.jpg,n04596742
n0459674200000256.jpg,n04596742
n0459674200000259.jpg,n04596742
n0459674200000263.jpg,n04596742
n0459674200000269.jpg,n04596742
n0459674200000270.jpg,n04596742
n0459674200000273.jpg,n04596742
n0459674200000274.jpg,n04596742
n0459674200000276.jpg,n04596742
n0459674200000279.jpg,n04596742
n0459674200000281.jpg,n04596742
n0459674200000282.jpg,n04596742
n0459674200000283.jpg,n04596742
n0459674200000284.jpg,n04596742
n0459674200000285.jpg,n04596742
n0459674200000287.jpg,n04596742
n0459674200000293.jpg,n04596742
n0459674200000296.jpg,n04596742
n0459674200000297.jpg,n04596742
n0459674200000300.jpg,n04596742
n0459674200000301.jpg,n04596742
n0459674200000306.jpg,n04596742
n0459674200000310.jpg,n04596742
n0459674200000311.jpg,n04596742
n0459674200000313.jpg,n04596742
n0459674200000319.jpg,n04596742
n0459674200000320.jpg,n04596742
n0459674200000322.jpg,n04596742
n0459674200000326.jpg,n04596742
n0459674200000327.jpg,n04596742
n0459674200000331.jpg,n04596742
n0459674200000337.jpg,n04596742
n0459674200000339.jpg,n04596742
n0459674200000341.jpg,n04596742
n0459674200000342.jpg,n04596742
n0459674200000343.jpg,n04596742
n0459674200000344.jpg,n04596742
n0459674200000347.jpg,n04596742
n0459674200000350.jpg,n04596742
n0459674200000351.jpg,n04596742
n0459674200000352.jpg,n04596742
n0459674200000353.jpg,n04596742
n0459674200000356.jpg,n04596742
n0459674200000362.jpg,n04596742
n0459674200000364.jpg,n04596742
n0459674200000367.jpg,n04596742
n0459674200000369.jpg,n04596742
n0459674200000370.jpg,n04596742
n0459674200000371.jpg,n04596742
n0459674200000372.jpg,n04596742
n0459674200000375.jpg,n04596742
n0459674200000378.jpg,n04596742
n0459674200000379.jpg,n04596742
n0459674200000382.jpg,n04596742
n0459674200000385.jpg,n04596742
n0459674200000386.jpg,n04596742
n0459674200000387.jpg,n04596742
n0459674200000390.jpg,n04596742
n0459674200000391.jpg,n04596742
n0459674200000395.jpg,n04596742
n0459674200000397.jpg,n04596742
n0459674200000398.jpg,n04596742
n0459674200000399.jpg,n04596742
n0459674200000401.jpg,n04596742
n0459674200000402.jpg,n04596742
n0459674200000404.jpg,n04596742
n0459674200000406.jpg,n04596742
n0459674200000407.jpg,n04596742
n0459674200000409.jpg,n04596742
n0459674200000410.jpg,n04596742
n0459674200000413.jpg,n04596742
n0459674200000415.jpg,n04596742
n0459674200000416.jpg,n04596742
n0459674200000420.jpg,n04596742
n0459674200000423.jpg,n04596742
n0459674200000427.jpg,n04596742
n0459674200000428.jpg,n04596742
n0459674200000430.jpg,n04596742
n0459674200000441.jpg,n04596742
n0459674200000442.jpg,n04596742
n0459674200000443.jpg,n04596742
n0459674200000446.jpg,n04596742
n0459674200000448.jpg,n04596742
n0459674200000449.jpg,n04596742
n0459674200000451.jpg,n04596742
n0459674200000452.jpg,n04596742
n0459674200000454.jpg,n04596742
n0459674200000458.jpg,n04596742
n0459674200000460.jpg,n04596742
n0459674200000462.jpg,n04596742
n0459674200000466.jpg,n04596742
n0459674200000467.jpg,n04596742
n0459674200000468.jpg,n04596742
n0459674200000469.jpg,n04596742
n0459674200000471.jpg,n04596742
n0459674200000479.jpg,n04596742
n0459674200000481.jpg,n04596742
n0459674200000482.jpg,n04596742
n0459674200000484.jpg,n04596742
n0459674200000485.jpg,n04596742
n0459674200000486.jpg,n04596742
n0459674200000487.jpg,n04596742
n0459674200000488.jpg,n04596742
n0459674200000489.jpg,n04596742
n0459674200000490.jpg,n04596742
n0459674200000492.jpg,n04596742
n0459674200000493.jpg,n04596742
n0459674200000494.jpg,n04596742
n0459674200000495.jpg,n04596742
n0459674200000497.jpg,n04596742
n0459674200000498.jpg,n04596742
n0459674200000499.jpg,n04596742
n0459674200000502.jpg,n04596742
n0459674200000503.jpg,n04596742
n0459674200000504.jpg,n04596742
n0459674200000506.jpg,n04596742
n0459674200000507.jpg,n04596742
n0459674200000508.jpg,n04596742
n0459674200000509.jpg,n04596742
n0459674200000513.jpg,n04596742
n0459674200000514.jpg,n04596742
n0459674200000516.jpg,n04596742
n0459674200000518.jpg,n04596742
n0459674200000519.jpg,n04596742
n0459674200000521.jpg,n04596742
n0459674200000522.jpg,n04596742
n0459674200000524.jpg,n04596742
n0459674200000526.jpg,n04596742
n0459674200000527.jpg,n04596742
n0459674200000530.jpg,n04596742
n0459674200000533.jpg,n04596742
n0459674200000534.jpg,n04596742
n0459674200000535.jpg,n04596742
n0459674200000536.jpg,n04596742
n0459674200000538.jpg,n04596742
n0459674200000540.jpg,n04596742
n0459674200000542.jpg,n04596742
n0459674200000544.jpg,n04596742
n0459674200000545.jpg,n04596742
n0459674200000546.jpg,n04596742
n0459674200000547.jpg,n04596742
n0459674200000549.jpg,n04596742
n0459674200000550.jpg,n04596742
n0459674200000552.jpg,n04596742
n0459674200000553.jpg,n04596742
n0459674200000556.jpg,n04596742
n0459674200000559.jpg,n04596742
n0459674200000560.jpg,n04596742
n0459674200000561.jpg,n04596742
n0459674200000563.jpg,n04596742
n0459674200000566.jpg,n04596742
n0459674200000567.jpg,n04596742
n0459674200000568.jpg,n04596742
n0459674200000569.jpg,n04596742
n0459674200000571.jpg,n04596742
n0459674200000573.jpg,n04596742
n0459674200000575.jpg,n04596742
n0459674200000576.jpg,n04596742
n0459674200000587.jpg,n04596742
n0459674200000589.jpg,n04596742
n0459674200000591.jpg,n04596742
n0459674200000593.jpg,n04596742
n0459674200000594.jpg,n04596742
n0459674200000598.jpg,n04596742
n0459674200000600.jpg,n04596742
n0459674200000601.jpg,n04596742
n0459674200000604.jpg,n04596742
n0459674200000605.jpg,n04596742
n0459674200000606.jpg,n04596742
n0459674200000611.jpg,n04596742
n0459674200000613.jpg,n04596742
n0459674200000617.jpg,n04596742
n0459674200000625.jpg,n04596742
n0459674200000630.jpg,n04596742
n0459674200000631.jpg,n04596742
n0459674200000633.jpg,n04596742
n0459674200000634.jpg,n04596742
n0459674200000635.jpg,n04596742
n0459674200000636.jpg,n04596742
n0459674200000639.jpg,n04596742
n0459674200000641.jpg,n04596742
n0459674200000642.jpg,n04596742
n0459674200000647.jpg,n04596742
n0459674200000648.jpg,n04596742
n0459674200000649.jpg,n04596742
n0459674200000652.jpg,n04596742
n0459674200000655.jpg,n04596742
n0459674200000658.jpg,n04596742
n0459674200000659.jpg,n04596742
n0459674200000660.jpg,n04596742
n0459674200000664.jpg,n04596742
n0459674200000665.jpg,n04596742
n0459674200000666.jpg,n04596742
n0459674200000668.jpg,n04596742
n0459674200000669.jpg,n04596742
n0459674200000670.jpg,n04596742
n0459674200000671.jpg,n04596742
n0459674200000672.jpg,n04596742
n0459674200000677.jpg,n04596742
n0459674200000679.jpg,n04596742
n0459674200000682.jpg,n04596742
n0459674200000684.jpg,n04596742
n0459674200000686.jpg,n04596742
n0459674200000688.jpg,n04596742
n0459674200000690.jpg,n04596742
n0459674200000693.jpg,n04596742
n0459674200000696.jpg,n04596742
n0459674200000697.jpg,n04596742
n0459674200000699.jpg,n04596742
n0459674200000701.jpg,n04596742
n0459674200000705.jpg,n04596742
n0459674200000707.jpg,n04596742
n0459674200000708.jpg,n04596742
n0459674200000709.jpg,n04596742
n0459674200000711.jpg,n04596742
n0459674200000714.jpg,n04596742
n0459674200000716.jpg,n04596742
n0459674200000718.jpg,n04596742
n0459674200000720.jpg,n04596742
n0459674200000722.jpg,n04596742
n0459674200000724.jpg,n04596742
n0459674200000725.jpg,n04596742
n0459674200000730.jpg,n04596742
n0459674200000735.jpg,n04596742
n0459674200000745.jpg,n04596742
n0459674200000747.jpg,n04596742
n0459674200000748.jpg,n04596742
n0459674200000750.jpg,n04596742
n0459674200000752.jpg,n04596742
n0459674200000754.jpg,n04596742
n0459674200000755.jpg,n04596742
n0459674200000756.jpg,n04596742
n0459674200000757.jpg,n04596742
n0459674200000758.jpg,n04596742
n0459674200000759.jpg,n04596742
n0459674200000761.jpg,n04596742
n0459674200000762.jpg,n04596742
n0459674200000763.jpg,n04596742
n0459674200000767.jpg,n04596742
n0459674200000768.jpg,n04596742
n0459674200000769.jpg,n04596742
n0459674200000775.jpg,n04596742
n0459674200000777.jpg,n04596742
n0459674200000778.jpg,n04596742
n0459674200000779.jpg,n04596742
n0459674200000781.jpg,n04596742
n0459674200000784.jpg,n04596742
n0459674200000787.jpg,n04596742
n0459674200000788.jpg,n04596742
n0459674200000789.jpg,n04596742
n0459674200000793.jpg,n04596742
n0459674200000794.jpg,n04596742
n0459674200000795.jpg,n04596742
n0459674200000797.jpg,n04596742
n0459674200000799.jpg,n04596742
n0459674200000801.jpg,n04596742
n0459674200000807.jpg,n04596742
n0459674200000809.jpg,n04596742
n0459674200000811.jpg,n04596742
n0459674200000813.jpg,n04596742
n0459674200000814.jpg,n04596742
n0459674200000815.jpg,n04596742
n0459674200000816.jpg,n04596742
n0459674200000823.jpg,n04596742
n0459674200000825.jpg,n04596742
n0459674200000826.jpg,n04596742
n0459674200000827.jpg,n04596742
n0459674200000829.jpg,n04596742
n0459674200000830.jpg,n04596742
n0459674200000834.jpg,n04596742
n0459674200000835.jpg,n04596742
n0459674200000836.jpg,n04596742
n0459674200000839.jpg,n04596742
n0459674200000843.jpg,n04596742
n0459674200000845.jpg,n04596742
n0459674200000846.jpg,n04596742
n0459674200000847.jpg,n04596742
n0459674200000849.jpg,n04596742
n0459674200000852.jpg,n04596742
n0459674200000855.jpg,n04596742
n0459674200000856.jpg,n04596742
n0459674200000860.jpg,n04596742
n0459674200000866.jpg,n04596742
n0459674200000867.jpg,n04596742
n0459674200000869.jpg,n04596742
n0459674200000871.jpg,n04596742
n0459674200000874.jpg,n04596742
n0459674200000875.jpg,n04596742
n0459674200000878.jpg,n04596742
n0459674200000880.jpg,n04596742
n0459674200000884.jpg,n04596742
n0459674200000886.jpg,n04596742
n0459674200000887.jpg,n04596742
n0459674200000888.jpg,n04596742
n0459674200000889.jpg,n04596742
n0459674200000891.jpg,n04596742
n0459674200000892.jpg,n04596742
n0459674200000895.jpg,n04596742
n0459674200000896.jpg,n04596742
n0459674200000897.jpg,n04596742
n0459674200000898.jpg,n04596742
n0459674200000902.jpg,n04596742
n0459674200000904.jpg,n04596742
n0459674200000907.jpg,n04596742
n0459674200000909.jpg,n04596742
n0459674200000911.jpg,n04596742
n0459674200000912.jpg,n04596742
n0459674200000913.jpg,n04596742
n0459674200000915.jpg,n04596742
n0459674200000917.jpg,n04596742
n0459674200000918.jpg,n04596742
n0459674200000920.jpg,n04596742
n0459674200000921.jpg,n04596742
n0459674200000922.jpg,n04596742
n0459674200000926.jpg,n04596742
n0459674200000927.jpg,n04596742
n0459674200000929.jpg,n04596742
n0459674200000930.jpg,n04596742
n0459674200000933.jpg,n04596742
n0459674200000935.jpg,n04596742
n0459674200000937.jpg,n04596742
n0459674200000940.jpg,n04596742
n0459674200000941.jpg,n04596742
n0459674200000942.jpg,n04596742
n0459674200000943.jpg,n04596742
n0459674200000947.jpg,n04596742
n0459674200000948.jpg,n04596742
n0459674200000950.jpg,n04596742
n0459674200000951.jpg,n04596742
n0459674200000952.jpg,n04596742
n0459674200000961.jpg,n04596742
n0459674200000963.jpg,n04596742
n0459674200000966.jpg,n04596742
n0459674200000975.jpg,n04596742
n0459674200000981.jpg,n04596742
n0459674200000982.jpg,n04596742
n0459674200000984.jpg,n04596742
n0459674200000985.jpg,n04596742
n0459674200000987.jpg,n04596742
n0459674200000989.jpg,n04596742
n0459674200000990.jpg,n04596742
n0459674200000994.jpg,n04596742
n0459674200000996.jpg,n04596742
n0459674200000998.jpg,n04596742
n0459674200000999.jpg,n04596742
n0459674200001000.jpg,n04596742
n0459674200001002.jpg,n04596742
n0459674200001003.jpg,n04596742
n0459674200001004.jpg,n04596742
n0459674200001006.jpg,n04596742
n0459674200001008.jpg,n04596742
n0459674200001009.jpg,n04596742
n0459674200001011.jpg,n04596742
n0459674200001013.jpg,n04596742
n0459674200001015.jpg,n04596742
n0459674200001017.jpg,n04596742
n0459674200001023.jpg,n04596742
n0459674200001026.jpg,n04596742
n0459674200001029.jpg,n04596742
n0459674200001030.jpg,n04596742
n0459674200001031.jpg,n04596742
n0459674200001033.jpg,n04596742
n0459674200001034.jpg,n04596742
n0459674200001035.jpg,n04596742
n0459674200001036.jpg,n04596742
n0459674200001037.jpg,n04596742
n0459674200001038.jpg,n04596742
n0459674200001039.jpg,n04596742
n0459674200001047.jpg,n04596742
n0459674200001048.jpg,n04596742
n0459674200001049.jpg,n04596742
n0459674200001053.jpg,n04596742
n0459674200001056.jpg,n04596742
n0459674200001058.jpg,n04596742
n0459674200001059.jpg,n04596742
n0459674200001061.jpg,n04596742
n0459674200001063.jpg,n04596742
n0459674200001065.jpg,n04596742
n0459674200001068.jpg,n04596742
n0459674200001069.jpg,n04596742
n0459674200001071.jpg,n04596742
n0459674200001073.jpg,n04596742
n0459674200001077.jpg,n04596742
n0459674200001078.jpg,n04596742
n0459674200001085.jpg,n04596742
n0459674200001088.jpg,n04596742
n0459674200001089.jpg,n04596742
n0459674200001091.jpg,n04596742
n0459674200001092.jpg,n04596742
n0459674200001095.jpg,n04596742
n0459674200001098.jpg,n04596742
n0459674200001100.jpg,n04596742
n0459674200001102.jpg,n04596742
n0459674200001105.jpg,n04596742
n0459674200001111.jpg,n04596742
n0459674200001112.jpg,n04596742
n0459674200001115.jpg,n04596742
n0459674200001117.jpg,n04596742
n0459674200001120.jpg,n04596742
n0459674200001124.jpg,n04596742
n0459674200001125.jpg,n04596742
n0459674200001126.jpg,n04596742
n0459674200001127.jpg,n04596742
n0459674200001128.jpg,n04596742
n0459674200001132.jpg,n04596742
n0459674200001133.jpg,n04596742
n0459674200001135.jpg,n04596742
n0459674200001137.jpg,n04596742
n0459674200001138.jpg,n04596742
n0459674200001141.jpg,n04596742
n0459674200001143.jpg,n04596742
n0459674200001144.jpg,n04596742
n0459674200001145.jpg,n04596742
n0459674200001148.jpg,n04596742
n0459674200001152.jpg,n04596742
n0459674200001153.jpg,n04596742
n0459674200001154.jpg,n04596742
n0459674200001158.jpg,n04596742
n0459674200001159.jpg,n04596742
n0459674200001163.jpg,n04596742
n0459674200001166.jpg,n04596742
n0459674200001167.jpg,n04596742
n0459674200001171.jpg,n04596742
n0459674200001172.jpg,n04596742
n0459674200001173.jpg,n04596742
n0459674200001175.jpg,n04596742
n0459674200001176.jpg,n04596742
n0459674200001179.jpg,n04596742
n0459674200001183.jpg,n04596742
n0459674200001184.jpg,n04596742
n0459674200001186.jpg,n04596742
n0459674200001189.jpg,n04596742
n0459674200001192.jpg,n04596742
n0459674200001193.jpg,n04596742
n0459674200001194.jpg,n04596742
n0459674200001199.jpg,n04596742
n0459674200001201.jpg,n04596742
n0459674200001203.jpg,n04596742
n0459674200001204.jpg,n04596742
n0459674200001205.jpg,n04596742
n0459674200001206.jpg,n04596742
n0459674200001207.jpg,n04596742
n0459674200001208.jpg,n04596742
n0459674200001210.jpg,n04596742
n0459674200001211.jpg,n04596742
n0459674200001214.jpg,n04596742
n0459674200001216.jpg,n04596742
n0459674200001220.jpg,n04596742
n0459674200001223.jpg,n04596742
n0459674200001225.jpg,n04596742
n0459674200001227.jpg,n04596742
n0459674200001229.jpg,n04596742
n0459674200001230.jpg,n04596742
n0459674200001231.jpg,n04596742
n0459674200001233.jpg,n04596742
n0459674200001235.jpg,n04596742
n0459674200001237.jpg,n04596742
n0459674200001238.jpg,n04596742
n0459674200001241.jpg,n04596742
n0459674200001242.jpg,n04596742
n0459674200001245.jpg,n04596742
n0459674200001247.jpg,n04596742
n0459674200001252.jpg,n04596742
n0459674200001253.jpg,n04596742
n0459674200001254.jpg,n04596742
n0459674200001258.jpg,n04596742
n0459674200001259.jpg,n04596742
n0459674200001261.jpg,n04596742
n0459674200001263.jpg,n04596742
n0459674200001266.jpg,n04596742
n0459674200001270.jpg,n04596742
n0459674200001276.jpg,n04596742
n0459674200001277.jpg,n04596742
n0459674200001278.jpg,n04596742
n0459674200001279.jpg,n04596742
n0459674200001280.jpg,n04596742
n0459674200001282.jpg,n04596742
n0459674200001284.jpg,n04596742
n0459674200001286.jpg,n04596742
n0459674200001288.jpg,n04596742
n0459674200001289.jpg,n04596742
n0459674200001290.jpg,n04596742
n0459674200001294.jpg,n04596742
n0459674200001296.jpg,n04596742
n0459674200001299.jpg,n04596742
n0459674200001300.jpg,n04596742
n0679411000000003.jpg,n06794110
n0679411000000006.jpg,n06794110
n0679411000000008.jpg,n06794110
n0679411000000009.jpg,n06794110
n0679411000000010.jpg,n06794110
n0679411000000013.jpg,n06794110
n0679411000000015.jpg,n06794110
n0679411000000016.jpg,n06794110
n0679411000000017.jpg,n06794110
n0679411000000018.jpg,n06794110
n0679411000000020.jpg,n06794110
n0679411000000022.jpg,n06794110
n0679411000000026.jpg,n06794110
n0679411000000027.jpg,n06794110
n0679411000000028.jpg,n06794110
n0679411000000037.jpg,n06794110
n0679411000000038.jpg,n06794110
n0679411000000039.jpg,n06794110
n0679411000000042.jpg,n06794110
n0679411000000043.jpg,n06794110
n0679411000000044.jpg,n06794110
n0679411000000045.jpg,n06794110
n0679411000000048.jpg,n06794110
n0679411000000050.jpg,n06794110
n0679411000000052.jpg,n06794110
n0679411000000054.jpg,n06794110
n0679411000000055.jpg,n06794110
n0679411000000060.jpg,n06794110
n0679411000000061.jpg,n06794110
n0679411000000062.jpg,n06794110
n0679411000000063.jpg,n06794110
n0679411000000069.jpg,n06794110
n0679411000000072.jpg,n06794110
n0679411000000075.jpg,n06794110
n0679411000000076.jpg,n06794110
n0679411000000077.jpg,n06794110
n0679411000000079.jpg,n06794110
n0679411000000080.jpg,n06794110
n0679411000000081.jpg,n06794110
n0679411000000084.jpg,n06794110
n0679411000000089.jpg,n06794110
n0679411000000090.jpg,n06794110
n0679411000000091.jpg,n06794110
n0679411000000096.jpg,n06794110
n0679411000000097.jpg,n06794110
n0679411000000103.jpg,n06794110
n0679411000000106.jpg,n06794110
n0679411000000107.jpg,n06794110
n0679411000000109.jpg,n06794110
n0679411000000110.jpg,n06794110
n0679411000000113.jpg,n06794110
n0679411000000116.jpg,n06794110
n0679411000000118.jpg,n06794110
n0679411000000119.jpg,n06794110
n0679411000000122.jpg,n06794110
n0679411000000124.jpg,n06794110
n0679411000000126.jpg,n06794110
n0679411000000127.jpg,n06794110
n0679411000000128.jpg,n06794110
n0679411000000132.jpg,n06794110
n0679411000000134.jpg,n06794110
n0679411000000135.jpg,n06794110
n0679411000000136.jpg,n06794110
n0679411000000137.jpg,n06794110
n0679411000000139.jpg,n06794110
n0679411000000140.jpg,n06794110
n0679411000000143.jpg,n06794110
n0679411000000145.jpg,n06794110
n0679411000000149.jpg,n06794110
n0679411000000150.jpg,n06794110
n0679411000000152.jpg,n06794110
n0679411000000153.jpg,n06794110
n0679411000000157.jpg,n06794110
n0679411000000164.jpg,n06794110
n0679411000000166.jpg,n06794110
n0679411000000170.jpg,n06794110
n0679411000000172.jpg,n06794110
n0679411000000173.jpg,n06794110
n0679411000000174.jpg,n06794110
n0679411000000193.jpg,n06794110
n0679411000000195.jpg,n06794110
n0679411000000197.jpg,n06794110
n0679411000000198.jpg,n06794110
n0679411000000199.jpg,n06794110
n0679411000000201.jpg,n06794110
n0679411000000202.jpg,n06794110
n0679411000000203.jpg,n06794110
n0679411000000204.jpg,n06794110
n0679411000000205.jpg,n06794110
n0679411000000208.jpg,n06794110
n0679411000000211.jpg,n06794110
n0679411000000212.jpg,n06794110
n0679411000000215.jpg,n06794110
n0679411000000216.jpg,n06794110
n0679411000000217.jpg,n06794110
n0679411000000218.jpg,n06794110
n0679411000000219.jpg,n06794110
n0679411000000221.jpg,n06794110
n0679411000000222.jpg,n06794110
n0679411000000224.jpg,n06794110
n0679411000000226.jpg,n06794110
n0679411000000228.jpg,n06794110
n0679411000000231.jpg,n06794110
n0679411000000232.jpg,n06794110
n0679411000000233.jpg,n06794110
n0679411000000237.jpg,n06794110
n0679411000000238.jpg,n06794110
n0679411000000241.jpg,n06794110
n0679411000000242.jpg,n06794110
n0679411000000244.jpg,n06794110
n0679411000000245.jpg,n06794110
n0679411000000248.jpg,n06794110
n0679411000000249.jpg,n06794110
n0679411000000250.jpg,n06794110
n0679411000000251.jpg,n06794110
n0679411000000254.jpg,n06794110
n0679411000000257.jpg,n06794110
n0679411000000260.jpg,n06794110
n0679411000000261.jpg,n06794110
n0679411000000263.jpg,n06794110
n0679411000000265.jpg,n06794110
n0679411000000266.jpg,n06794110
n0679411000000268.jpg,n06794110
n0679411000000269.jpg,n06794110
n0679411000000270.jpg,n06794110
n0679411000000271.jpg,n06794110
n0679411000000272.jpg,n06794110
n0679411000000274.jpg,n06794110
n0679411000000275.jpg,n06794110
n0679411000000281.jpg,n06794110
n0679411000000285.jpg,n06794110
n0679411000000286.jpg,n06794110
n0679411000000288.jpg,n06794110
n0679411000000297.jpg,n06794110
n0679411000000299.jpg,n06794110
n0679411000000302.jpg,n06794110
n0679411000000305.jpg,n06794110
n0679411000000307.jpg,n06794110
n0679411000000308.jpg,n06794110
n0679411000000309.jpg,n06794110
n0679411000000311.jpg,n06794110
n0679411000000315.jpg,n06794110
n0679411000000317.jpg,n06794110
n0679411000000318.jpg,n06794110
n0679411000000319.jpg,n06794110
n0679411000000320.jpg,n06794110
n0679411000000322.jpg,n06794110
n0679411000000326.jpg,n06794110
n0679411000000328.jpg,n06794110
n0679411000000329.jpg,n06794110
n0679411000000330.jpg,n06794110
n0679411000000331.jpg,n06794110
n0679411000000333.jpg,n06794110
n0679411000000335.jpg,n06794110
n0679411000000336.jpg,n06794110
n0679411000000337.jpg,n06794110
n0679411000000340.jpg,n06794110
n0679411000000341.jpg,n06794110
n0679411000000342.jpg,n06794110
n0679411000000343.jpg,n06794110
n0679411000000347.jpg,n06794110
n0679411000000350.jpg,n06794110
n0679411000000352.jpg,n06794110
n0679411000000353.jpg,n06794110
n0679411000000355.jpg,n06794110
n0679411000000361.jpg,n06794110
n0679411000000362.jpg,n06794110
n0679411000000363.jpg,n06794110
n0679411000000366.jpg,n06794110
n0679411000000369.jpg,n06794110
n0679411000000370.jpg,n06794110
n0679411000000371.jpg,n06794110
n0679411000000374.jpg,n06794110
n0679411000000375.jpg,n06794110
n0679411000000376.jpg,n06794110
n0679411000000379.jpg,n06794110
n0679411000000380.jpg,n06794110
n0679411000000381.jpg,n06794110
n0679411000000384.jpg,n06794110
n0679411000000385.jpg,n06794110
n0679411000000386.jpg,n06794110
n0679411000000387.jpg,n06794110
n0679411000000389.jpg,n06794110
n0679411000000392.jpg,n06794110
n0679411000000394.jpg,n06794110
n0679411000000395.jpg,n06794110
n0679411000000396.jpg,n06794110
n0679411000000398.jpg,n06794110
n0679411000000399.jpg,n06794110
n0679411000000402.jpg,n06794110
n0679411000000404.jpg,n06794110
n0679411000000406.jpg,n06794110
n0679411000000408.jpg,n06794110
n0679411000000409.jpg,n06794110
n0679411000000412.jpg,n06794110
n0679411000000414.jpg,n06794110
n0679411000000415.jpg,n06794110
n0679411000000417.jpg,n06794110
n0679411000000419.jpg,n06794110
n0679411000000422.jpg,n06794110
n0679411000000424.jpg,n06794110
n0679411000000428.jpg,n06794110
n0679411000000432.jpg,n06794110
n0679411000000436.jpg,n06794110
n0679411000000440.jpg,n06794110
n0679411000000442.jpg,n06794110
n0679411000000447.jpg,n06794110
n0679411000000448.jpg,n06794110
n0679411000000455.jpg,n06794110
n0679411000000456.jpg,n06794110
n0679411000000457.jpg,n06794110
n0679411000000460.jpg,n06794110
n0679411000000461.jpg,n06794110
n0679411000000463.jpg,n06794110
n0679411000000466.jpg,n06794110
n0679411000000471.jpg,n06794110
n0679411000000472.jpg,n06794110
n0679411000000473.jpg,n06794110
n0679411000000474.jpg,n06794110
n0679411000000476.jpg,n06794110
n0679411000000478.jpg,n06794110
n0679411000000482.jpg,n06794110
n0679411000000485.jpg,n06794110
n0679411000000486.jpg,n06794110
n0679411000000488.jpg,n06794110
n0679411000000490.jpg,n06794110
n0679411000000498.jpg,n06794110
n0679411000000499.jpg,n06794110
n0679411000000500.jpg,n06794110
n0679411000000501.jpg,n06794110
n0679411000000503.jpg,n06794110
n0679411000000505.jpg,n06794110
n0679411000000506.jpg,n06794110
n0679411000000507.jpg,n06794110
n0679411000000511.jpg,n06794110
n0679411000000512.jpg,n06794110
n0679411000000513.jpg,n06794110
n0679411000000514.jpg,n06794110
n0679411000000515.jpg,n06794110
n0679411000000518.jpg,n06794110
n0679411000000519.jpg,n06794110
n0679411000000523.jpg,n06794110
n0679411000000524.jpg,n06794110
n0679411000000525.jpg,n06794110
n0679411000000528.jpg,n06794110
n0679411000000531.jpg,n06794110
n0679411000000532.jpg,n06794110
n0679411000000535.jpg,n06794110
n0679411000000536.jpg,n06794110
n0679411000000537.jpg,n06794110
n0679411000000539.jpg,n06794110
n0679411000000542.jpg,n06794110
n0679411000000544.jpg,n06794110
n0679411000000545.jpg,n06794110
n0679411000000546.jpg,n06794110
n0679411000000549.jpg,n06794110
n0679411000000550.jpg,n06794110
n0679411000000552.jpg,n06794110
n0679411000000553.jpg,n06794110
n0679411000000554.jpg,n06794110
n0679411000000557.jpg,n06794110
n0679411000000559.jpg,n06794110
n0679411000000566.jpg,n06794110
n0679411000000570.jpg,n06794110
n0679411000000572.jpg,n06794110
n0679411000000574.jpg,n06794110
n0679411000000575.jpg,n06794110
n0679411000000576.jpg,n06794110
n0679411000000578.jpg,n06794110
n0679411000000580.jpg,n06794110
n0679411000000582.jpg,n06794110
n0679411000000584.jpg,n06794110
n0679411000000587.jpg,n06794110
n0679411000000588.jpg,n06794110
n0679411000000589.jpg,n06794110
n0679411000000590.jpg,n06794110
n0679411000000591.jpg,n06794110
n0679411000000592.jpg,n06794110
n0679411000000594.jpg,n06794110
n0679411000000596.jpg,n06794110
n0679411000000599.jpg,n06794110
n0679411000000602.jpg,n06794110
n0679411000000603.jpg,n06794110
n0679411000000610.jpg,n06794110
n0679411000000611.jpg,n06794110
n0679411000000613.jpg,n06794110
n0679411000000614.jpg,n06794110
n0679411000000619.jpg,n06794110
n0679411000000622.jpg,n06794110
n0679411000000624.jpg,n06794110
n0679411000000625.jpg,n06794110
n0679411000000626.jpg,n06794110
n0679411000000628.jpg,n06794110
n0679411000000629.jpg,n06794110
n0679411000000630.jpg,n06794110
n0679411000000639.jpg,n06794110
n0679411000000641.jpg,n06794110
n0679411000000644.jpg,n06794110
n0679411000000645.jpg,n06794110
n0679411000000646.jpg,n06794110
n0679411000000648.jpg,n06794110
n0679411000000650.jpg,n06794110
n0679411000000651.jpg,n06794110
n0679411000000652.jpg,n06794110
n0679411000000654.jpg,n06794110
n0679411000000655.jpg,n06794110
n0679411000000657.jpg,n06794110
n0679411000000661.jpg,n06794110
n0679411000000662.jpg,n06794110
n0679411000000664.jpg,n06794110
n0679411000000666.jpg,n06794110
n0679411000000669.jpg,n06794110
n0679411000000670.jpg,n06794110
n0679411000000671.jpg,n06794110
n0679411000000677.jpg,n06794110
n0679411000000679.jpg,n06794110
n0679411000000682.jpg,n06794110
n0679411000000684.jpg,n06794110
n0679411000000687.jpg,n06794110
n0679411000000688.jpg,n06794110
n0679411000000692.jpg,n06794110
n0679411000000693.jpg,n06794110
n0679411000000697.jpg,n06794110
n0679411000000700.jpg,n06794110
n0679411000000702.jpg,n06794110
n0679411000000703.jpg,n06794110
n0679411000000704.jpg,n06794110
n0679411000000706.jpg,n06794110
n0679411000000708.jpg,n06794110
n0679411000000709.jpg,n06794110
n0679411000000711.jpg,n06794110
n0679411000000712.jpg,n06794110
n0679411000000714.jpg,n06794110
n0679411000000718.jpg,n06794110
n0679411000000719.jpg,n06794110
n0679411000000721.jpg,n06794110
n0679411000000725.jpg,n06794110
n0679411000000728.jpg,n06794110
n0679411000000733.jpg,n06794110
n0679411000000734.jpg,n06794110
n0679411000000736.jpg,n06794110
n0679411000000738.jpg,n06794110
n0679411000000740.jpg,n06794110
n0679411000000742.jpg,n06794110
n0679411000000745.jpg,n06794110
n0679411000000746.jpg,n06794110
n0679411000000748.jpg,n06794110
n0679411000000757.jpg,n06794110
n0679411000000759.jpg,n06794110
n0679411000000761.jpg,n06794110
n0679411000000762.jpg,n06794110
n0679411000000763.jpg,n06794110
n0679411000000764.jpg,n06794110
n0679411000000770.jpg,n06794110
n0679411000000771.jpg,n06794110
n0679411000000772.jpg,n06794110
n0679411000000773.jpg,n06794110
n0679411000000779.jpg,n06794110
n0679411000000780.jpg,n06794110
n0679411000000782.jpg,n06794110
n0679411000000783.jpg,n06794110
n0679411000000785.jpg,n06794110
n0679411000000786.jpg,n06794110
n0679411000000787.jpg,n06794110
n0679411000000790.jpg,n06794110
n0679411000000791.jpg,n06794110
n0679411000000792.jpg,n06794110
n0679411000000796.jpg,n06794110
n0679411000000799.jpg,n06794110
n0679411000000803.jpg,n06794110
n0679411000000805.jpg,n06794110
n0679411000000807.jpg,n06794110
n0679411000000810.jpg,n06794110
n0679411000000811.jpg,n06794110
n0679411000000812.jpg,n06794110
n0679411000000823.jpg,n06794110
n0679411000000825.jpg,n06794110
n0679411000000826.jpg,n06794110
n0679411000000829.jpg,n06794110
n0679411000000835.jpg,n06794110
n0679411000000837.jpg,n06794110
n0679411000000838.jpg,n06794110
n0679411000000840.jpg,n06794110
n0679411000000845.jpg,n06794110
n0679411000000846.jpg,n06794110
n0679411000000848.jpg,n06794110
n0679411000000851.jpg,n06794110
n0679411000000853.jpg,n06794110
n0679411000000854.jpg,n06794110
n0679411000000855.jpg,n06794110
n0679411000000858.jpg,n06794110
n0679411000000859.jpg,n06794110
n0679411000000860.jpg,n06794110
n0679411000000861.jpg,n06794110
n0679411000000865.jpg,n06794110
n0679411000000868.jpg,n06794110
n0679411000000869.jpg,n06794110
n0679411000000870.jpg,n06794110
n0679411000000872.jpg,n06794110
n0679411000000873.jpg,n06794110
n0679411000000879.jpg,n06794110
n0679411000000880.jpg,n06794110
n0679411000000881.jpg,n06794110
n0679411000000882.jpg,n06794110
n0679411000000885.jpg,n06794110
n0679411000000894.jpg,n06794110
n0679411000000895.jpg,n06794110
n0679411000000897.jpg,n06794110
n0679411000000898.jpg,n06794110
n0679411000000899.jpg,n06794110
n0679411000000900.jpg,n06794110
n0679411000000901.jpg,n06794110
n0679411000000902.jpg,n06794110
n0679411000000904.jpg,n06794110
n0679411000000905.jpg,n06794110
n0679411000000909.jpg,n06794110
n0679411000000912.jpg,n06794110
n0679411000000913.jpg,n06794110
n0679411000000916.jpg,n06794110
n0679411000000918.jpg,n06794110
n0679411000000919.jpg,n06794110
n0679411000000923.jpg,n06794110
n0679411000000926.jpg,n06794110
n0679411000000929.jpg,n06794110
n0679411000000931.jpg,n06794110
n0679411000000932.jpg,n06794110
n0679411000000933.jpg,n06794110
n0679411000000935.jpg,n06794110
n0679411000000936.jpg,n06794110
n0679411000000938.jpg,n06794110
n0679411000000939.jpg,n06794110
n0679411000000940.jpg,n06794110
n0679411000000941.jpg,n06794110
n0679411000000942.jpg,n06794110
n0679411000000944.jpg,n06794110
n0679411000000948.jpg,n06794110
n0679411000000949.jpg,n06794110
n0679411000000950.jpg,n06794110
n0679411000000955.jpg,n06794110
n0679411000000963.jpg,n06794110
n0679411000000964.jpg,n06794110
n0679411000000966.jpg,n06794110
n0679411000000967.jpg,n06794110
n0679411000000969.jpg,n06794110
n0679411000000972.jpg,n06794110
n0679411000000976.jpg,n06794110
n0679411000000978.jpg,n06794110
n0679411000000981.jpg,n06794110
n0679411000000983.jpg,n06794110
n0679411000000985.jpg,n06794110
n0679411000000989.jpg,n06794110
n0679411000000992.jpg,n06794110
n0679411000000993.jpg,n06794110
n0679411000000995.jpg,n06794110
n0679411000001000.jpg,n06794110
n0679411000001003.jpg,n06794110
n0679411000001005.jpg,n06794110
n0679411000001007.jpg,n06794110
n0679411000001008.jpg,n06794110
n0679411000001010.jpg,n06794110
n0679411000001011.jpg,n06794110
n0679411000001015.jpg,n06794110
n0679411000001017.jpg,n06794110
n0679411000001020.jpg,n06794110
n0679411000001031.jpg,n06794110
n0679411000001032.jpg,n06794110
n0679411000001035.jpg,n06794110
n0679411000001036.jpg,n06794110
n0679411000001037.jpg,n06794110
n0679411000001038.jpg,n06794110
n0679411000001039.jpg,n06794110
n0679411000001040.jpg,n06794110
n0679411000001044.jpg,n06794110
n0679411000001050.jpg,n06794110
n0679411000001051.jpg,n06794110
n0679411000001052.jpg,n06794110
n0679411000001053.jpg,n06794110
n0679411000001055.jpg,n06794110
n0679411000001061.jpg,n06794110
n0679411000001064.jpg,n06794110
n0679411000001065.jpg,n06794110
n0679411000001067.jpg,n06794110
n0679411000001068.jpg,n06794110
n0679411000001069.jpg,n06794110
n0679411000001071.jpg,n06794110
n0679411000001073.jpg,n06794110
n0679411000001074.jpg,n06794110
n0679411000001077.jpg,n06794110
n0679411000001078.jpg,n06794110
n0679411000001079.jpg,n06794110
n0679411000001080.jpg,n06794110
n0679411000001082.jpg,n06794110
n0679411000001083.jpg,n06794110
n0679411000001085.jpg,n06794110
n0679411000001087.jpg,n06794110
n0679411000001090.jpg,n06794110
n0679411000001092.jpg,n06794110
n0679411000001093.jpg,n06794110
n0679411000001094.jpg,n06794110
n0679411000001095.jpg,n06794110
n0679411000001096.jpg,n06794110
n0679411000001099.jpg,n06794110
n0679411000001102.jpg,n06794110
n0679411000001103.jpg,n06794110
n0679411000001105.jpg,n06794110
n0679411000001107.jpg,n06794110
n0679411000001108.jpg,n06794110
n0679411000001109.jpg,n06794110
n0679411000001110.jpg,n06794110
n0679411000001111.jpg,n06794110
n0679411000001113.jpg,n06794110
n0679411000001116.jpg,n06794110
n0679411000001121.jpg,n06794110
n0679411000001132.jpg,n06794110
n0679411000001134.jpg,n06794110
n0679411000001137.jpg,n06794110
n0679411000001138.jpg,n06794110
n0679411000001140.jpg,n06794110
n0679411000001144.jpg,n06794110
n0679411000001145.jpg,n06794110
n0679411000001146.jpg,n06794110
n0679411000001148.jpg,n06794110
n0679411000001149.jpg,n06794110
n0679411000001151.jpg,n06794110
n0679411000001153.jpg,n06794110
n0679411000001155.jpg,n06794110
n0679411000001158.jpg,n06794110
n0679411000001159.jpg,n06794110
n0679411000001161.jpg,n06794110
n0679411000001164.jpg,n06794110
n0679411000001167.jpg,n06794110
n0679411000001169.jpg,n06794110
n0679411000001170.jpg,n06794110
n0679411000001171.jpg,n06794110
n0679411000001173.jpg,n06794110
n0679411000001175.jpg,n06794110
n0679411000001176.jpg,n06794110
n0679411000001177.jpg,n06794110
n0679411000001180.jpg,n06794110
n0679411000001185.jpg,n06794110
n0679411000001186.jpg,n06794110
n0679411000001188.jpg,n06794110
n0679411000001191.jpg,n06794110
n0679411000001194.jpg,n06794110
n0679411000001195.jpg,n06794110
n0679411000001197.jpg,n06794110
n0679411000001198.jpg,n06794110
n0679411000001199.jpg,n06794110
n0679411000001201.jpg,n06794110
n0679411000001202.jpg,n06794110
n0679411000001203.jpg,n06794110
n0679411000001205.jpg,n06794110
n0679411000001206.jpg,n06794110
n0679411000001208.jpg,n06794110
n0679411000001209.jpg,n06794110
n0679411000001211.jpg,n06794110
n0679411000001212.jpg,n06794110
n0679411000001215.jpg,n06794110
n0679411000001218.jpg,n06794110
n0679411000001219.jpg,n06794110
n0679411000001220.jpg,n06794110
n0679411000001221.jpg,n06794110
n0679411000001222.jpg,n06794110
n0679411000001223.jpg,n06794110
n0679411000001224.jpg,n06794110
n0679411000001225.jpg,n06794110
n0679411000001226.jpg,n06794110
n0679411000001227.jpg,n06794110
n0679411000001234.jpg,n06794110
n0679411000001238.jpg,n06794110
n0679411000001239.jpg,n06794110
n0679411000001242.jpg,n06794110
n0679411000001243.jpg,n06794110
n0679411000001245.jpg,n06794110
n0679411000001247.jpg,n06794110
n0679411000001250.jpg,n06794110
n0679411000001254.jpg,n06794110
n0679411000001256.jpg,n06794110
n0679411000001257.jpg,n06794110
n0679411000001262.jpg,n06794110
n0679411000001264.jpg,n06794110
n0679411000001265.jpg,n06794110
n0679411000001266.jpg,n06794110
n0679411000001267.jpg,n06794110
n0679411000001268.jpg,n06794110
n0679411000001272.jpg,n06794110
n0679411000001276.jpg,n06794110
n0679411000001278.jpg,n06794110
n0679411000001282.jpg,n06794110
n0679411000001284.jpg,n06794110
n0679411000001286.jpg,n06794110
n0679411000001288.jpg,n06794110
n0679411000001289.jpg,n06794110
n0679411000001291.jpg,n06794110
n0679411000001294.jpg,n06794110
n0679411000001295.jpg,n06794110
n0679411000001296.jpg,n06794110
n0679411000001297.jpg,n06794110
n0679411000001299.jpg,n06794110
n0679411000001300.jpg,n06794110
n0306224500000002.jpg,n03062245
n0306224500000003.jpg,n03062245
n0306224500000004.jpg,n03062245
n0306224500000008.jpg,n03062245
n0306224500000012.jpg,n03062245
n0306224500000013.jpg,n03062245
n0306224500000014.jpg,n03062245
n0306224500000016.jpg,n03062245
n0306224500000018.jpg,n03062245
n0306224500000021.jpg,n03062245
n0306224500000022.jpg,n03062245
n0306224500000024.jpg,n03062245
n0306224500000025.jpg,n03062245
n0306224500000028.jpg,n03062245
n0306224500000029.jpg,n03062245
n0306224500000031.jpg,n03062245
n0306224500000032.jpg,n03062245
n0306224500000033.jpg,n03062245
n0306224500000037.jpg,n03062245
n0306224500000039.jpg,n03062245
n0306224500000040.jpg,n03062245
n0306224500000042.jpg,n03062245
n0306224500000044.jpg,n03062245
n0306224500000048.jpg,n03062245
n0306224500000050.jpg,n03062245
n0306224500000051.jpg,n03062245
n0306224500000060.jpg,n03062245
n0306224500000061.jpg,n03062245
n0306224500000063.jpg,n03062245
n0306224500000065.jpg,n03062245
n0306224500000069.jpg,n03062245
n0306224500000070.jpg,n03062245
n0306224500000071.jpg,n03062245
n0306224500000073.jpg,n03062245
n0306224500000075.jpg,n03062245
n0306224500000077.jpg,n03062245
n0306224500000080.jpg,n03062245
n0306224500000081.jpg,n03062245
n0306224500000084.jpg,n03062245
n0306224500000085.jpg,n03062245
n0306224500000088.jpg,n03062245
n0306224500000089.jpg,n03062245
n0306224500000090.jpg,n03062245
n0306224500000091.jpg,n03062245
n0306224500000092.jpg,n03062245
n0306224500000094.jpg,n03062245
n0306224500000096.jpg,n03062245
n0306224500000097.jpg,n03062245
n0306224500000098.jpg,n03062245
n0306224500000099.jpg,n03062245
n0306224500000100.jpg,n03062245
n0306224500000102.jpg,n03062245
n0306224500000103.jpg,n03062245
n0306224500000104.jpg,n03062245
n0306224500000105.jpg,n03062245
n0306224500000107.jpg,n03062245
n0306224500000108.jpg,n03062245
n0306224500000113.jpg,n03062245
n0306224500000114.jpg,n03062245
n0306224500000116.jpg,n03062245
n0306224500000118.jpg,n03062245
n0306224500000119.jpg,n03062245
n0306224500000121.jpg,n03062245
n0306224500000123.jpg,n03062245
n0306224500000125.jpg,n03062245
n0306224500000128.jpg,n03062245
n0306224500000131.jpg,n03062245
n0306224500000134.jpg,n03062245
n0306224500000135.jpg,n03062245
n0306224500000137.jpg,n03062245
n0306224500000140.jpg,n03062245
n0306224500000141.jpg,n03062245
n0306224500000142.jpg,n03062245
n0306224500000144.jpg,n03062245
n0306224500000145.jpg,n03062245
n0306224500000148.jpg,n03062245
n0306224500000150.jpg,n03062245
n0306224500000153.jpg,n03062245
n0306224500000154.jpg,n03062245
n0306224500000159.jpg,n03062245
n0306224500000160.jpg,n03062245
n0306224500000162.jpg,n03062245
n0306224500000165.jpg,n03062245
n0306224500000166.jpg,n03062245
n0306224500000167.jpg,n03062245
n0306224500000168.jpg,n03062245
n0306224500000169.jpg,n03062245
n0306224500000170.jpg,n03062245
n0306224500000174.jpg,n03062245
n0306224500000175.jpg,n03062245
n0306224500000177.jpg,n03062245
n0306224500000182.jpg,n03062245
n0306224500000186.jpg,n03062245
n0306224500000189.jpg,n03062245
n0306224500000190.jpg,n03062245
n0306224500000191.jpg,n03062245
n0306224500000193.jpg,n03062245
n0306224500000195.jpg,n03062245
n0306224500000196.jpg,n03062245
n0306224500000197.jpg,n03062245
n0306224500000200.jpg,n03062245
n0306224500000201.jpg,n03062245
n0306224500000203.jpg,n03062245
n0306224500000209.jpg,n03062245
n0306224500000211.jpg,n03062245
n0306224500000212.jpg,n03062245
n0306224500000213.jpg,n03062245
n0306224500000214.jpg,n03062245
n0306224500000215.jpg,n03062245
n0306224500000216.jpg,n03062245
n0306224500000217.jpg,n03062245
n0306224500000219.jpg,n03062245
n0306224500000221.jpg,n03062245
n0306224500000223.jpg,n03062245
n0306224500000224.jpg,n03062245
n0306224500000228.jpg,n03062245
n0306224500000230.jpg,n03062245
n0306224500000234.jpg,n03062245
n0306224500000235.jpg,n03062245
n0306224500000237.jpg,n03062245
n0306224500000239.jpg,n03062245
n0306224500000240.jpg,n03062245
n0306224500000244.jpg,n03062245
n0306224500000245.jpg,n03062245
n0306224500000252.jpg,n03062245
n0306224500000256.jpg,n03062245
n0306224500000257.jpg,n03062245
n0306224500000258.jpg,n03062245
n0306224500000262.jpg,n03062245
n0306224500000264.jpg,n03062245
n0306224500000265.jpg,n03062245
n0306224500000266.jpg,n03062245
n0306224500000267.jpg,n03062245
n0306224500000271.jpg,n03062245
n0306224500000272.jpg,n03062245
n0306224500000273.jpg,n03062245
n0306224500000274.jpg,n03062245
n0306224500000275.jpg,n03062245
n0306224500000277.jpg,n03062245
n0306224500000279.jpg,n03062245
n0306224500000283.jpg,n03062245
n0306224500000284.jpg,n03062245
n0306224500000286.jpg,n03062245
n0306224500000288.jpg,n03062245
n0306224500000290.jpg,n03062245
n0306224500000291.jpg,n03062245
n0306224500000293.jpg,n03062245
n0306224500000294.jpg,n03062245
n0306224500000295.jpg,n03062245
n0306224500000296.jpg,n03062245
n0306224500000299.jpg,n03062245
n0306224500000300.jpg,n03062245
n0306224500000302.jpg,n03062245
n0306224500000303.jpg,n03062245
n0306224500000304.jpg,n03062245
n0306224500000305.jpg,n03062245
n0306224500000308.jpg,n03062245
n0306224500000309.jpg,n03062245
n0306224500000312.jpg,n03062245
n0306224500000313.jpg,n03062245
n0306224500000314.jpg,n03062245
n0306224500000315.jpg,n03062245
n0306224500000316.jpg,n03062245
n0306224500000317.jpg,n03062245
n0306224500000318.jpg,n03062245
n0306224500000319.jpg,n03062245
n0306224500000320.jpg,n03062245
n0306224500000321.jpg,n03062245
n0306224500000322.jpg,n03062245
n0306224500000325.jpg,n03062245
n0306224500000327.jpg,n03062245
n0306224500000329.jpg,n03062245
n0306224500000330.jpg,n03062245
n0306224500000331.jpg,n03062245
n0306224500000332.jpg,n03062245
n0306224500000335.jpg,n03062245
n0306224500000336.jpg,n03062245
n0306224500000337.jpg,n03062245
n0306224500000338.jpg,n03062245
n0306224500000340.jpg,n03062245
n0306224500000342.jpg,n03062245
n0306224500000344.jpg,n03062245
n0306224500000345.jpg,n03062245
n0306224500000346.jpg,n03062245
n0306224500000347.jpg,n03062245
n0306224500000353.jpg,n03062245
n0306224500000354.jpg,n03062245
n0306224500000355.jpg,n03062245
n0306224500000362.jpg,n03062245
n0306224500000363.jpg,n03062245
n0306224500000365.jpg,n03062245
n0306224500000367.jpg,n03062245
n0306224500000368.jpg,n03062245
n0306224500000370.jpg,n03062245
n0306224500000371.jpg,n03062245
n0306224500000376.jpg,n03062245
n0306224500000378.jpg,n03062245
n0306224500000380.jpg,n03062245
n0306224500000383.jpg,n03062245
n0306224500000384.jpg,n03062245
n0306224500000386.jpg,n03062245
n0306224500000388.jpg,n03062245
n0306224500000393.jpg,n03062245
n0306224500000394.jpg,n03062245
n0306224500000397.jpg,n03062245
n0306224500000402.jpg,n03062245
n0306224500000405.jpg,n03062245
n0306224500000408.jpg,n03062245
n0306224500000409.jpg,n03062245
n0306224500000410.jpg,n03062245
n0306224500000414.jpg,n03062245
n0306224500000415.jpg,n03062245
n0306224500000416.jpg,n03062245
n0306224500000418.jpg,n03062245
n0306224500000420.jpg,n03062245
n0306224500000421.jpg,n03062245
n0306224500000422.jpg,n03062245
n0306224500000426.jpg,n03062245
n0306224500000429.jpg,n03062245
n0306224500000430.jpg,n03062245
n0306224500000437.jpg,n03062245
n0306224500000439.jpg,n03062245
n0306224500000445.jpg,n03062245
n0306224500000447.jpg,n03062245
n0306224500000448.jpg,n03062245
n0306224500000451.jpg,n03062245
n0306224500000453.jpg,n03062245
n0306224500000454.jpg,n03062245
n0306224500000456.jpg,n03062245
n0306224500000457.jpg,n03062245
n0306224500000458.jpg,n03062245
n0306224500000459.jpg,n03062245
n0306224500000466.jpg,n03062245
n0306224500000467.jpg,n03062245
n0306224500000468.jpg,n03062245
n0306224500000471.jpg,n03062245
n0306224500000474.jpg,n03062245
n0306224500000475.jpg,n03062245
n0306224500000477.jpg,n03062245
n0306224500000478.jpg,n03062245
n0306224500000479.jpg,n03062245
n0306224500000481.jpg,n03062245
n0306224500000486.jpg,n03062245
n0306224500000487.jpg,n03062245
n0306224500000488.jpg,n03062245
n0306224500000489.jpg,n03062245
n0306224500000490.jpg,n03062245
n0306224500000491.jpg,n03062245
n0306224500000493.jpg,n03062245
n0306224500000494.jpg,n03062245
n0306224500000498.jpg,n03062245
n0306224500000499.jpg,n03062245
n0306224500000501.jpg,n03062245
n0306224500000502.jpg,n03062245
n0306224500000503.jpg,n03062245
n0306224500000505.jpg,n03062245
n0306224500000506.jpg,n03062245
n0306224500000509.jpg,n03062245
n0306224500000511.jpg,n03062245
n0306224500000517.jpg,n03062245
n0306224500000519.jpg,n03062245
n0306224500000520.jpg,n03062245
n0306224500000521.jpg,n03062245
n0306224500000522.jpg,n03062245
n0306224500000523.jpg,n03062245
n0306224500000525.jpg,n03062245
n0306224500000526.jpg,n03062245
n0306224500000527.jpg,n03062245
n0306224500000530.jpg,n03062245
n0306224500000531.jpg,n03062245
n0306224500000532.jpg,n03062245
n0306224500000533.jpg,n03062245
n0306224500000536.jpg,n03062245
n0306224500000537.jpg,n03062245
n0306224500000538.jpg,n03062245
n0306224500000539.jpg,n03062245
n0306224500000541.jpg,n03062245
n0306224500000544.jpg,n03062245
n0306224500000546.jpg,n03062245
n0306224500000547.jpg,n03062245
n0306224500000548.jpg,n03062245
n0306224500000551.jpg,n03062245
n0306224500000552.jpg,n03062245
n0306224500000553.jpg,n03062245
n0306224500000557.jpg,n03062245
n0306224500000558.jpg,n03062245
n0306224500000559.jpg,n03062245
n0306224500000560.jpg,n03062245
n0306224500000562.jpg,n03062245
n0306224500000563.jpg,n03062245
n0306224500000565.jpg,n03062245
n0306224500000567.jpg,n03062245
n0306224500000570.jpg,n03062245
n0306224500000571.jpg,n03062245
n0306224500000573.jpg,n03062245
n0306224500000574.jpg,n03062245
n0306224500000576.jpg,n03062245
n0306224500000581.jpg,n03062245
n0306224500000582.jpg,n03062245
n0306224500000583.jpg,n03062245
n0306224500000584.jpg,n03062245
n0306224500000586.jpg,n03062245
n0306224500000587.jpg,n03062245
n0306224500000588.jpg,n03062245
n0306224500000590.jpg,n03062245
n0306224500000591.jpg,n03062245
n0306224500000592.jpg,n03062245
n0306224500000596.jpg,n03062245
n0306224500000597.jpg,n03062245
n0306224500000600.jpg,n03062245
n0306224500000602.jpg,n03062245
n0306224500000604.jpg,n03062245
n0306224500000606.jpg,n03062245
n0306224500000610.jpg,n03062245
n0306224500000612.jpg,n03062245
n0306224500000613.jpg,n03062245
n0306224500000614.jpg,n03062245
n0306224500000615.jpg,n03062245
n0306224500000616.jpg,n03062245
n0306224500000617.jpg,n03062245
n0306224500000618.jpg,n03062245
n0306224500000620.jpg,n03062245
n0306224500000621.jpg,n03062245
n0306224500000622.jpg,n03062245
n0306224500000623.jpg,n03062245
n0306224500000624.jpg,n03062245
n0306224500000626.jpg,n03062245
n0306224500000628.jpg,n03062245
n0306224500000629.jpg,n03062245
n0306224500000631.jpg,n03062245
n0306224500000637.jpg,n03062245
n0306224500000638.jpg,n03062245
n0306224500000639.jpg,n03062245
n0306224500000640.jpg,n03062245
n0306224500000642.jpg,n03062245
n0306224500000643.jpg,n03062245
n0306224500000646.jpg,n03062245
n0306224500000648.jpg,n03062245
n0306224500000649.jpg,n03062245
n0306224500000653.jpg,n03062245
n0306224500000656.jpg,n03062245
n0306224500000657.jpg,n03062245
n0306224500000660.jpg,n03062245
n0306224500000663.jpg,n03062245
n0306224500000664.jpg,n03062245
n0306224500000665.jpg,n03062245
n0306224500000666.jpg,n03062245
n0306224500000667.jpg,n03062245
n0306224500000669.jpg,n03062245
n0306224500000670.jpg,n03062245
n0306224500000671.jpg,n03062245
n0306224500000675.jpg,n03062245
n0306224500000679.jpg,n03062245
n0306224500000680.jpg,n03062245
n0306224500000681.jpg,n03062245
n0306224500000682.jpg,n03062245
n0306224500000686.jpg,n03062245
n0306224500000688.jpg,n03062245
n0306224500000689.jpg,n03062245
n0306224500000691.jpg,n03062245
n0306224500000692.jpg,n03062245
n0306224500000694.jpg,n03062245
n0306224500000696.jpg,n03062245
n0306224500000699.jpg,n03062245
n0306224500000700.jpg,n03062245
n0306224500000701.jpg,n03062245
n0306224500000703.jpg,n03062245
n0306224500000705.jpg,n03062245
n0306224500000707.jpg,n03062245
n0306224500000708.jpg,n03062245
n0306224500000710.jpg,n03062245
n0306224500000711.jpg,n03062245
n0306224500000713.jpg,n03062245
n0306224500000714.jpg,n03062245
n0306224500000716.jpg,n03062245
n0306224500000717.jpg,n03062245
n0306224500000718.jpg,n03062245
n0306224500000721.jpg,n03062245
n0306224500000723.jpg,n03062245
n0306224500000725.jpg,n03062245
n0306224500000728.jpg,n03062245
n0306224500000729.jpg,n03062245
n0306224500000730.jpg,n03062245
n0306224500000735.jpg,n03062245
n0306224500000737.jpg,n03062245
n0306224500000741.jpg,n03062245
n0306224500000743.jpg,n03062245
n0306224500000747.jpg,n03062245
n0306224500000748.jpg,n03062245
n0306224500000752.jpg,n03062245
n0306224500000753.jpg,n03062245
n0306224500000754.jpg,n03062245
n0306224500000760.jpg,n03062245
n0306224500000764.jpg,n03062245
n0306224500000766.jpg,n03062245
n0306224500000770.jpg,n03062245
n0306224500000771.jpg,n03062245
n0306224500000773.jpg,n03062245
n0306224500000774.jpg,n03062245
n0306224500000775.jpg,n03062245
n0306224500000776.jpg,n03062245
n0306224500000779.jpg,n03062245
n0306224500000781.jpg,n03062245
n0306224500000782.jpg,n03062245
n0306224500000783.jpg,n03062245
n0306224500000789.jpg,n03062245
n0306224500000793.jpg,n03062245
n0306224500000794.jpg,n03062245
n0306224500000796.jpg,n03062245
n0306224500000797.jpg,n03062245
n0306224500000799.jpg,n03062245
n0306224500000801.jpg,n03062245
n0306224500000802.jpg,n03062245
n0306224500000807.jpg,n03062245
n0306224500000808.jpg,n03062245
n0306224500000809.jpg,n03062245
n0306224500000810.jpg,n03062245
n0306224500000811.jpg,n03062245
n0306224500000812.jpg,n03062245
n0306224500000815.jpg,n03062245
n0306224500000816.jpg,n03062245
n0306224500000817.jpg,n03062245
n0306224500000818.jpg,n03062245
n0306224500000819.jpg,n03062245
n0306224500000824.jpg,n03062245
n0306224500000825.jpg,n03062245
n0306224500000828.jpg,n03062245
n0306224500000830.jpg,n03062245
n0306224500000831.jpg,n03062245
n0306224500000832.jpg,n03062245
n0306224500000834.jpg,n03062245
n0306224500000838.jpg,n03062245
n0306224500000839.jpg,n03062245
n0306224500000840.jpg,n03062245
n0306224500000841.jpg,n03062245
n0306224500000842.jpg,n03062245
n0306224500000845.jpg,n03062245
n0306224500000847.jpg,n03062245
n0306224500000848.jpg,n03062245
n0306224500000849.jpg,n03062245
n0306224500000850.jpg,n03062245
n0306224500000853.jpg,n03062245
n0306224500000856.jpg,n03062245
n0306224500000858.jpg,n03062245
n0306224500000859.jpg,n03062245
n0306224500000861.jpg,n03062245
n0306224500000862.jpg,n03062245
n0306224500000865.jpg,n03062245
n0306224500000867.jpg,n03062245
n0306224500000868.jpg,n03062245
n0306224500000870.jpg,n03062245
n0306224500000871.jpg,n03062245
n0306224500000872.jpg,n03062245
n0306224500000877.jpg,n03062245
n0306224500000878.jpg,n03062245
n0306224500000879.jpg,n03062245
n0306224500000882.jpg,n03062245
n0306224500000883.jpg,n03062245
n0306224500000888.jpg,n03062245
n0306224500000889.jpg,n03062245
n0306224500000890.jpg,n03062245
n0306224500000891.jpg,n03062245
n0306224500000893.jpg,n03062245
n0306224500000896.jpg,n03062245
n0306224500000897.jpg,n03062245
n0306224500000898.jpg,n03062245
n0306224500000900.jpg,n03062245
n0306224500000901.jpg,n03062245
n0306224500000904.jpg,n03062245
n0306224500000905.jpg,n03062245
n0306224500000906.jpg,n03062245
n0306224500000907.jpg,n03062245
n0306224500000908.jpg,n03062245
n0306224500000909.jpg,n03062245
n0306224500000911.jpg,n03062245
n0306224500000913.jpg,n03062245
n0306224500000914.jpg,n03062245
n0306224500000915.jpg,n03062245
n0306224500000916.jpg,n03062245
n0306224500000917.jpg,n03062245
n0306224500000919.jpg,n03062245
n0306224500000921.jpg,n03062245
n0306224500000924.jpg,n03062245
n0306224500000929.jpg,n03062245
n0306224500000931.jpg,n03062245
n0306224500000932.jpg,n03062245
n0306224500000933.jpg,n03062245
n0306224500000935.jpg,n03062245
n0306224500000936.jpg,n03062245
n0306224500000939.jpg,n03062245
n0306224500000942.jpg,n03062245
n0306224500000943.jpg,n03062245
n0306224500000944.jpg,n03062245
n0306224500000946.jpg,n03062245
n0306224500000948.jpg,n03062245
n0306224500000950.jpg,n03062245
n0306224500000951.jpg,n03062245
n0306224500000954.jpg,n03062245
n0306224500000955.jpg,n03062245
n0306224500000956.jpg,n03062245
n0306224500000960.jpg,n03062245
n0306224500000962.jpg,n03062245
n0306224500000963.jpg,n03062245
n0306224500000964.jpg,n03062245
n0306224500000968.jpg,n03062245
n0306224500000969.jpg,n03062245
n0306224500000970.jpg,n03062245
n0306224500000971.jpg,n03062245
n0306224500000972.jpg,n03062245
n0306224500000973.jpg,n03062245
n0306224500000974.jpg,n03062245
n0306224500000975.jpg,n03062245
n0306224500000976.jpg,n03062245
n0306224500000979.jpg,n03062245
n0306224500000980.jpg,n03062245
n0306224500000981.jpg,n03062245
n0306224500000982.jpg,n03062245
n0306224500000983.jpg,n03062245
n0306224500000984.jpg,n03062245
n0306224500000986.jpg,n03062245
n0306224500000991.jpg,n03062245
n0306224500000992.jpg,n03062245
n0306224500000994.jpg,n03062245
n0306224500000995.jpg,n03062245
n0306224500000999.jpg,n03062245
n0306224500001000.jpg,n03062245
n0306224500001004.jpg,n03062245
n0306224500001005.jpg,n03062245
n0306224500001009.jpg,n03062245
n0306224500001010.jpg,n03062245
n0306224500001011.jpg,n03062245
n0306224500001017.jpg,n03062245
n0306224500001020.jpg,n03062245
n0306224500001029.jpg,n03062245
n0306224500001031.jpg,n03062245
n0306224500001032.jpg,n03062245
n0306224500001034.jpg,n03062245
n0306224500001035.jpg,n03062245
n0306224500001037.jpg,n03062245
n0306224500001039.jpg,n03062245
n0306224500001041.jpg,n03062245
n0306224500001043.jpg,n03062245
n0306224500001044.jpg,n03062245
n0306224500001045.jpg,n03062245
n0306224500001046.jpg,n03062245
n0306224500001047.jpg,n03062245
n0306224500001050.jpg,n03062245
n0306224500001051.jpg,n03062245
n0306224500001052.jpg,n03062245
n0306224500001055.jpg,n03062245
n0306224500001058.jpg,n03062245
n0306224500001060.jpg,n03062245
n0306224500001061.jpg,n03062245
n0306224500001064.jpg,n03062245
n0306224500001067.jpg,n03062245
n0306224500001069.jpg,n03062245
n0306224500001071.jpg,n03062245
n0306224500001072.jpg,n03062245
n0306224500001074.jpg,n03062245
n0306224500001075.jpg,n03062245
n0306224500001081.jpg,n03062245
n0306224500001082.jpg,n03062245
n0306224500001083.jpg,n03062245
n0306224500001084.jpg,n03062245
n0306224500001085.jpg,n03062245
n0306224500001090.jpg,n03062245
n0306224500001092.jpg,n03062245
n0306224500001093.jpg,n03062245
n0306224500001098.jpg,n03062245
n0306224500001099.jpg,n03062245
n0306224500001100.jpg,n03062245
n0306224500001103.jpg,n03062245
n0306224500001106.jpg,n03062245
n0306224500001107.jpg,n03062245
n0306224500001108.jpg,n03062245
n0306224500001109.jpg,n03062245
n0306224500001110.jpg,n03062245
n0306224500001111.jpg,n03062245
n0306224500001112.jpg,n03062245
n0306224500001114.jpg,n03062245
n0306224500001116.jpg,n03062245
n0306224500001118.jpg,n03062245
n0306224500001120.jpg,n03062245
n0306224500001121.jpg,n03062245
n0306224500001122.jpg,n03062245
n0306224500001123.jpg,n03062245
n0306224500001131.jpg,n03062245
n0306224500001132.jpg,n03062245
n0306224500001133.jpg,n03062245
n0306224500001134.jpg,n03062245
n0306224500001135.jpg,n03062245
n0306224500001139.jpg,n03062245
n0306224500001140.jpg,n03062245
n0306224500001143.jpg,n03062245
n0306224500001146.jpg,n03062245
n0306224500001147.jpg,n03062245
n0306224500001150.jpg,n03062245
n0306224500001152.jpg,n03062245
n0306224500001153.jpg,n03062245
n0306224500001154.jpg,n03062245
n0260605200000001.jpg,n02606052
n0260605200000005.jpg,n02606052
n0260605200000008.jpg,n02606052
n0260605200000011.jpg,n02606052
n0260605200000012.jpg,n02606052
n0260605200000015.jpg,n02606052
n0260605200000016.jpg,n02606052
n0260605200000017.jpg,n02606052
n0260605200000018.jpg,n02606052
n0260605200000021.jpg,n02606052
n0260605200000023.jpg,n02606052
n0260605200000025.jpg,n02606052
n0260605200000026.jpg,n02606052
n0260605200000028.jpg,n02606052
n0260605200000029.jpg,n02606052
n0260605200000030.jpg,n02606052
n0260605200000031.jpg,n02606052
n0260605200000032.jpg,n02606052
n0260605200000033.jpg,n02606052
n0260605200000034.jpg,n02606052
n0260605200000036.jpg,n02606052
n0260605200000038.jpg,n02606052
n0260605200000039.jpg,n02606052
n0260605200000040.jpg,n02606052
n0260605200000041.jpg,n02606052
n0260605200000043.jpg,n02606052
n0260605200000044.jpg,n02606052
n0260605200000045.jpg,n02606052
n0260605200000048.jpg,n02606052
n0260605200000049.jpg,n02606052
n0260605200000050.jpg,n02606052
n0260605200000052.jpg,n02606052
n0260605200000053.jpg,n02606052
n0260605200000058.jpg,n02606052
n0260605200000059.jpg,n02606052
n0260605200000061.jpg,n02606052
n0260605200000062.jpg,n02606052
n0260605200000063.jpg,n02606052
n0260605200000065.jpg,n02606052
n0260605200000066.jpg,n02606052
n0260605200000067.jpg,n02606052
n0260605200000070.jpg,n02606052
n0260605200000071.jpg,n02606052
n0260605200000073.jpg,n02606052
n0260605200000074.jpg,n02606052
n0260605200000077.jpg,n02606052
n0260605200000078.jpg,n02606052
n0260605200000079.jpg,n02606052
n0260605200000080.jpg,n02606052
n0260605200000081.jpg,n02606052
n0260605200000082.jpg,n02606052
n0260605200000083.jpg,n02606052
n0260605200000084.jpg,n02606052
n0260605200000085.jpg,n02606052
n0260605200000086.jpg,n02606052
n0260605200000087.jpg,n02606052
n0260605200000088.jpg,n02606052
n0260605200000089.jpg,n02606052
n0260605200000091.jpg,n02606052
n0260605200000092.jpg,n02606052
n0260605200000093.jpg,n02606052
n0260605200000094.jpg,n02606052
n0260605200000096.jpg,n02606052
n0260605200000097.jpg,n02606052
n0260605200000098.jpg,n02606052
n0260605200000099.jpg,n02606052
n0260605200000100.jpg,n02606052
n0260605200000101.jpg,n02606052
n0260605200000102.jpg,n02606052
n0260605200000103.jpg,n02606052
n0260605200000107.jpg,n02606052
n0260605200000108.jpg,n02606052
n0260605200000109.jpg,n02606052
n0260605200000110.jpg,n02606052
n0260605200000112.jpg,n02606052
n0260605200000113.jpg,n02606052
n0260605200000114.jpg,n02606052
n0260605200000119.jpg,n02606052
n0260605200000120.jpg,n02606052
n0260605200000122.jpg,n02606052
n0260605200000125.jpg,n02606052
n0260605200000126.jpg,n02606052
n0260605200000128.jpg,n02606052
n0260605200000130.jpg,n02606052
n0260605200000132.jpg,n02606052
n0260605200000133.jpg,n02606052
n0260605200000136.jpg,n02606052
n0260605200000137.jpg,n02606052
n0260605200000138.jpg,n02606052
n0260605200000139.jpg,n02606052
n0260605200000140.jpg,n02606052
n0260605200000141.jpg,n02606052
n0260605200000142.jpg,n02606052
n0260605200000143.jpg,n02606052
n0260605200000144.jpg,n02606052
n0260605200000145.jpg,n02606052
n0260605200000146.jpg,n02606052
n0260605200000147.jpg,n02606052
n0260605200000148.jpg,n02606052
n0260605200000154.jpg,n02606052
n0260605200000155.jpg,n02606052
n0260605200000156.jpg,n02606052
n0260605200000158.jpg,n02606052
n0260605200000159.jpg,n02606052
n0260605200000161.jpg,n02606052
n0260605200000162.jpg,n02606052
n0260605200000163.jpg,n02606052
n0260605200000165.jpg,n02606052
n0260605200000166.jpg,n02606052
n0260605200000167.jpg,n02606052
n0260605200000168.jpg,n02606052
n0260605200000169.jpg,n02606052
n0260605200000173.jpg,n02606052
n0260605200000176.jpg,n02606052
n0260605200000177.jpg,n02606052
n0260605200000178.jpg,n02606052
n0260605200000179.jpg,n02606052
n0260605200000182.jpg,n02606052
n0260605200000183.jpg,n02606052
n0260605200000184.jpg,n02606052
n0260605200000185.jpg,n02606052
n0260605200000186.jpg,n02606052
n0260605200000187.jpg,n02606052
n0260605200000188.jpg,n02606052
n0260605200000192.jpg,n02606052
n0260605200000194.jpg,n02606052
n0260605200000195.jpg,n02606052
n0260605200000196.jpg,n02606052
n0260605200000197.jpg,n02606052
n0260605200000199.jpg,n02606052
n0260605200000200.jpg,n02606052
n0260605200000202.jpg,n02606052
n0260605200000203.jpg,n02606052
n0260605200000204.jpg,n02606052
n0260605200000205.jpg,n02606052
n0260605200000207.jpg,n02606052
n0260605200000208.jpg,n02606052
n0260605200000209.jpg,n02606052
n0260605200000211.jpg,n02606052
n0260605200000212.jpg,n02606052
n0260605200000213.jpg,n02606052
n0260605200000214.jpg,n02606052
n0260605200000215.jpg,n02606052
n0260605200000216.jpg,n02606052
n0260605200000218.jpg,n02606052
n0260605200000223.jpg,n02606052
n0260605200000224.jpg,n02606052
n0260605200000225.jpg,n02606052
n0260605200000226.jpg,n02606052
n0260605200000227.jpg,n02606052
n0260605200000228.jpg,n02606052
n0260605200000229.jpg,n02606052
n0260605200000230.jpg,n02606052
n0260605200000232.jpg,n02606052
n0260605200000236.jpg,n02606052
n0260605200000237.jpg,n02606052
n0260605200000239.jpg,n02606052
n0260605200000241.jpg,n02606052
n0260605200000243.jpg,n02606052
n0260605200000244.jpg,n02606052
n0260605200000245.jpg,n02606052
n0260605200000247.jpg,n02606052
n0260605200000248.jpg,n02606052
n0260605200000249.jpg,n02606052
n0260605200000251.jpg,n02606052
n0260605200000252.jpg,n02606052
n0260605200000254.jpg,n02606052
n0260605200000257.jpg,n02606052
n0260605200000260.jpg,n02606052
n0260605200000261.jpg,n02606052
n0260605200000262.jpg,n02606052
n0260605200000263.jpg,n02606052
n0260605200000264.jpg,n02606052
n0260605200000266.jpg,n02606052
n0260605200000268.jpg,n02606052
n0260605200000269.jpg,n02606052
n0260605200000272.jpg,n02606052
n0260605200000275.jpg,n02606052
n0260605200000276.jpg,n02606052
n0260605200000280.jpg,n02606052
n0260605200000281.jpg,n02606052
n0260605200000285.jpg,n02606052
n0260605200000288.jpg,n02606052
n0260605200000290.jpg,n02606052
n0260605200000291.jpg,n02606052
n0260605200000292.jpg,n02606052
n0260605200000293.jpg,n02606052
n0260605200000298.jpg,n02606052
n0260605200000299.jpg,n02606052
n0260605200000301.jpg,n02606052
n0260605200000303.jpg,n02606052
n0260605200000304.jpg,n02606052
n0260605200000307.jpg,n02606052
n0260605200000309.jpg,n02606052
n0260605200000310.jpg,n02606052
n0260605200000312.jpg,n02606052
n0260605200000315.jpg,n02606052
n0260605200000320.jpg,n02606052
n0260605200000321.jpg,n02606052
n0260605200000323.jpg,n02606052
n0260605200000324.jpg,n02606052
n0260605200000325.jpg,n02606052
n0260605200000326.jpg,n02606052
n0260605200000327.jpg,n02606052
n0260605200000328.jpg,n02606052
n0260605200000329.jpg,n02606052
n0260605200000330.jpg,n02606052
n0260605200000332.jpg,n02606052
n0260605200000335.jpg,n02606052
n0260605200000338.jpg,n02606052
n0260605200000339.jpg,n02606052
n0260605200000340.jpg,n02606052
n0260605200000341.jpg,n02606052
n0260605200000343.jpg,n02606052
n0260605200000344.jpg,n02606052
n0260605200000345.jpg,n02606052
n0260605200000346.jpg,n02606052
n0260605200000347.jpg,n02606052
n0260605200000351.jpg,n02606052
n0260605200000352.jpg,n02606052
n0260605200000353.jpg,n02606052
n0260605200000355.jpg,n02606052
n0260605200000358.jpg,n02606052
n0260605200000359.jpg,n02606052
n0260605200000360.jpg,n02606052
n0260605200000361.jpg,n02606052
n0260605200000364.jpg,n02606052
n0260605200000367.jpg,n02606052
n0260605200000368.jpg,n02606052
n0260605200000369.jpg,n02606052
n0260605200000370.jpg,n02606052
n0260605200000371.jpg,n02606052
n0260605200000374.jpg,n02606052
n0260605200000375.jpg,n02606052
n0260605200000376.jpg,n02606052
n0260605200000377.jpg,n02606052
n0260605200000379.jpg,n02606052
n0260605200000382.jpg,n02606052
n0260605200000384.jpg,n02606052
n0260605200000385.jpg,n02606052
n0260605200000386.jpg,n02606052
n0260605200000387.jpg,n02606052
n0260605200000389.jpg,n02606052
n0260605200000390.jpg,n02606052
n0260605200000392.jpg,n02606052
n0260605200000393.jpg,n02606052
n0260605200000394.jpg,n02606052
n0260605200000395.jpg,n02606052
n0260605200000396.jpg,n02606052
n0260605200000399.jpg,n02606052
n0260605200000400.jpg,n02606052
n0260605200000401.jpg,n02606052
n0260605200000402.jpg,n02606052
n0260605200000404.jpg,n02606052
n0260605200000405.jpg,n02606052
n0260605200000406.jpg,n02606052
n0260605200000408.jpg,n02606052
n0260605200000410.jpg,n02606052
n0260605200000411.jpg,n02606052
n0260605200000414.jpg,n02606052
n0260605200000416.jpg,n02606052
n0260605200000417.jpg,n02606052
n0260605200000418.jpg,n02606052
n0260605200000420.jpg,n02606052
n0260605200000421.jpg,n02606052
n0260605200000422.jpg,n02606052
n0260605200000423.jpg,n02606052
n0260605200000426.jpg,n02606052
n0260605200000427.jpg,n02606052
n0260605200000428.jpg,n02606052
n0260605200000429.jpg,n02606052
n0260605200000430.jpg,n02606052
n0260605200000433.jpg,n02606052
n0260605200000435.jpg,n02606052
n0260605200000436.jpg,n02606052
n0260605200000437.jpg,n02606052
n0260605200000438.jpg,n02606052
n0260605200000440.jpg,n02606052
n0260605200000441.jpg,n02606052
n0260605200000442.jpg,n02606052
n0260605200000443.jpg,n02606052
n0260605200000445.jpg,n02606052
n0260605200000448.jpg,n02606052
n0260605200000450.jpg,n02606052
n0260605200000451.jpg,n02606052
n0260605200000456.jpg,n02606052
n0260605200000457.jpg,n02606052
n0260605200000460.jpg,n02606052
n0260605200000461.jpg,n02606052
n0260605200000463.jpg,n02606052
n0260605200000465.jpg,n02606052
n0260605200000466.jpg,n02606052
n0260605200000467.jpg,n02606052
n0260605200000470.jpg,n02606052
n0260605200000471.jpg,n02606052
n0260605200000472.jpg,n02606052
n0260605200000473.jpg,n02606052
n0260605200000475.jpg,n02606052
n0260605200000476.jpg,n02606052
n0260605200000478.jpg,n02606052
n0260605200000479.jpg,n02606052
n0260605200000480.jpg,n02606052
n0260605200000482.jpg,n02606052
n0260605200000483.jpg,n02606052
n0260605200000484.jpg,n02606052
n0260605200000486.jpg,n02606052
n0260605200000488.jpg,n02606052
n0260605200000489.jpg,n02606052
n0260605200000490.jpg,n02606052
n0260605200000491.jpg,n02606052
n0260605200000492.jpg,n02606052
n0260605200000493.jpg,n02606052
n0260605200000495.jpg,n02606052
n0260605200000497.jpg,n02606052
n0260605200000498.jpg,n02606052
n0260605200000499.jpg,n02606052
n0260605200000501.jpg,n02606052
n0260605200000502.jpg,n02606052
n0260605200000505.jpg,n02606052
n0260605200000506.jpg,n02606052
n0260605200000507.jpg,n02606052
n0260605200000508.jpg,n02606052
n0260605200000510.jpg,n02606052
n0260605200000511.jpg,n02606052
n0260605200000512.jpg,n02606052
n0260605200000513.jpg,n02606052
n0260605200000514.jpg,n02606052
n0260605200000515.jpg,n02606052
n0260605200000516.jpg,n02606052
n0260605200000517.jpg,n02606052
n0260605200000518.jpg,n02606052
n0260605200000519.jpg,n02606052
n0260605200000520.jpg,n02606052
n0260605200000526.jpg,n02606052
n0260605200000527.jpg,n02606052
n0260605200000529.jpg,n02606052
n0260605200000530.jpg,n02606052
n0260605200000532.jpg,n02606052
n0260605200000535.jpg,n02606052
n0260605200000536.jpg,n02606052
n0260605200000538.jpg,n02606052
n0260605200000539.jpg,n02606052
n0260605200000541.jpg,n02606052
n0260605200000542.jpg,n02606052
n0260605200000544.jpg,n02606052
n0260605200000545.jpg,n02606052
n0260605200000546.jpg,n02606052
n0260605200000548.jpg,n02606052
n0260605200000550.jpg,n02606052
n0260605200000552.jpg,n02606052
n0260605200000553.jpg,n02606052
n0260605200000554.jpg,n02606052
n0260605200000555.jpg,n02606052
n0260605200000556.jpg,n02606052
n0260605200000560.jpg,n02606052
n0260605200000561.jpg,n02606052
n0260605200000563.jpg,n02606052
n0260605200000564.jpg,n02606052
n0260605200000568.jpg,n02606052
n0260605200000569.jpg,n02606052
n0260605200000570.jpg,n02606052
n0260605200000571.jpg,n02606052
n0260605200000572.jpg,n02606052
n0260605200000573.jpg,n02606052
n0260605200000574.jpg,n02606052
n0260605200000575.jpg,n02606052
n0260605200000576.jpg,n02606052
n0260605200000578.jpg,n02606052
n0260605200000579.jpg,n02606052
n0260605200000580.jpg,n02606052
n0260605200000581.jpg,n02606052
n0260605200000587.jpg,n02606052
n0260605200000589.jpg,n02606052
n0260605200000590.jpg,n02606052
n0260605200000593.jpg,n02606052
n0260605200000594.jpg,n02606052
n0260605200000598.jpg,n02606052
n0260605200000604.jpg,n02606052
n0260605200000606.jpg,n02606052
n0260605200000609.jpg,n02606052
n0260605200000612.jpg,n02606052
n0260605200000616.jpg,n02606052
n0260605200000619.jpg,n02606052
n0260605200000620.jpg,n02606052
n0260605200000624.jpg,n02606052
n0260605200000625.jpg,n02606052
n0260605200000626.jpg,n02606052
n0260605200000627.jpg,n02606052
n0260605200000628.jpg,n02606052
n0260605200000629.jpg,n02606052
n0260605200000630.jpg,n02606052
n0260605200000631.jpg,n02606052
n0260605200000633.jpg,n02606052
n0260605200000635.jpg,n02606052
n0260605200000637.jpg,n02606052
n0260605200000638.jpg,n02606052
n0260605200000639.jpg,n02606052
n0260605200000640.jpg,n02606052
n0260605200000642.jpg,n02606052
n0260605200000643.jpg,n02606052
n0260605200000644.jpg,n02606052
n0260605200000645.jpg,n02606052
n0260605200000646.jpg,n02606052
n0260605200000648.jpg,n02606052
n0260605200000652.jpg,n02606052
n0260605200000656.jpg,n02606052
n0260605200000658.jpg,n02606052
n0260605200000659.jpg,n02606052
n0260605200000661.jpg,n02606052
n0260605200000662.jpg,n02606052
n0260605200000667.jpg,n02606052
n0260605200000670.jpg,n02606052
n0260605200000671.jpg,n02606052
n0260605200000674.jpg,n02606052
n0260605200000676.jpg,n02606052
n0260605200000677.jpg,n02606052
n0260605200000678.jpg,n02606052
n0260605200000680.jpg,n02606052
n0260605200000682.jpg,n02606052
n0260605200000684.jpg,n02606052
n0260605200000685.jpg,n02606052
n0260605200000687.jpg,n02606052
n0260605200000690.jpg,n02606052
n0260605200000692.jpg,n02606052
n0260605200000693.jpg,n02606052
n0260605200000694.jpg,n02606052
n0260605200000695.jpg,n02606052
n0260605200000700.jpg,n02606052
n0260605200000701.jpg,n02606052
n0260605200000703.jpg,n02606052
n0260605200000706.jpg,n02606052
n0260605200000707.jpg,n02606052
n0260605200000710.jpg,n02606052
n0260605200000715.jpg,n02606052
n0260605200000716.jpg,n02606052
n0260605200000717.jpg,n02606052
n0260605200000718.jpg,n02606052
n0260605200000719.jpg,n02606052
n0260605200000721.jpg,n02606052
n0260605200000722.jpg,n02606052
n0260605200000723.jpg,n02606052
n0260605200000725.jpg,n02606052
n0260605200000727.jpg,n02606052
n0260605200000728.jpg,n02606052
n0260605200000729.jpg,n02606052
n0260605200000730.jpg,n02606052
n0260605200000732.jpg,n02606052
n0260605200000734.jpg,n02606052
n0260605200000735.jpg,n02606052
n0260605200000736.jpg,n02606052
n0260605200000737.jpg,n02606052
n0260605200000738.jpg,n02606052
n0260605200000740.jpg,n02606052
n0260605200000743.jpg,n02606052
n0260605200000747.jpg,n02606052
n0260605200000748.jpg,n02606052
n0260605200000749.jpg,n02606052
n0260605200000751.jpg,n02606052
n0260605200000752.jpg,n02606052
n0260605200000753.jpg,n02606052
n0260605200000756.jpg,n02606052
n0260605200000758.jpg,n02606052
n0260605200000760.jpg,n02606052
n0260605200000761.jpg,n02606052
n0260605200000764.jpg,n02606052
n0260605200000765.jpg,n02606052
n0260605200000766.jpg,n02606052
n0260605200000767.jpg,n02606052
n0260605200000768.jpg,n02606052
n0260605200000769.jpg,n02606052
n0260605200000770.jpg,n02606052
n0260605200000771.jpg,n02606052
n0260605200000773.jpg,n02606052
n0260605200000777.jpg,n02606052
n0260605200000778.jpg,n02606052
n0260605200000780.jpg,n02606052
n0260605200000783.jpg,n02606052
n0260605200000784.jpg,n02606052
n0260605200000785.jpg,n02606052
n0260605200000786.jpg,n02606052
n0260605200000787.jpg,n02606052
n0260605200000788.jpg,n02606052
n0260605200000789.jpg,n02606052
n0260605200000790.jpg,n02606052
n0260605200000791.jpg,n02606052
n0260605200000792.jpg,n02606052
n0260605200000793.jpg,n02606052
n0260605200000797.jpg,n02606052
n0260605200000798.jpg,n02606052
n0260605200000799.jpg,n02606052
n0260605200000800.jpg,n02606052
n0260605200000801.jpg,n02606052
n0260605200000804.jpg,n02606052
n0260605200000805.jpg,n02606052
n0260605200000808.jpg,n02606052
n0260605200000810.jpg,n02606052
n0260605200000812.jpg,n02606052
n0260605200000813.jpg,n02606052
n0260605200000815.jpg,n02606052
n0260605200000817.jpg,n02606052
n0260605200000819.jpg,n02606052
n0260605200000821.jpg,n02606052
n0260605200000822.jpg,n02606052
n0260605200000823.jpg,n02606052
n0260605200000824.jpg,n02606052
n0260605200000827.jpg,n02606052
n0260605200000828.jpg,n02606052
n0260605200000829.jpg,n02606052
n0260605200000831.jpg,n02606052
n0260605200000832.jpg,n02606052
n0260605200000834.jpg,n02606052
n0260605200000835.jpg,n02606052
n0260605200000836.jpg,n02606052
n0260605200000837.jpg,n02606052
n0260605200000838.jpg,n02606052
n0260605200000840.jpg,n02606052
n0260605200000843.jpg,n02606052
n0260605200000844.jpg,n02606052
n0260605200000846.jpg,n02606052
n0260605200000847.jpg,n02606052
n0260605200000848.jpg,n02606052
n0260605200000849.jpg,n02606052
n0260605200000850.jpg,n02606052
n0260605200000851.jpg,n02606052
n0260605200000852.jpg,n02606052
n0260605200000853.jpg,n02606052
n0260605200000854.jpg,n02606052
n0260605200000855.jpg,n02606052
n0260605200000857.jpg,n02606052
n0260605200000858.jpg,n02606052
n0260605200000859.jpg,n02606052
n0260605200000861.jpg,n02606052
n0260605200000863.jpg,n02606052
n0260605200000866.jpg,n02606052
n0260605200000867.jpg,n02606052
n0260605200000869.jpg,n02606052
n0260605200000873.jpg,n02606052
n0260605200000874.jpg,n02606052
n0260605200000877.jpg,n02606052
n0260605200000878.jpg,n02606052
n0260605200000879.jpg,n02606052
n0260605200000881.jpg,n02606052
n0260605200000882.jpg,n02606052
n0260605200000883.jpg,n02606052
n0260605200000884.jpg,n02606052
n0260605200000887.jpg,n02606052
n0260605200000888.jpg,n02606052
n0260605200000889.jpg,n02606052
n0260605200000891.jpg,n02606052
n0260605200000893.jpg,n02606052
n0260605200000894.jpg,n02606052
n0260605200000895.jpg,n02606052
n0260605200000898.jpg,n02606052
n0260605200000900.jpg,n02606052
n0260605200000901.jpg,n02606052
n0260605200000902.jpg,n02606052
n0260605200000903.jpg,n02606052
n0260605200000905.jpg,n02606052
n0260605200000907.jpg,n02606052
n0260605200000910.jpg,n02606052
n0260605200000911.jpg,n02606052
n0260605200000914.jpg,n02606052
n0260605200000915.jpg,n02606052
n0260605200000916.jpg,n02606052
n0260605200000918.jpg,n02606052
n0260605200000919.jpg,n02606052
n0260605200000921.jpg,n02606052
n0260605200000922.jpg,n02606052
n0260605200000923.jpg,n02606052
n0260605200000924.jpg,n02606052
n0260605200000925.jpg,n02606052
n0260605200000927.jpg,n02606052
n0260605200000928.jpg,n02606052
n0260605200000929.jpg,n02606052
n0260605200000930.jpg,n02606052
n0260605200000932.jpg,n02606052
n0260605200000934.jpg,n02606052
n0260605200000935.jpg,n02606052
n0260605200000937.jpg,n02606052
n0260605200000939.jpg,n02606052
n0260605200000940.jpg,n02606052
n0260605200000942.jpg,n02606052
n0260605200000943.jpg,n02606052
n0260605200000945.jpg,n02606052
n0260605200000946.jpg,n02606052
n0260605200000947.jpg,n02606052
n0260605200000948.jpg,n02606052
n0260605200000949.jpg,n02606052
n0260605200000950.jpg,n02606052
n0260605200000953.jpg,n02606052
n0260605200000954.jpg,n02606052
n0260605200000955.jpg,n02606052
n0260605200000957.jpg,n02606052
n0260605200000958.jpg,n02606052
n0260605200000959.jpg,n02606052
n0260605200000960.jpg,n02606052
n0260605200000962.jpg,n02606052
n0260605200000964.jpg,n02606052
n0260605200000965.jpg,n02606052
n0260605200000966.jpg,n02606052
n0390861800000002.jpg,n03908618
n0390861800000005.jpg,n03908618
n0390861800000006.jpg,n03908618
n0390861800000008.jpg,n03908618
n0390861800000009.jpg,n03908618
n0390861800000010.jpg,n03908618
n0390861800000011.jpg,n03908618
n0390861800000012.jpg,n03908618
n0390861800000013.jpg,n03908618
n0390861800000014.jpg,n03908618
n0390861800000015.jpg,n03908618
n0390861800000018.jpg,n03908618
n0390861800000019.jpg,n03908618
n0390861800000022.jpg,n03908618
n0390861800000024.jpg,n03908618
n0390861800000032.jpg,n03908618
n0390861800000033.jpg,n03908618
n0390861800000034.jpg,n03908618
n0390861800000035.jpg,n03908618
n0390861800000037.jpg,n03908618
n0390861800000042.jpg,n03908618
n0390861800000045.jpg,n03908618
n0390861800000049.jpg,n03908618
n0390861800000051.jpg,n03908618
n0390861800000053.jpg,n03908618
n0390861800000055.jpg,n03908618
n0390861800000057.jpg,n03908618
n0390861800000060.jpg,n03908618
n0390861800000067.jpg,n03908618
n0390861800000068.jpg,n03908618
n0390861800000070.jpg,n03908618
n0390861800000072.jpg,n03908618
n0390861800000073.jpg,n03908618
n0390861800000075.jpg,n03908618
n0390861800000077.jpg,n03908618
n0390861800000078.jpg,n03908618
n0390861800000079.jpg,n03908618
n0390861800000080.jpg,n03908618
n0390861800000082.jpg,n03908618
n0390861800000083.jpg,n03908618
n0390861800000087.jpg,n03908618
n0390861800000088.jpg,n03908618
n0390861800000089.jpg,n03908618
n0390861800000090.jpg,n03908618
n0390861800000094.jpg,n03908618
n0390861800000100.jpg,n03908618
n0390861800000102.jpg,n03908618
n0390861800000103.jpg,n03908618
n0390861800000106.jpg,n03908618
n0390861800000108.jpg,n03908618
n0390861800000109.jpg,n03908618
n0390861800000111.jpg,n03908618
n0390861800000115.jpg,n03908618
n0390861800000117.jpg,n03908618
n0390861800000120.jpg,n03908618
n0390861800000122.jpg,n03908618
n0390861800000125.jpg,n03908618
n0390861800000127.jpg,n03908618
n0390861800000129.jpg,n03908618
n0390861800000131.jpg,n03908618
n0390861800000134.jpg,n03908618
n0390861800000136.jpg,n03908618
n0390861800000137.jpg,n03908618
n0390861800000139.jpg,n03908618
n0390861800000143.jpg,n03908618
n0390861800000145.jpg,n03908618
n0390861800000147.jpg,n03908618
n0390861800000148.jpg,n03908618
n0390861800000153.jpg,n03908618
n0390861800000154.jpg,n03908618
n0390861800000155.jpg,n03908618
n0390861800000156.jpg,n03908618
n0390861800000161.jpg,n03908618
n0390861800000162.jpg,n03908618
n0390861800000163.jpg,n03908618
n0390861800000165.jpg,n03908618
n0390861800000168.jpg,n03908618
n0390861800000169.jpg,n03908618
n0390861800000170.jpg,n03908618
n0390861800000171.jpg,n03908618
n0390861800000173.jpg,n03908618
n0390861800000175.jpg,n03908618
n0390861800000176.jpg,n03908618
n0390861800000177.jpg,n03908618
n0390861800000178.jpg,n03908618
n0390861800000179.jpg,n03908618
n0390861800000181.jpg,n03908618
n0390861800000182.jpg,n03908618
n0390861800000183.jpg,n03908618
n0390861800000187.jpg,n03908618
n0390861800000189.jpg,n03908618
n0390861800000190.jpg,n03908618
n0390861800000193.jpg,n03908618
n0390861800000194.jpg,n03908618
n0390861800000197.jpg,n03908618
n0390861800000202.jpg,n03908618
n0390861800000203.jpg,n03908618
n0390861800000207.jpg,n03908618
n0390861800000211.jpg,n03908618
n0390861800000213.jpg,n03908618
n0390861800000214.jpg,n03908618
n0390861800000216.jpg,n03908618
n0390861800000220.jpg,n03908618
n0390861800000222.jpg,n03908618
n0390861800000223.jpg,n03908618
n0390861800000224.jpg,n03908618
n0390861800000225.jpg,n03908618
n0390861800000239.jpg,n03908618
n0390861800000241.jpg,n03908618
n0390861800000242.jpg,n03908618
n0390861800000243.jpg,n03908618
n0390861800000244.jpg,n03908618
n0390861800000246.jpg,n03908618
n0390861800000247.jpg,n03908618
n0390861800000251.jpg,n03908618
n0390861800000252.jpg,n03908618
n0390861800000253.jpg,n03908618
n0390861800000254.jpg,n03908618
n0390861800000255.jpg,n03908618
n0390861800000256.jpg,n03908618
n0390861800000257.jpg,n03908618
n0390861800000258.jpg,n03908618
n0390861800000259.jpg,n03908618
n0390861800000260.jpg,n03908618
n0390861800000267.jpg,n03908618
n0390861800000272.jpg,n03908618
n0390861800000273.jpg,n03908618
n0390861800000278.jpg,n03908618
n0390861800000279.jpg,n03908618
n0390861800000280.jpg,n03908618
n0390861800000283.jpg,n03908618
n0390861800000286.jpg,n03908618
n0390861800000287.jpg,n03908618
n0390861800000291.jpg,n03908618
n0390861800000293.jpg,n03908618
n0390861800000294.jpg,n03908618
n0390861800000295.jpg,n03908618
n0390861800000297.jpg,n03908618
n0390861800000300.jpg,n03908618
n0390861800000301.jpg,n03908618
n0390861800000308.jpg,n03908618
n0390861800000309.jpg,n03908618
n0390861800000310.jpg,n03908618
n0390861800000311.jpg,n03908618
n0390861800000314.jpg,n03908618
n0390861800000315.jpg,n03908618
n0390861800000316.jpg,n03908618
n0390861800000317.jpg,n03908618
n0390861800000323.jpg,n03908618
n0390861800000324.jpg,n03908618
n0390861800000325.jpg,n03908618
n0390861800000326.jpg,n03908618
n0390861800000334.jpg,n03908618
n0390861800000335.jpg,n03908618
n0390861800000337.jpg,n03908618
n0390861800000339.jpg,n03908618
n0390861800000341.jpg,n03908618
n0390861800000342.jpg,n03908618
n0390861800000344.jpg,n03908618
n0390861800000345.jpg,n03908618
n0390861800000349.jpg,n03908618
n0390861800000354.jpg,n03908618
n0390861800000355.jpg,n03908618
n0390861800000356.jpg,n03908618
n0390861800000362.jpg,n03908618
n0390861800000365.jpg,n03908618
n0390861800000366.jpg,n03908618
n0390861800000367.jpg,n03908618
n0390861800000368.jpg,n03908618
n0390861800000372.jpg,n03908618
n0390861800000374.jpg,n03908618
n0390861800000375.jpg,n03908618
n0390861800000376.jpg,n03908618
n0390861800000377.jpg,n03908618
n0390861800000379.jpg,n03908618
n0390861800000380.jpg,n03908618
n0390861800000381.jpg,n03908618
n0390861800000383.jpg,n03908618
n0390861800000385.jpg,n03908618
n0390861800000389.jpg,n03908618
n0390861800000391.jpg,n03908618
n0390861800000396.jpg,n03908618
n0390861800000397.jpg,n03908618
n0390861800000400.jpg,n03908618
n0390861800000401.jpg,n03908618
n0390861800000403.jpg,n03908618
n0390861800000404.jpg,n03908618
n0390861800000405.jpg,n03908618
n0390861800000406.jpg,n03908618
n0390861800000408.jpg,n03908618
n0390861800000410.jpg,n03908618
n0390861800000411.jpg,n03908618
n0390861800000412.jpg,n03908618
n0390861800000413.jpg,n03908618
n0390861800000415.jpg,n03908618
n0390861800000416.jpg,n03908618
n0390861800000417.jpg,n03908618
n0390861800000427.jpg,n03908618
n0390861800000428.jpg,n03908618
n0390861800000429.jpg,n03908618
n0390861800000430.jpg,n03908618
n0390861800000431.jpg,n03908618
n0390861800000433.jpg,n03908618
n0390861800000434.jpg,n03908618
n0390861800000435.jpg,n03908618
n0390861800000437.jpg,n03908618
n0390861800000441.jpg,n03908618
n0390861800000442.jpg,n03908618
n0390861800000444.jpg,n03908618
n0390861800000447.jpg,n03908618
n0390861800000448.jpg,n03908618
n0390861800000451.jpg,n03908618
n0390861800000452.jpg,n03908618
n0390861800000453.jpg,n03908618
n0390861800000455.jpg,n03908618
n0390861800000456.jpg,n03908618
n0390861800000459.jpg,n03908618
n0390861800000460.jpg,n03908618
n0390861800000462.jpg,n03908618
n0390861800000463.jpg,n03908618
n0390861800000466.jpg,n03908618
n0390861800000469.jpg,n03908618
n0390861800000470.jpg,n03908618
n0390861800000473.jpg,n03908618
n0390861800000479.jpg,n03908618
n0390861800000480.jpg,n03908618
n0390861800000481.jpg,n03908618
n0390861800000482.jpg,n03908618
n0390861800000484.jpg,n03908618
n0390861800000485.jpg,n03908618
n0390861800000486.jpg,n03908618
n0390861800000487.jpg,n03908618
n0390861800000489.jpg,n03908618
n0390861800000490.jpg,n03908618
n0390861800000492.jpg,n03908618
n0390861800000493.jpg,n03908618
n0390861800000494.jpg,n03908618
n0390861800000496.jpg,n03908618
n0390861800000499.jpg,n03908618
n0390861800000505.jpg,n03908618
n0390861800000508.jpg,n03908618
n0390861800000512.jpg,n03908618
n0390861800000513.jpg,n03908618
n0390861800000514.jpg,n03908618
n0390861800000515.jpg,n03908618
n0390861800000517.jpg,n03908618
n0390861800000518.jpg,n03908618
n0390861800000519.jpg,n03908618
n0390861800000520.jpg,n03908618
n0390861800000526.jpg,n03908618
n0390861800000527.jpg,n03908618
n0390861800000528.jpg,n03908618
n0390861800000529.jpg,n03908618
n0390861800000530.jpg,n03908618
n0390861800000533.jpg,n03908618
n0390861800000534.jpg,n03908618
n0390861800000535.jpg,n03908618
n0390861800000536.jpg,n03908618
n0390861800000537.jpg,n03908618
n0390861800000538.jpg,n03908618
n0390861800000540.jpg,n03908618
n0390861800000542.jpg,n03908618
n0390861800000543.jpg,n03908618
n0390861800000544.jpg,n03908618
n0390861800000546.jpg,n03908618
n0390861800000547.jpg,n03908618
n0390861800000550.jpg,n03908618
n0390861800000553.jpg,n03908618
n0390861800000554.jpg,n03908618
n0390861800000557.jpg,n03908618
n0390861800000559.jpg,n03908618
n0390861800000560.jpg,n03908618
n0390861800000562.jpg,n03908618
n0390861800000564.jpg,n03908618
n0390861800000566.jpg,n03908618
n0390861800000567.jpg,n03908618
n0390861800000569.jpg,n03908618
n0390861800000570.jpg,n03908618
n0390861800000572.jpg,n03908618
n0390861800000574.jpg,n03908618
n0390861800000576.jpg,n03908618
n0390861800000579.jpg,n03908618
n0390861800000582.jpg,n03908618
n0390861800000583.jpg,n03908618
n0390861800000585.jpg,n03908618
n0390861800000587.jpg,n03908618
n0390861800000589.jpg,n03908618
n0390861800000590.jpg,n03908618
n0390861800000594.jpg,n03908618
n0390861800000595.jpg,n03908618
n0390861800000597.jpg,n03908618
n0390861800000602.jpg,n03908618
n0390861800000603.jpg,n03908618
n0390861800000604.jpg,n03908618
n0390861800000605.jpg,n03908618
n0390861800000608.jpg,n03908618
n0390861800000610.jpg,n03908618
n0390861800000612.jpg,n03908618
n0390861800000615.jpg,n03908618
n0390861800000616.jpg,n03908618
n0390861800000619.jpg,n03908618
n0390861800000623.jpg,n03908618
n0390861800000625.jpg,n03908618
n0390861800000627.jpg,n03908618
n0390861800000629.jpg,n03908618
n0390861800000631.jpg,n03908618
n0390861800000634.jpg,n03908618
n0390861800000639.jpg,n03908618
n0390861800000640.jpg,n03908618
n0390861800000643.jpg,n03908618
n0390861800000644.jpg,n03908618
n0390861800000646.jpg,n03908618
n0390861800000647.jpg,n03908618
n0390861800000652.jpg,n03908618
n0390861800000654.jpg,n03908618
n0390861800000656.jpg,n03908618
n0390861800000657.jpg,n03908618
n0390861800000661.jpg,n03908618
n0390861800000668.jpg,n03908618
n0390861800000670.jpg,n03908618
n0390861800000672.jpg,n03908618
n0390861800000674.jpg,n03908618
n0390861800000675.jpg,n03908618
n0390861800000677.jpg,n03908618
n0390861800000684.jpg,n03908618
n0390861800000685.jpg,n03908618
n0390861800000686.jpg,n03908618
n0390861800000687.jpg,n03908618
n0390861800000689.jpg,n03908618
n0390861800000691.jpg,n03908618
n0390861800000694.jpg,n03908618
n0390861800000695.jpg,n03908618
n0390861800000696.jpg,n03908618
n0390861800000701.jpg,n03908618
n0390861800000706.jpg,n03908618
n0390861800000710.jpg,n03908618
n0390861800000712.jpg,n03908618
n0390861800000713.jpg,n03908618
n0390861800000714.jpg,n03908618
n0390861800000718.jpg,n03908618
n0390861800000720.jpg,n03908618
n0390861800000726.jpg,n03908618
n0390861800000727.jpg,n03908618
n0390861800000728.jpg,n03908618
n0390861800000729.jpg,n03908618
n0390861800000734.jpg,n03908618
n0390861800000735.jpg,n03908618
n0390861800000736.jpg,n03908618
n0390861800000738.jpg,n03908618
n0390861800000740.jpg,n03908618
n0390861800000741.jpg,n03908618
n0390861800000743.jpg,n03908618
n0390861800000744.jpg,n03908618
n0390861800000745.jpg,n03908618
n0390861800000748.jpg,n03908618
n0390861800000750.jpg,n03908618
n0390861800000754.jpg,n03908618
n0390861800000755.jpg,n03908618
n0390861800000756.jpg,n03908618
n0390861800000758.jpg,n03908618
n0390861800000759.jpg,n03908618
n0390861800000760.jpg,n03908618
n0390861800000762.jpg,n03908618
n0390861800000764.jpg,n03908618
n0390861800000766.jpg,n03908618
n0390861800000767.jpg,n03908618
n0390861800000770.jpg,n03908618
n0390861800000771.jpg,n03908618
n0390861800000773.jpg,n03908618
n0390861800000775.jpg,n03908618
n0390861800000778.jpg,n03908618
n0390861800000779.jpg,n03908618
n0390861800000780.jpg,n03908618
n0390861800000781.jpg,n03908618
n0390861800000785.jpg,n03908618
n0390861800000788.jpg,n03908618
n0390861800000789.jpg,n03908618
n0390861800000790.jpg,n03908618
n0390861800000792.jpg,n03908618
n0390861800000793.jpg,n03908618
n0390861800000795.jpg,n03908618
n0390861800000798.jpg,n03908618
n0390861800000799.jpg,n03908618
n0390861800000800.jpg,n03908618
n0390861800000801.jpg,n03908618
n0390861800000804.jpg,n03908618
n0390861800000805.jpg,n03908618
n0390861800000806.jpg,n03908618
n0390861800000807.jpg,n03908618
n0390861800000811.jpg,n03908618
n0390861800000812.jpg,n03908618
n0390861800000813.jpg,n03908618
n0390861800000814.jpg,n03908618
n0390861800000816.jpg,n03908618
n0390861800000821.jpg,n03908618
n0390861800000822.jpg,n03908618
n0390861800000823.jpg,n03908618
n0390861800000824.jpg,n03908618
n0390861800000826.jpg,n03908618
n0390861800000828.jpg,n03908618
n0390861800000829.jpg,n03908618
n0390861800000832.jpg,n03908618
n0390861800000834.jpg,n03908618
n0390861800000835.jpg,n03908618
n0390861800000841.jpg,n03908618
n0390861800000846.jpg,n03908618
n0390861800000847.jpg,n03908618
n0390861800000848.jpg,n03908618
n0390861800000850.jpg,n03908618
n0390861800000851.jpg,n03908618
n0390861800000852.jpg,n03908618
n0390861800000854.jpg,n03908618
n0390861800000855.jpg,n03908618
n0390861800000857.jpg,n03908618
n0390861800000858.jpg,n03908618
n0390861800000860.jpg,n03908618
n0390861800000861.jpg,n03908618
n0390861800000866.jpg,n03908618
n0390861800000868.jpg,n03908618
n0390861800000869.jpg,n03908618
n0390861800000870.jpg,n03908618
n0390861800000871.jpg,n03908618
n0390861800000872.jpg,n03908618
n0390861800000877.jpg,n03908618
n0390861800000878.jpg,n03908618
n0390861800000879.jpg,n03908618
n0390861800000881.jpg,n03908618
n0390861800000882.jpg,n03908618
n0390861800000884.jpg,n03908618
n0390861800000890.jpg,n03908618
n0390861800000891.jpg,n03908618
n0390861800000892.jpg,n03908618
n0390861800000894.jpg,n03908618
n0390861800000899.jpg,n03908618
n0390861800000900.jpg,n03908618
n0390861800000902.jpg,n03908618
n0390861800000903.jpg,n03908618
n0390861800000909.jpg,n03908618
n0390861800000910.jpg,n03908618
n0390861800000915.jpg,n03908618
n0390861800000917.jpg,n03908618
n0390861800000918.jpg,n03908618
n0390861800000920.jpg,n03908618
n0390861800000922.jpg,n03908618
n0390861800000923.jpg,n03908618
n0390861800000924.jpg,n03908618
n0390861800000925.jpg,n03908618
n0390861800000933.jpg,n03908618
n0390861800000938.jpg,n03908618
n0390861800000943.jpg,n03908618
n0390861800000944.jpg,n03908618
n0390861800000947.jpg,n03908618
n0390861800000949.jpg,n03908618
n0390861800000950.jpg,n03908618
n0390861800000955.jpg,n03908618
n0390861800000956.jpg,n03908618
n0390861800000961.jpg,n03908618
n0390861800000962.jpg,n03908618
n0390861800000964.jpg,n03908618
n0390861800000966.jpg,n03908618
n0390861800000969.jpg,n03908618
n0390861800000970.jpg,n03908618
n0390861800000973.jpg,n03908618
n0390861800000974.jpg,n03908618
n0390861800000975.jpg,n03908618
n0390861800000979.jpg,n03908618
n0390861800000980.jpg,n03908618
n0390861800000981.jpg,n03908618
n0390861800000984.jpg,n03908618
n0390861800000986.jpg,n03908618
n0390861800000987.jpg,n03908618
n0390861800000988.jpg,n03908618
n0390861800000991.jpg,n03908618
n0390861800000993.jpg,n03908618
n0390861800000995.jpg,n03908618
n0390861800000998.jpg,n03908618
n0390861800000999.jpg,n03908618
n0390861800001001.jpg,n03908618
n0390861800001004.jpg,n03908618
n0390861800001007.jpg,n03908618
n0390861800001008.jpg,n03908618
n0390861800001013.jpg,n03908618
n0390861800001015.jpg,n03908618
n0390861800001018.jpg,n03908618
n0390861800001019.jpg,n03908618
n0390861800001020.jpg,n03908618
n0390861800001022.jpg,n03908618
n0390861800001023.jpg,n03908618
n0390861800001025.jpg,n03908618
n0390861800001026.jpg,n03908618
n0390861800001034.jpg,n03908618
n0390861800001035.jpg,n03908618
n0390861800001037.jpg,n03908618
n0390861800001038.jpg,n03908618
n0390861800001039.jpg,n03908618
n0390861800001041.jpg,n03908618
n0390861800001043.jpg,n03908618
n0390861800001044.jpg,n03908618
n0390861800001048.jpg,n03908618
n0390861800001051.jpg,n03908618
n0390861800001056.jpg,n03908618
n0390861800001057.jpg,n03908618
n0390861800001062.jpg,n03908618
n0390861800001064.jpg,n03908618
n0390861800001065.jpg,n03908618
n0390861800001068.jpg,n03908618
n0390861800001069.jpg,n03908618
n0390861800001073.jpg,n03908618
n0390861800001074.jpg,n03908618
n0390861800001077.jpg,n03908618
n0390861800001080.jpg,n03908618
n0390861800001082.jpg,n03908618
n0390861800001084.jpg,n03908618
n0390861800001086.jpg,n03908618
n0390861800001087.jpg,n03908618
n0390861800001088.jpg,n03908618
n0390861800001089.jpg,n03908618
n0390861800001090.jpg,n03908618
n0390861800001091.jpg,n03908618
n0390861800001098.jpg,n03908618
n0390861800001099.jpg,n03908618
n0390861800001100.jpg,n03908618
n0390861800001103.jpg,n03908618
n0390861800001105.jpg,n03908618
n0390861800001108.jpg,n03908618
n0390861800001111.jpg,n03908618
n0390861800001113.jpg,n03908618
n0390861800001115.jpg,n03908618
n0390861800001119.jpg,n03908618
n0390861800001120.jpg,n03908618
n0390861800001121.jpg,n03908618
n0390861800001128.jpg,n03908618
n0390861800001129.jpg,n03908618
n0390861800001132.jpg,n03908618
n0390861800001133.jpg,n03908618
n0390861800001134.jpg,n03908618
n0390861800001137.jpg,n03908618
n0390861800001138.jpg,n03908618
n0390861800001139.jpg,n03908618
n0390861800001142.jpg,n03908618
n0390861800001146.jpg,n03908618
n0390861800001147.jpg,n03908618
n0390861800001148.jpg,n03908618
n0390861800001149.jpg,n03908618
n0390861800001155.jpg,n03908618
n0390861800001157.jpg,n03908618
n0390861800001158.jpg,n03908618
n0390861800001165.jpg,n03908618
n0390861800001170.jpg,n03908618
n0390861800001171.jpg,n03908618
n0390861800001174.jpg,n03908618
n0390861800001175.jpg,n03908618
n0390861800001177.jpg,n03908618
n0390861800001178.jpg,n03908618
n0390861800001180.jpg,n03908618
n0390861800001181.jpg,n03908618
n0390861800001183.jpg,n03908618
n0390861800001190.jpg,n03908618
n0390861800001192.jpg,n03908618
n0390861800001195.jpg,n03908618
n0390861800001196.jpg,n03908618
n0390861800001197.jpg,n03908618
n0390861800001204.jpg,n03908618
n0390861800001208.jpg,n03908618
n0390861800001210.jpg,n03908618
n0390861800001217.jpg,n03908618
n0390861800001219.jpg,n03908618
n0390861800001222.jpg,n03908618
n0390861800001223.jpg,n03908618
n0390861800001224.jpg,n03908618
n0390861800001226.jpg,n03908618
n0390861800001229.jpg,n03908618
n0390861800001232.jpg,n03908618
n0390861800001235.jpg,n03908618
n0390861800001236.jpg,n03908618
n0390861800001237.jpg,n03908618
n0390861800001238.jpg,n03908618
n0390861800001242.jpg,n03908618
n0390861800001243.jpg,n03908618
n0390861800001245.jpg,n03908618
n0390861800001248.jpg,n03908618
n0390861800001249.jpg,n03908618
n0390861800001252.jpg,n03908618
n0390861800001255.jpg,n03908618
n0390861800001258.jpg,n03908618
n0390861800001259.jpg,n03908618
n0390861800001260.jpg,n03908618
n0390861800001261.jpg,n03908618
n0390861800001270.jpg,n03908618
n0390861800001277.jpg,n03908618
n0390861800001278.jpg,n03908618
n0390861800001284.jpg,n03908618
n0390861800001286.jpg,n03908618
n0390861800001288.jpg,n03908618
n0390861800001292.jpg,n03908618
n0390861800001294.jpg,n03908618
n0390861800001296.jpg,n03908618
n0390861800001297.jpg,n03908618
n0390861800001299.jpg,n03908618
n0390861800001300.jpg,n03908618
n0177008100000001.jpg,n01770081
n0177008100000002.jpg,n01770081
n0177008100000003.jpg,n01770081
n0177008100000006.jpg,n01770081
n0177008100000010.jpg,n01770081
n0177008100000017.jpg,n01770081
n0177008100000018.jpg,n01770081
n0177008100000019.jpg,n01770081
n0177008100000022.jpg,n01770081
n0177008100000023.jpg,n01770081
n0177008100000025.jpg,n01770081
n0177008100000026.jpg,n01770081
n0177008100000032.jpg,n01770081
n0177008100000035.jpg,n01770081
n0177008100000037.jpg,n01770081
n0177008100000039.jpg,n01770081
n0177008100000043.jpg,n01770081
n0177008100000044.jpg,n01770081
n0177008100000045.jpg,n01770081
n0177008100000046.jpg,n01770081
n0177008100000047.jpg,n01770081
n0177008100000048.jpg,n01770081
n0177008100000050.jpg,n01770081
n0177008100000051.jpg,n01770081
n0177008100000054.jpg,n01770081
n0177008100000057.jpg,n01770081
n0177008100000058.jpg,n01770081
n0177008100000060.jpg,n01770081
n0177008100000063.jpg,n01770081
n0177008100000064.jpg,n01770081
n0177008100000065.jpg,n01770081
n0177008100000067.jpg,n01770081
n0177008100000073.jpg,n01770081
n0177008100000074.jpg,n01770081
n0177008100000075.jpg,n01770081
n0177008100000076.jpg,n01770081
n0177008100000077.jpg,n01770081
n0177008100000079.jpg,n01770081
n0177008100000080.jpg,n01770081
n0177008100000082.jpg,n01770081
n0177008100000083.jpg,n01770081
n0177008100000086.jpg,n01770081
n0177008100000088.jpg,n01770081
n0177008100000089.jpg,n01770081
n0177008100000095.jpg,n01770081
n0177008100000096.jpg,n01770081
n0177008100000097.jpg,n01770081
n0177008100000098.jpg,n01770081
n0177008100000099.jpg,n01770081
n0177008100000100.jpg,n01770081
n0177008100000102.jpg,n01770081
n0177008100000104.jpg,n01770081
n0177008100000105.jpg,n01770081
n0177008100000106.jpg,n01770081
n0177008100000109.jpg,n01770081
n0177008100000114.jpg,n01770081
n0177008100000116.jpg,n01770081
n0177008100000117.jpg,n01770081
n0177008100000120.jpg,n01770081
n0177008100000121.jpg,n01770081
n0177008100000125.jpg,n01770081
n0177008100000129.jpg,n01770081
n0177008100000130.jpg,n01770081
n0177008100000131.jpg,n01770081
n0177008100000136.jpg,n01770081
n0177008100000137.jpg,n01770081
n0177008100000141.jpg,n01770081
n0177008100000144.jpg,n01770081
n0177008100000149.jpg,n01770081
n0177008100000150.jpg,n01770081
n0177008100000153.jpg,n01770081
n0177008100000157.jpg,n01770081
n0177008100000159.jpg,n01770081
n0177008100000161.jpg,n01770081
n0177008100000162.jpg,n01770081
n0177008100000163.jpg,n01770081
n0177008100000166.jpg,n01770081
n0177008100000169.jpg,n01770081
n0177008100000170.jpg,n01770081
n0177008100000172.jpg,n01770081
n0177008100000175.jpg,n01770081
n0177008100000178.jpg,n01770081
n0177008100000180.jpg,n01770081
n0177008100000182.jpg,n01770081
n0177008100000185.jpg,n01770081
n0177008100000186.jpg,n01770081
n0177008100000188.jpg,n01770081
n0177008100000193.jpg,n01770081
n0177008100000195.jpg,n01770081
n0177008100000200.jpg,n01770081
n0177008100000202.jpg,n01770081
n0177008100000207.jpg,n01770081
n0177008100000208.jpg,n01770081
n0177008100000210.jpg,n01770081
n0177008100000214.jpg,n01770081
n0177008100000215.jpg,n01770081
n0177008100000216.jpg,n01770081
n0177008100000218.jpg,n01770081
n0177008100000219.jpg,n01770081
n0177008100000221.jpg,n01770081
n0177008100000222.jpg,n01770081
n0177008100000224.jpg,n01770081
n0177008100000225.jpg,n01770081
n0177008100000227.jpg,n01770081
n0177008100000228.jpg,n01770081
n0177008100000232.jpg,n01770081
n0177008100000233.jpg,n01770081
n0177008100000236.jpg,n01770081
n0177008100000237.jpg,n01770081
n0177008100000240.jpg,n01770081
n0177008100000241.jpg,n01770081
n0177008100000242.jpg,n01770081
n0177008100000243.jpg,n01770081
n0177008100000246.jpg,n01770081
n0177008100000247.jpg,n01770081
n0177008100000249.jpg,n01770081
n0177008100000251.jpg,n01770081
n0177008100000254.jpg,n01770081
n0177008100000255.jpg,n01770081
n0177008100000256.jpg,n01770081
n0177008100000257.jpg,n01770081
n0177008100000259.jpg,n01770081
n0177008100000260.jpg,n01770081
n0177008100000261.jpg,n01770081
n0177008100000273.jpg,n01770081
n0177008100000274.jpg,n01770081
n0177008100000276.jpg,n01770081
n0177008100000277.jpg,n01770081
n0177008100000279.jpg,n01770081
n0177008100000280.jpg,n01770081
n0177008100000281.jpg,n01770081
n0177008100000284.jpg,n01770081
n0177008100000286.jpg,n01770081
n0177008100000292.jpg,n01770081
n0177008100000297.jpg,n01770081
n0177008100000299.jpg,n01770081
n0177008100000303.jpg,n01770081
n0177008100000304.jpg,n01770081
n0177008100000306.jpg,n01770081
n0177008100000308.jpg,n01770081
n0177008100000310.jpg,n01770081
n0177008100000311.jpg,n01770081
n0177008100000312.jpg,n01770081
n0177008100000313.jpg,n01770081
n0177008100000316.jpg,n01770081
n0177008100000322.jpg,n01770081
n0177008100000324.jpg,n01770081
n0177008100000325.jpg,n01770081
n0177008100000332.jpg,n01770081
n0177008100000333.jpg,n01770081
n0177008100000334.jpg,n01770081
n0177008100000336.jpg,n01770081
n0177008100000339.jpg,n01770081
n0177008100000341.jpg,n01770081
n0177008100000342.jpg,n01770081
n0177008100000343.jpg,n01770081
n0177008100000344.jpg,n01770081
n0177008100000345.jpg,n01770081
n0177008100000349.jpg,n01770081
n0177008100000350.jpg,n01770081
n0177008100000351.jpg,n01770081
n0177008100000352.jpg,n01770081
n0177008100000353.jpg,n01770081
n0177008100000354.jpg,n01770081
n0177008100000360.jpg,n01770081
n0177008100000362.jpg,n01770081
n0177008100000363.jpg,n01770081
n0177008100000366.jpg,n01770081
n0177008100000372.jpg,n01770081
n0177008100000373.jpg,n01770081
n0177008100000380.jpg,n01770081
n0177008100000382.jpg,n01770081
n0177008100000383.jpg,n01770081
n0177008100000384.jpg,n01770081
n0177008100000386.jpg,n01770081
n0177008100000388.jpg,n01770081
n0177008100000394.jpg,n01770081
n0177008100000395.jpg,n01770081
n0177008100000398.jpg,n01770081
n0177008100000399.jpg,n01770081
n0177008100000401.jpg,n01770081
n0177008100000402.jpg,n01770081
n0177008100000403.jpg,n01770081
n0177008100000405.jpg,n01770081
n0177008100000406.jpg,n01770081
n0177008100000407.jpg,n01770081
n0177008100000409.jpg,n01770081
n0177008100000410.jpg,n01770081
n0177008100000412.jpg,n01770081
n0177008100000413.jpg,n01770081
n0177008100000414.jpg,n01770081
n0177008100000418.jpg,n01770081
n0177008100000419.jpg,n01770081
n0177008100000422.jpg,n01770081
n0177008100000424.jpg,n01770081
n0177008100000425.jpg,n01770081
n0177008100000426.jpg,n01770081
n0177008100000427.jpg,n01770081
n0177008100000432.jpg,n01770081
n0177008100000434.jpg,n01770081
n0177008100000435.jpg,n01770081
n0177008100000436.jpg,n01770081
n0177008100000438.jpg,n01770081
n0177008100000439.jpg,n01770081
n0177008100000441.jpg,n01770081
n0177008100000444.jpg,n01770081
n0177008100000445.jpg,n01770081
n0177008100000446.jpg,n01770081
n0177008100000448.jpg,n01770081
n0177008100000449.jpg,n01770081
n0177008100000452.jpg,n01770081
n0177008100000453.jpg,n01770081
n0177008100000454.jpg,n01770081
n0177008100000459.jpg,n01770081
n0177008100000464.jpg,n01770081
n0177008100000465.jpg,n01770081
n0177008100000466.jpg,n01770081
n0177008100000474.jpg,n01770081
n0177008100000475.jpg,n01770081
n0177008100000479.jpg,n01770081
n0177008100000483.jpg,n01770081
n0177008100000487.jpg,n01770081
n0177008100000488.jpg,n01770081
n0177008100000490.jpg,n01770081
n0177008100000491.jpg,n01770081
n0177008100000493.jpg,n01770081
n0177008100000498.jpg,n01770081
n0177008100000499.jpg,n01770081
n0177008100000501.jpg,n01770081
n0177008100000503.jpg,n01770081
n0177008100000504.jpg,n01770081
n0177008100000505.jpg,n01770081
n0177008100000509.jpg,n01770081
n0177008100000510.jpg,n01770081
n0177008100000511.jpg,n01770081
n0177008100000513.jpg,n01770081
n0177008100000515.jpg,n01770081
n0177008100000516.jpg,n01770081
n0177008100000518.jpg,n01770081
n0177008100000520.jpg,n01770081
n0177008100000526.jpg,n01770081
n0177008100000527.jpg,n01770081
n0177008100000529.jpg,n01770081
n0177008100000531.jpg,n01770081
n0177008100000534.jpg,n01770081
n0177008100000535.jpg,n01770081
n0177008100000536.jpg,n01770081
n0177008100000538.jpg,n01770081
n0177008100000539.jpg,n01770081
n0177008100000540.jpg,n01770081
n0177008100000543.jpg,n01770081
n0177008100000544.jpg,n01770081
n0177008100000545.jpg,n01770081
n0177008100000546.jpg,n01770081
n0177008100000547.jpg,n01770081
n0177008100000549.jpg,n01770081
n0177008100000551.jpg,n01770081
n0177008100000554.jpg,n01770081
n0177008100000558.jpg,n01770081
n0177008100000560.jpg,n01770081
n0177008100000562.jpg,n01770081
n0177008100000566.jpg,n01770081
n0177008100000570.jpg,n01770081
n0177008100000571.jpg,n01770081
n0177008100000572.jpg,n01770081
n0177008100000573.jpg,n01770081
n0177008100000576.jpg,n01770081
n0177008100000577.jpg,n01770081
n0177008100000580.jpg,n01770081
n0177008100000581.jpg,n01770081
n0177008100000587.jpg,n01770081
n0177008100000588.jpg,n01770081
n0177008100000589.jpg,n01770081
n0177008100000590.jpg,n01770081
n0177008100000592.jpg,n01770081
n0177008100000594.jpg,n01770081
n0177008100000595.jpg,n01770081
n0177008100000597.jpg,n01770081
n0177008100000599.jpg,n01770081
n0177008100000600.jpg,n01770081
n0177008100000601.jpg,n01770081
n0177008100000602.jpg,n01770081
n0177008100000605.jpg,n01770081
n0177008100000606.jpg,n01770081
n0177008100000611.jpg,n01770081
n0177008100000612.jpg,n01770081
n0177008100000613.jpg,n01770081
n0177008100000614.jpg,n01770081
n0177008100000617.jpg,n01770081
n0177008100000618.jpg,n01770081
n0177008100000620.jpg,n01770081
n0177008100000622.jpg,n01770081
n0177008100000623.jpg,n01770081
n0177008100000626.jpg,n01770081
n0177008100000628.jpg,n01770081
n0177008100000631.jpg,n01770081
n0177008100000633.jpg,n01770081
n0177008100000635.jpg,n01770081
n0177008100000640.jpg,n01770081
n0177008100000642.jpg,n01770081
n0177008100000644.jpg,n01770081
n0177008100000648.jpg,n01770081
n0177008100000652.jpg,n01770081
n0177008100000656.jpg,n01770081
n0177008100000658.jpg,n01770081
n0177008100000659.jpg,n01770081
n0177008100000661.jpg,n01770081
n0177008100000662.jpg,n01770081
n0177008100000668.jpg,n01770081
n0177008100000671.jpg,n01770081
n0177008100000674.jpg,n01770081
n0177008100000677.jpg,n01770081
n0177008100000679.jpg,n01770081
n0177008100000680.jpg,n01770081
n0177008100000681.jpg,n01770081
n0177008100000682.jpg,n01770081
n0177008100000683.jpg,n01770081
n0177008100000685.jpg,n01770081
n0177008100000688.jpg,n01770081
n0177008100000689.jpg,n01770081
n0177008100000691.jpg,n01770081
n0177008100000699.jpg,n01770081
n0177008100000700.jpg,n01770081
n0177008100000701.jpg,n01770081
n0177008100000702.jpg,n01770081
n0177008100000703.jpg,n01770081
n0177008100000704.jpg,n01770081
n0177008100000709.jpg,n01770081
n0177008100000711.jpg,n01770081
n0177008100000712.jpg,n01770081
n0177008100000713.jpg,n01770081
n0177008100000715.jpg,n01770081
n0177008100000723.jpg,n01770081
n0177008100000726.jpg,n01770081
n0177008100000731.jpg,n01770081
n0177008100000733.jpg,n01770081
n0177008100000736.jpg,n01770081
n0177008100000737.jpg,n01770081
n0177008100000738.jpg,n01770081
n0177008100000739.jpg,n01770081
n0177008100000740.jpg,n01770081
n0177008100000741.jpg,n01770081
n0177008100000743.jpg,n01770081
n0177008100000744.jpg,n01770081
n0177008100000745.jpg,n01770081
n0177008100000747.jpg,n01770081
n0177008100000748.jpg,n01770081
n0177008100000750.jpg,n01770081
n0177008100000751.jpg,n01770081
n0177008100000752.jpg,n01770081
n0177008100000756.jpg,n01770081
n0177008100000757.jpg,n01770081
n0177008100000758.jpg,n01770081
n0177008100000760.jpg,n01770081
n0177008100000761.jpg,n01770081
n0177008100000762.jpg,n01770081
n0177008100000764.jpg,n01770081
n0177008100000766.jpg,n01770081
n0177008100000767.jpg,n01770081
n0177008100000772.jpg,n01770081
n0177008100000773.jpg,n01770081
n0177008100000774.jpg,n01770081
n0177008100000775.jpg,n01770081
n0177008100000777.jpg,n01770081
n0177008100000778.jpg,n01770081
n0177008100000780.jpg,n01770081
n0177008100000782.jpg,n01770081
n0177008100000785.jpg,n01770081
n0177008100000787.jpg,n01770081
n0177008100000790.jpg,n01770081
n0177008100000791.jpg,n01770081
n0177008100000792.jpg,n01770081
n0177008100000793.jpg,n01770081
n0177008100000794.jpg,n01770081
n0177008100000795.jpg,n01770081
n0177008100000796.jpg,n01770081
n0177008100000798.jpg,n01770081
n0177008100000799.jpg,n01770081
n0177008100000801.jpg,n01770081
n0177008100000803.jpg,n01770081
n0177008100000806.jpg,n01770081
n0177008100000807.jpg,n01770081
n0177008100000808.jpg,n01770081
n0177008100000810.jpg,n01770081
n0177008100000812.jpg,n01770081
n0177008100000815.jpg,n01770081
n0177008100000816.jpg,n01770081
n0177008100000819.jpg,n01770081
n0177008100000820.jpg,n01770081
n0177008100000823.jpg,n01770081
n0177008100000826.jpg,n01770081
n0177008100000828.jpg,n01770081
n0177008100000832.jpg,n01770081
n0177008100000837.jpg,n01770081
n0177008100000840.jpg,n01770081
n0177008100000841.jpg,n01770081
n0177008100000842.jpg,n01770081
n0177008100000844.jpg,n01770081
n0177008100000845.jpg,n01770081
n0177008100000846.jpg,n01770081
n0177008100000847.jpg,n01770081
n0177008100000850.jpg,n01770081
n0177008100000852.jpg,n01770081
n0177008100000854.jpg,n01770081
n0177008100000856.jpg,n01770081
n0177008100000857.jpg,n01770081
n0177008100000859.jpg,n01770081
n0177008100000860.jpg,n01770081
n0177008100000861.jpg,n01770081
n0177008100000862.jpg,n01770081
n0177008100000866.jpg,n01770081
n0177008100000867.jpg,n01770081
n0177008100000869.jpg,n01770081
n0177008100000870.jpg,n01770081
n0177008100000871.jpg,n01770081
n0177008100000875.jpg,n01770081
n0177008100000877.jpg,n01770081
n0177008100000878.jpg,n01770081
n0177008100000879.jpg,n01770081
n0177008100000881.jpg,n01770081
n0177008100000883.jpg,n01770081
n0177008100000884.jpg,n01770081
n0177008100000886.jpg,n01770081
n0177008100000887.jpg,n01770081
n0177008100000888.jpg,n01770081
n0177008100000890.jpg,n01770081
n0177008100000892.jpg,n01770081
n0177008100000893.jpg,n01770081
n0177008100000894.jpg,n01770081
n0177008100000896.jpg,n01770081
n0177008100000897.jpg,n01770081
n0177008100000898.jpg,n01770081
n0177008100000899.jpg,n01770081
n0177008100000900.jpg,n01770081
n0177008100000902.jpg,n01770081
n0177008100000905.jpg,n01770081
n0177008100000907.jpg,n01770081
n0177008100000908.jpg,n01770081
n0177008100000912.jpg,n01770081
n0177008100000913.jpg,n01770081
n0177008100000918.jpg,n01770081
n0177008100000921.jpg,n01770081
n0177008100000922.jpg,n01770081
n0177008100000923.jpg,n01770081
n0177008100000926.jpg,n01770081
n0177008100000929.jpg,n01770081
n0177008100000932.jpg,n01770081
n0177008100000933.jpg,n01770081
n0177008100000937.jpg,n01770081
n0177008100000939.jpg,n01770081
n0177008100000944.jpg,n01770081
n0177008100000949.jpg,n01770081
n0177008100000952.jpg,n01770081
n0177008100000957.jpg,n01770081
n0177008100000961.jpg,n01770081
n0177008100000962.jpg,n01770081
n0177008100000965.jpg,n01770081
n0177008100000970.jpg,n01770081
n0177008100000973.jpg,n01770081
n0177008100000974.jpg,n01770081
n0177008100000977.jpg,n01770081
n0177008100000981.jpg,n01770081
n0177008100000989.jpg,n01770081
n0177008100000992.jpg,n01770081
n0177008100000998.jpg,n01770081
n0177008100000999.jpg,n01770081
n0177008100001000.jpg,n01770081
n0177008100001002.jpg,n01770081
n0177008100001005.jpg,n01770081
n0177008100001014.jpg,n01770081
n0177008100001018.jpg,n01770081
n0177008100001021.jpg,n01770081
n0177008100001022.jpg,n01770081
n0177008100001026.jpg,n01770081
n0177008100001028.jpg,n01770081
n0177008100001032.jpg,n01770081
n0177008100001034.jpg,n01770081
n0177008100001042.jpg,n01770081
n0177008100001043.jpg,n01770081
n0177008100001045.jpg,n01770081
n0177008100001046.jpg,n01770081
n0177008100001047.jpg,n01770081
n0177008100001048.jpg,n01770081
n0177008100001050.jpg,n01770081
n0177008100001052.jpg,n01770081
n0177008100001053.jpg,n01770081
n0177008100001054.jpg,n01770081
n0177008100001055.jpg,n01770081
n0177008100001056.jpg,n01770081
n0177008100001057.jpg,n01770081
n0177008100001058.jpg,n01770081
n0177008100001061.jpg,n01770081
n0177008100001064.jpg,n01770081
n0177008100001065.jpg,n01770081
n0177008100001069.jpg,n01770081
n0177008100001071.jpg,n01770081
n0177008100001074.jpg,n01770081
n0177008100001075.jpg,n01770081
n0177008100001076.jpg,n01770081
n0177008100001078.jpg,n01770081
n0177008100001079.jpg,n01770081
n0177008100001080.jpg,n01770081
n0177008100001082.jpg,n01770081
n0177008100001083.jpg,n01770081
n0177008100001085.jpg,n01770081
n0177008100001086.jpg,n01770081
n0177008100001087.jpg,n01770081
n0177008100001088.jpg,n01770081
n0177008100001092.jpg,n01770081
n0177008100001094.jpg,n01770081
n0177008100001098.jpg,n01770081
n0177008100001099.jpg,n01770081
n0177008100001101.jpg,n01770081
n0177008100001103.jpg,n01770081
n0177008100001104.jpg,n01770081
n0177008100001107.jpg,n01770081
n0177008100001109.jpg,n01770081
n0177008100001112.jpg,n01770081
n0177008100001114.jpg,n01770081
n0177008100001115.jpg,n01770081
n0177008100001116.jpg,n01770081
n0177008100001120.jpg,n01770081
n0177008100001121.jpg,n01770081
n0177008100001126.jpg,n01770081
n0177008100001129.jpg,n01770081
n0177008100001130.jpg,n01770081
n0177008100001131.jpg,n01770081
n0177008100001137.jpg,n01770081
n0177008100001144.jpg,n01770081
n0177008100001150.jpg,n01770081
n0177008100001151.jpg,n01770081
n0177008100001152.jpg,n01770081
n0177008100001153.jpg,n01770081
n0177008100001154.jpg,n01770081
n0177008100001155.jpg,n01770081
n0177008100001156.jpg,n01770081
n0177008100001158.jpg,n01770081
n0177008100001159.jpg,n01770081
n0177008100001160.jpg,n01770081
n0177008100001161.jpg,n01770081
n0177008100001164.jpg,n01770081
n0177008100001170.jpg,n01770081
n0177008100001173.jpg,n01770081
n0177008100001175.jpg,n01770081
n0177008100001178.jpg,n01770081
n0177008100001179.jpg,n01770081
n0177008100001180.jpg,n01770081
n0177008100001181.jpg,n01770081
n0177008100001183.jpg,n01770081
n0177008100001184.jpg,n01770081
n0177008100001187.jpg,n01770081
n0177008100001191.jpg,n01770081
n0177008100001192.jpg,n01770081
n0177008100001196.jpg,n01770081
n0177008100001199.jpg,n01770081
n0177008100001200.jpg,n01770081
n0177008100001202.jpg,n01770081
n0177008100001203.jpg,n01770081
n0177008100001204.jpg,n01770081
n0177008100001207.jpg,n01770081
n0177008100001210.jpg,n01770081
n0177008100001211.jpg,n01770081
n0177008100001212.jpg,n01770081
n0177008100001218.jpg,n01770081
n0177008100001221.jpg,n01770081
n0177008100001223.jpg,n01770081
n0177008100001224.jpg,n01770081
n0177008100001225.jpg,n01770081
n0177008100001227.jpg,n01770081
n0177008100001229.jpg,n01770081
n0177008100001233.jpg,n01770081
n0177008100001235.jpg,n01770081
n0177008100001241.jpg,n01770081
n0177008100001242.jpg,n01770081
n0177008100001245.jpg,n01770081
n0177008100001246.jpg,n01770081
n0177008100001249.jpg,n01770081
n0177008100001250.jpg,n01770081
n0177008100001252.jpg,n01770081
n0177008100001253.jpg,n01770081
n0177008100001255.jpg,n01770081
n0177008100001256.jpg,n01770081
n0177008100001262.jpg,n01770081
n0177008100001266.jpg,n01770081
n0177008100001267.jpg,n01770081
n0177008100001268.jpg,n01770081
n0177008100001277.jpg,n01770081
n0177008100001278.jpg,n01770081
n0177008100001279.jpg,n01770081
n0177008100001281.jpg,n01770081
n0177008100001283.jpg,n01770081
n0177008100001285.jpg,n01770081
n0177008100001288.jpg,n01770081
n0177008100001290.jpg,n01770081
n0177008100001291.jpg,n01770081
n0177008100001292.jpg,n01770081
n0177008100001293.jpg,n01770081
n0177008100001295.jpg,n01770081
n0177008100001299.jpg,n01770081
n0177008100001300.jpg,n01770081
n0461250400000001.jpg,n04612504
n0461250400000006.jpg,n04612504
n0461250400000007.jpg,n04612504
n0461250400000008.jpg,n04612504
n0461250400000011.jpg,n04612504
n0461250400000012.jpg,n04612504
n0461250400000015.jpg,n04612504
n0461250400000017.jpg,n04612504
n0461250400000020.jpg,n04612504
n0461250400000021.jpg,n04612504
n0461250400000022.jpg,n04612504
n0461250400000025.jpg,n04612504
n0461250400000028.jpg,n04612504
n0461250400000029.jpg,n04612504
n0461250400000031.jpg,n04612504
n0461250400000038.jpg,n04612504
n0461250400000040.jpg,n04612504
n0461250400000041.jpg,n04612504
n0461250400000043.jpg,n04612504
n0461250400000046.jpg,n04612504
n0461250400000047.jpg,n04612504
n0461250400000049.jpg,n04612504
n0461250400000054.jpg,n04612504
n0461250400000057.jpg,n04612504
n0461250400000058.jpg,n04612504
n0461250400000060.jpg,n04612504
n0461250400000062.jpg,n04612504
n0461250400000063.jpg,n04612504
n0461250400000064.jpg,n04612504
n0461250400000067.jpg,n04612504
n0461250400000068.jpg,n04612504
n0461250400000069.jpg,n04612504
n0461250400000070.jpg,n04612504
n0461250400000071.jpg,n04612504
n0461250400000075.jpg,n04612504
n0461250400000078.jpg,n04612504
n0461250400000079.jpg,n04612504
n0461250400000080.jpg,n04612504
n0461250400000086.jpg,n04612504
n0461250400000089.jpg,n04612504
n0461250400000091.jpg,n04612504
n0461250400000096.jpg,n04612504
n0461250400000108.jpg,n04612504
n0461250400000109.jpg,n04612504
n0461250400000110.jpg,n04612504
n0461250400000111.jpg,n04612504
n0461250400000114.jpg,n04612504
n0461250400000116.jpg,n04612504
n0461250400000119.jpg,n04612504
n0461250400000120.jpg,n04612504
n0461250400000122.jpg,n04612504
n0461250400000124.jpg,n04612504
n0461250400000126.jpg,n04612504
n0461250400000132.jpg,n04612504
n0461250400000134.jpg,n04612504
n0461250400000136.jpg,n04612504
n0461250400000141.jpg,n04612504
n0461250400000144.jpg,n04612504
n0461250400000146.jpg,n04612504
n0461250400000148.jpg,n04612504
n0461250400000149.jpg,n04612504
n0461250400000150.jpg,n04612504
n0461250400000152.jpg,n04612504
n0461250400000153.jpg,n04612504
n0461250400000154.jpg,n04612504
n0461250400000158.jpg,n04612504
n0461250400000160.jpg,n04612504
n0461250400000163.jpg,n04612504
n0461250400000165.jpg,n04612504
n0461250400000166.jpg,n04612504
n0461250400000168.jpg,n04612504
n0461250400000171.jpg,n04612504
n0461250400000172.jpg,n04612504
n0461250400000174.jpg,n04612504
n0461250400000175.jpg,n04612504
n0461250400000176.jpg,n04612504
n0461250400000177.jpg,n04612504
n0461250400000179.jpg,n04612504
n0461250400000180.jpg,n04612504
n0461250400000181.jpg,n04612504
n0461250400000182.jpg,n04612504
n0461250400000184.jpg,n04612504
n0461250400000185.jpg,n04612504
n0461250400000189.jpg,n04612504
n0461250400000191.jpg,n04612504
n0461250400000192.jpg,n04612504
n0461250400000194.jpg,n04612504
n0461250400000195.jpg,n04612504
n0461250400000196.jpg,n04612504
n0461250400000197.jpg,n04612504
n0461250400000201.jpg,n04612504
n0461250400000202.jpg,n04612504
n0461250400000203.jpg,n04612504
n0461250400000204.jpg,n04612504
n0461250400000208.jpg,n04612504
n0461250400000210.jpg,n04612504
n0461250400000211.jpg,n04612504
n0461250400000212.jpg,n04612504
n0461250400000213.jpg,n04612504
n0461250400000215.jpg,n04612504
n0461250400000216.jpg,n04612504
n0461250400000217.jpg,n04612504
n0461250400000222.jpg,n04612504
n0461250400000223.jpg,n04612504
n0461250400000224.jpg,n04612504
n0461250400000225.jpg,n04612504
n0461250400000227.jpg,n04612504
n0461250400000232.jpg,n04612504
n0461250400000233.jpg,n04612504
n0461250400000236.jpg,n04612504
n0461250400000237.jpg,n04612504
n0461250400000239.jpg,n04612504
n0461250400000240.jpg,n04612504
n0461250400000241.jpg,n04612504
n0461250400000243.jpg,n04612504
n0461250400000244.jpg,n04612504
n0461250400000246.jpg,n04612504
n0461250400000247.jpg,n04612504
n0461250400000253.jpg,n04612504
n0461250400000255.jpg,n04612504
n0461250400000258.jpg,n04612504
n0461250400000261.jpg,n04612504
n0461250400000262.jpg,n04612504
n0461250400000264.jpg,n04612504
n0461250400000267.jpg,n04612504
n0461250400000269.jpg,n04612504
n0461250400000270.jpg,n04612504
n0461250400000272.jpg,n04612504
n0461250400000273.jpg,n04612504
n0461250400000274.jpg,n04612504
n0461250400000276.jpg,n04612504
n0461250400000277.jpg,n04612504
n0461250400000285.jpg,n04612504
n0461250400000286.jpg,n04612504
n0461250400000287.jpg,n04612504
n0461250400000289.jpg,n04612504
n0461250400000290.jpg,n04612504
n0461250400000292.jpg,n04612504
n0461250400000293.jpg,n04612504
n0461250400000294.jpg,n04612504
n0461250400000295.jpg,n04612504
n0461250400000296.jpg,n04612504
n0461250400000297.jpg,n04612504
n0461250400000298.jpg,n04612504
n0461250400000300.jpg,n04612504
n0461250400000301.jpg,n04612504
n0461250400000303.jpg,n04612504
n0461250400000304.jpg,n04612504
n0461250400000306.jpg,n04612504
n0461250400000307.jpg,n04612504
n0461250400000308.jpg,n04612504
n0461250400000310.jpg,n04612504
n0461250400000312.jpg,n04612504
n0461250400000313.jpg,n04612504
n0461250400000314.jpg,n04612504
n0461250400000315.jpg,n04612504
n0461250400000319.jpg,n04612504
n0461250400000320.jpg,n04612504
n0461250400000321.jpg,n04612504
n0461250400000325.jpg,n04612504
n0461250400000334.jpg,n04612504
n0461250400000338.jpg,n04612504
n0461250400000339.jpg,n04612504
n0461250400000340.jpg,n04612504
n0461250400000342.jpg,n04612504
n0461250400000343.jpg,n04612504
n0461250400000347.jpg,n04612504
n0461250400000349.jpg,n04612504
n0461250400000351.jpg,n04612504
n0461250400000355.jpg,n04612504
n0461250400000357.jpg,n04612504
n0461250400000359.jpg,n04612504
n0461250400000360.jpg,n04612504
n0461250400000362.jpg,n04612504
n0461250400000363.jpg,n04612504
n0461250400000366.jpg,n04612504
n0461250400000368.jpg,n04612504
n0461250400000369.jpg,n04612504
n0461250400000370.jpg,n04612504
n0461250400000374.jpg,n04612504
n0461250400000375.jpg,n04612504
n0461250400000376.jpg,n04612504
n0461250400000378.jpg,n04612504
n0461250400000379.jpg,n04612504
n0461250400000380.jpg,n04612504
n0461250400000382.jpg,n04612504
n0461250400000383.jpg,n04612504
n0461250400000384.jpg,n04612504
n0461250400000385.jpg,n04612504
n0461250400000388.jpg,n04612504
n0461250400000389.jpg,n04612504
n0461250400000391.jpg,n04612504
n0461250400000392.jpg,n04612504
n0461250400000393.jpg,n04612504
n0461250400000399.jpg,n04612504
n0461250400000404.jpg,n04612504
n0461250400000405.jpg,n04612504
n0461250400000407.jpg,n04612504
n0461250400000413.jpg,n04612504
n0461250400000414.jpg,n04612504
n0461250400000416.jpg,n04612504
n0461250400000418.jpg,n04612504
n0461250400000420.jpg,n04612504
n0461250400000422.jpg,n04612504
n0461250400000425.jpg,n04612504
n0461250400000426.jpg,n04612504
n0461250400000429.jpg,n04612504
n0461250400000432.jpg,n04612504
n0461250400000439.jpg,n04612504
n0461250400000441.jpg,n04612504
n0461250400000443.jpg,n04612504
n0461250400000445.jpg,n04612504
n0461250400000447.jpg,n04612504
n0461250400000448.jpg,n04612504
n0461250400000449.jpg,n04612504
n0461250400000450.jpg,n04612504
n0461250400000452.jpg,n04612504
n0461250400000453.jpg,n04612504
n0461250400000455.jpg,n04612504
n0461250400000456.jpg,n04612504
n0461250400000457.jpg,n04612504
n0461250400000459.jpg,n04612504
n0461250400000460.jpg,n04612504
n0461250400000461.jpg,n04612504
n0461250400000462.jpg,n04612504
n0461250400000465.jpg,n04612504
n0461250400000466.jpg,n04612504
n0461250400000467.jpg,n04612504
n0461250400000468.jpg,n04612504
n0461250400000469.jpg,n04612504
n0461250400000471.jpg,n04612504
n0461250400000472.jpg,n04612504
n0461250400000475.jpg,n04612504
n0461250400000476.jpg,n04612504
n0461250400000477.jpg,n04612504
n0461250400000484.jpg,n04612504
n0461250400000485.jpg,n04612504
n0461250400000486.jpg,n04612504
n0461250400000489.jpg,n04612504
n0461250400000490.jpg,n04612504
n0461250400000491.jpg,n04612504
n0461250400000492.jpg,n04612504
n0461250400000494.jpg,n04612504
n0461250400000498.jpg,n04612504
n0461250400000499.jpg,n04612504
n0461250400000501.jpg,n04612504
n0461250400000502.jpg,n04612504
n0461250400000503.jpg,n04612504
n0461250400000507.jpg,n04612504
n0461250400000508.jpg,n04612504
n0461250400000510.jpg,n04612504
n0461250400000512.jpg,n04612504
n0461250400000513.jpg,n04612504
n0461250400000515.jpg,n04612504
n0461250400000516.jpg,n04612504
n0461250400000518.jpg,n04612504
n0461250400000524.jpg,n04612504
n0461250400000525.jpg,n04612504
n0461250400000526.jpg,n04612504
n0461250400000527.jpg,n04612504
n0461250400000530.jpg,n04612504
n0461250400000531.jpg,n04612504
n0461250400000532.jpg,n04612504
n0461250400000533.jpg,n04612504
n0461250400000536.jpg,n04612504
n0461250400000537.jpg,n04612504
n0461250400000538.jpg,n04612504
n0461250400000543.jpg,n04612504
n0461250400000544.jpg,n04612504
n0461250400000551.jpg,n04612504
n0461250400000552.jpg,n04612504
n0461250400000554.jpg,n04612504
n0461250400000561.jpg,n04612504
n0461250400000564.jpg,n04612504
n0461250400000565.jpg,n04612504
n0461250400000566.jpg,n04612504
n0461250400000567.jpg,n04612504
n0461250400000568.jpg,n04612504
n0461250400000569.jpg,n04612504
n0461250400000571.jpg,n04612504
n0461250400000572.jpg,n04612504
n0461250400000573.jpg,n04612504
n0461250400000575.jpg,n04612504
n0461250400000577.jpg,n04612504
n0461250400000578.jpg,n04612504
n0461250400000581.jpg,n04612504
n0461250400000583.jpg,n04612504
n0461250400000584.jpg,n04612504
n0461250400000586.jpg,n04612504
n0461250400000588.jpg,n04612504
n0461250400000591.jpg,n04612504
n0461250400000592.jpg,n04612504
n0461250400000593.jpg,n04612504
n0461250400000595.jpg,n04612504
n0461250400000596.jpg,n04612504
n0461250400000598.jpg,n04612504
n0461250400000599.jpg,n04612504
n0461250400000602.jpg,n04612504
n0461250400000603.jpg,n04612504
n0461250400000604.jpg,n04612504
n0461250400000605.jpg,n04612504
n0461250400000610.jpg,n04612504
n0461250400000612.jpg,n04612504
n0461250400000613.jpg,n04612504
n0461250400000614.jpg,n04612504
n0461250400000616.jpg,n04612504
n0461250400000618.jpg,n04612504
n0461250400000620.jpg,n04612504
n0461250400000621.jpg,n04612504
n0461250400000622.jpg,n04612504
n0461250400000623.jpg,n04612504
n0461250400000624.jpg,n04612504
n0461250400000626.jpg,n04612504
n0461250400000627.jpg,n04612504
n0461250400000628.jpg,n04612504
n0461250400000630.jpg,n04612504
n0461250400000637.jpg,n04612504
n0461250400000638.jpg,n04612504
n0461250400000642.jpg,n04612504
n0461250400000644.jpg,n04612504
n0461250400000648.jpg,n04612504
n0461250400000650.jpg,n04612504
n0461250400000652.jpg,n04612504
n0461250400000654.jpg,n04612504
n0461250400000655.jpg,n04612504
n0461250400000660.jpg,n04612504
n0461250400000661.jpg,n04612504
n0461250400000664.jpg,n04612504
n0461250400000665.jpg,n04612504
n0461250400000666.jpg,n04612504
n0461250400000669.jpg,n04612504
n0461250400000671.jpg,n04612504
n0461250400000672.jpg,n04612504
n0461250400000673.jpg,n04612504
n0461250400000674.jpg,n04612504
n0461250400000675.jpg,n04612504
n0461250400000676.jpg,n04612504
n0461250400000680.jpg,n04612504
n0461250400000682.jpg,n04612504
n0461250400000683.jpg,n04612504
n0461250400000685.jpg,n04612504
n0461250400000687.jpg,n04612504
n0461250400000689.jpg,n04612504
n0461250400000693.jpg,n04612504
n0461250400000694.jpg,n04612504
n0461250400000695.jpg,n04612504
n0461250400000697.jpg,n04612504
n0461250400000699.jpg,n04612504
n0461250400000700.jpg,n04612504
n0461250400000705.jpg,n04612504
n0461250400000707.jpg,n04612504
n0461250400000709.jpg,n04612504
n0461250400000711.jpg,n04612504
n0461250400000712.jpg,n04612504
n0461250400000714.jpg,n04612504
n0461250400000715.jpg,n04612504
n0461250400000717.jpg,n04612504
n0461250400000719.jpg,n04612504
n0461250400000720.jpg,n04612504
n0461250400000721.jpg,n04612504
n0461250400000722.jpg,n04612504
n0461250400000724.jpg,n04612504
n0461250400000728.jpg,n04612504
n0461250400000729.jpg,n04612504
n0461250400000730.jpg,n04612504
n0461250400000731.jpg,n04612504
n0461250400000732.jpg,n04612504
n0461250400000737.jpg,n04612504
n0461250400000740.jpg,n04612504
n0461250400000741.jpg,n04612504
n0461250400000743.jpg,n04612504
n0461250400000746.jpg,n04612504
n0461250400000747.jpg,n04612504
n0461250400000749.jpg,n04612504
n0461250400000755.jpg,n04612504
n0461250400000757.jpg,n04612504
n0461250400000758.jpg,n04612504
n0461250400000759.jpg,n04612504
n0461250400000761.jpg,n04612504
n0461250400000763.jpg,n04612504
n0461250400000766.jpg,n04612504
n0461250400000767.jpg,n04612504
n0461250400000769.jpg,n04612504
n0461250400000772.jpg,n04612504
n0461250400000774.jpg,n04612504
n0461250400000776.jpg,n04612504
n0461250400000778.jpg,n04612504
n0461250400000779.jpg,n04612504
n0461250400000781.jpg,n04612504
n0461250400000782.jpg,n04612504
n0461250400000783.jpg,n04612504
n0461250400000784.jpg,n04612504
n0461250400000786.jpg,n04612504
n0461250400000787.jpg,n04612504
n0461250400000789.jpg,n04612504
n0461250400000790.jpg,n04612504
n0461250400000792.jpg,n04612504
n0461250400000794.jpg,n04612504
n0461250400000795.jpg,n04612504
n0461250400000796.jpg,n04612504
n0461250400000797.jpg,n04612504
n0461250400000801.jpg,n04612504
n0461250400000802.jpg,n04612504
n0461250400000805.jpg,n04612504
n0461250400000809.jpg,n04612504
n0461250400000810.jpg,n04612504
n0461250400000811.jpg,n04612504
n0461250400000813.jpg,n04612504
n0461250400000815.jpg,n04612504
n0461250400000817.jpg,n04612504
n0461250400000820.jpg,n04612504
n0461250400000821.jpg,n04612504
n0461250400000822.jpg,n04612504
n0461250400000824.jpg,n04612504
n0461250400000826.jpg,n04612504
n0461250400000828.jpg,n04612504
n0461250400000830.jpg,n04612504
n0461250400000831.jpg,n04612504
n0461250400000835.jpg,n04612504
n0461250400000840.jpg,n04612504
n0461250400000842.jpg,n04612504
n0461250400000845.jpg,n04612504
n0461250400000847.jpg,n04612504
n0461250400000850.jpg,n04612504
n0461250400000851.jpg,n04612504
n0461250400000853.jpg,n04612504
n0461250400000856.jpg,n04612504
n0461250400000858.jpg,n04612504
n0461250400000859.jpg,n04612504
n0461250400000861.jpg,n04612504
n0461250400000864.jpg,n04612504
n0461250400000865.jpg,n04612504
n0461250400000866.jpg,n04612504
n0461250400000867.jpg,n04612504
n0461250400000868.jpg,n04612504
n0461250400000869.jpg,n04612504
n0461250400000871.jpg,n04612504
n0461250400000872.jpg,n04612504
n0461250400000873.jpg,n04612504
n0461250400000880.jpg,n04612504
n0461250400000881.jpg,n04612504
n0461250400000882.jpg,n04612504
n0461250400000883.jpg,n04612504
n0461250400000885.jpg,n04612504
n0461250400000889.jpg,n04612504
n0461250400000890.jpg,n04612504
n0461250400000891.jpg,n04612504
n0461250400000892.jpg,n04612504
n0461250400000896.jpg,n04612504
n0461250400000897.jpg,n04612504
n0461250400000899.jpg,n04612504
n0461250400000900.jpg,n04612504
n0461250400000901.jpg,n04612504
n0461250400000903.jpg,n04612504
n0461250400000905.jpg,n04612504
n0461250400000908.jpg,n04612504
n0461250400000910.jpg,n04612504
n0461250400000914.jpg,n04612504
n0461250400000916.jpg,n04612504
n0461250400000919.jpg,n04612504
n0461250400000920.jpg,n04612504
n0461250400000923.jpg,n04612504
n0461250400000925.jpg,n04612504
n0461250400000928.jpg,n04612504
n0461250400000929.jpg,n04612504
n0461250400000934.jpg,n04612504
n0461250400000936.jpg,n04612504
n0461250400000940.jpg,n04612504
n0461250400000941.jpg,n04612504
n0461250400000943.jpg,n04612504
n0461250400000944.jpg,n04612504
n0461250400000946.jpg,n04612504
n0461250400000948.jpg,n04612504
n0461250400000951.jpg,n04612504
n0461250400000953.jpg,n04612504
n0461250400000955.jpg,n04612504
n0461250400000956.jpg,n04612504
n0461250400000957.jpg,n04612504
n0461250400000962.jpg,n04612504
n0461250400000964.jpg,n04612504
n0461250400000966.jpg,n04612504
n0461250400000968.jpg,n04612504
n0461250400000970.jpg,n04612504
n0461250400000972.jpg,n04612504
n0461250400000973.jpg,n04612504
n0461250400000974.jpg,n04612504
n0461250400000975.jpg,n04612504
n0461250400000977.jpg,n04612504
n0461250400000980.jpg,n04612504
n0461250400000981.jpg,n04612504
n0461250400000984.jpg,n04612504
n0461250400000985.jpg,n04612504
n0461250400000987.jpg,n04612504
n0461250400000990.jpg,n04612504
n0461250400000993.jpg,n04612504
n0461250400000999.jpg,n04612504
n0461250400001000.jpg,n04612504
n0461250400001004.jpg,n04612504
n0461250400001005.jpg,n04612504
n0461250400001015.jpg,n04612504
n0461250400001016.jpg,n04612504
n0461250400001017.jpg,n04612504
n0461250400001018.jpg,n04612504
n0461250400001023.jpg,n04612504
n0461250400001024.jpg,n04612504
n0461250400001025.jpg,n04612504
n0461250400001026.jpg,n04612504
n0461250400001027.jpg,n04612504
n0461250400001028.jpg,n04612504
n0461250400001030.jpg,n04612504
n0461250400001031.jpg,n04612504
n0461250400001032.jpg,n04612504
n0461250400001034.jpg,n04612504
n0461250400001036.jpg,n04612504
n0461250400001038.jpg,n04612504
n0461250400001040.jpg,n04612504
n0461250400001042.jpg,n04612504
n0461250400001044.jpg,n04612504
n0461250400001046.jpg,n04612504
n0461250400001047.jpg,n04612504
n0461250400001051.jpg,n04612504
n0461250400001052.jpg,n04612504
n0461250400001053.jpg,n04612504
n0461250400001054.jpg,n04612504
n0461250400001055.jpg,n04612504
n0461250400001056.jpg,n04612504
n0461250400001062.jpg,n04612504
n0461250400001063.jpg,n04612504
n0461250400001064.jpg,n04612504
n0461250400001069.jpg,n04612504
n0461250400001070.jpg,n04612504
n0461250400001077.jpg,n04612504
n0461250400001079.jpg,n04612504
n0461250400001083.jpg,n04612504
n0461250400001085.jpg,n04612504
n0461250400001086.jpg,n04612504
n0461250400001087.jpg,n04612504
n0461250400001092.jpg,n04612504
n0461250400001093.jpg,n04612504
n0461250400001094.jpg,n04612504
n0461250400001095.jpg,n04612504
n0461250400001097.jpg,n04612504
n0461250400001101.jpg,n04612504
n0461250400001105.jpg,n04612504
n0461250400001107.jpg,n04612504
n0461250400001110.jpg,n04612504
n0461250400001113.jpg,n04612504
n0461250400001114.jpg,n04612504
n0461250400001116.jpg,n04612504
n0461250400001117.jpg,n04612504
n0461250400001119.jpg,n04612504
n0461250400001120.jpg,n04612504
n0461250400001124.jpg,n04612504
n0461250400001125.jpg,n04612504
n0461250400001128.jpg,n04612504
n0461250400001131.jpg,n04612504
n0461250400001134.jpg,n04612504
n0461250400001138.jpg,n04612504
n0461250400001139.jpg,n04612504
n0461250400001140.jpg,n04612504
n0461250400001143.jpg,n04612504
n0461250400001144.jpg,n04612504
n0461250400001147.jpg,n04612504
n0461250400001148.jpg,n04612504
n0461250400001149.jpg,n04612504
n0461250400001151.jpg,n04612504
n0461250400001152.jpg,n04612504
n0461250400001153.jpg,n04612504
n0461250400001154.jpg,n04612504
n0461250400001155.jpg,n04612504
n0461250400001156.jpg,n04612504
n0461250400001157.jpg,n04612504
n0461250400001160.jpg,n04612504
n0461250400001161.jpg,n04612504
n0461250400001162.jpg,n04612504
n0461250400001166.jpg,n04612504
n0461250400001167.jpg,n04612504
n0461250400001168.jpg,n04612504
n0461250400001169.jpg,n04612504
n0461250400001170.jpg,n04612504
n0461250400001173.jpg,n04612504
n0461250400001176.jpg,n04612504
n0461250400001178.jpg,n04612504
n0461250400001179.jpg,n04612504
n0461250400001180.jpg,n04612504
n0461250400001181.jpg,n04612504
n0461250400001184.jpg,n04612504
n0461250400001185.jpg,n04612504
n0461250400001186.jpg,n04612504
n0461250400001189.jpg,n04612504
n0461250400001190.jpg,n04612504
n0461250400001192.jpg,n04612504
n0461250400001193.jpg,n04612504
n0461250400001196.jpg,n04612504
n0461250400001198.jpg,n04612504
n0461250400001199.jpg,n04612504
n0461250400001201.jpg,n04612504
n0461250400001202.jpg,n04612504
n0461250400001203.jpg,n04612504
n0461250400001206.jpg,n04612504
n0924646400000004.jpg,n09246464
n0924646400000005.jpg,n09246464
n0924646400000006.jpg,n09246464
n0924646400000007.jpg,n09246464
n0924646400000008.jpg,n09246464
n0924646400000009.jpg,n09246464
n0924646400000010.jpg,n09246464
n0924646400000011.jpg,n09246464
n0924646400000015.jpg,n09246464
n0924646400000016.jpg,n09246464
n0924646400000017.jpg,n09246464
n0924646400000018.jpg,n09246464
n0924646400000020.jpg,n09246464
n0924646400000021.jpg,n09246464
n0924646400000022.jpg,n09246464
n0924646400000024.jpg,n09246464
n0924646400000025.jpg,n09246464
n0924646400000027.jpg,n09246464
n0924646400000029.jpg,n09246464
n0924646400000036.jpg,n09246464
n0924646400000038.jpg,n09246464
n0924646400000039.jpg,n09246464
n0924646400000040.jpg,n09246464
n0924646400000041.jpg,n09246464
n0924646400000042.jpg,n09246464
n0924646400000043.jpg,n09246464
n0924646400000045.jpg,n09246464
n0924646400000046.jpg,n09246464
n0924646400000049.jpg,n09246464
n0924646400000056.jpg,n09246464
n0924646400000058.jpg,n09246464
n0924646400000059.jpg,n09246464
n0924646400000060.jpg,n09246464
n0924646400000061.jpg,n09246464
n0924646400000062.jpg,n09246464
n0924646400000064.jpg,n09246464
n0924646400000067.jpg,n09246464
n0924646400000068.jpg,n09246464
n0924646400000070.jpg,n09246464
n0924646400000075.jpg,n09246464
n0924646400000076.jpg,n09246464
n0924646400000077.jpg,n09246464
n0924646400000078.jpg,n09246464
n0924646400000079.jpg,n09246464
n0924646400000083.jpg,n09246464
n0924646400000087.jpg,n09246464
n0924646400000088.jpg,n09246464
n0924646400000089.jpg,n09246464
n0924646400000092.jpg,n09246464
n0924646400000093.jpg,n09246464
n0924646400000095.jpg,n09246464
n0924646400000096.jpg,n09246464
n0924646400000097.jpg,n09246464
n0924646400000098.jpg,n09246464
n0924646400000100.jpg,n09246464
n0924646400000102.jpg,n09246464
n0924646400000107.jpg,n09246464
n0924646400000109.jpg,n09246464
n0924646400000110.jpg,n09246464
n0924646400000113.jpg,n09246464
n0924646400000114.jpg,n09246464
n0924646400000115.jpg,n09246464
n0924646400000117.jpg,n09246464
n0924646400000118.jpg,n09246464
n0924646400000119.jpg,n09246464
n0924646400000120.jpg,n09246464
n0924646400000121.jpg,n09246464
n0924646400000125.jpg,n09246464
n0924646400000126.jpg,n09246464
n0924646400000128.jpg,n09246464
n0924646400000129.jpg,n09246464
n0924646400000130.jpg,n09246464
n0924646400000131.jpg,n09246464
n0924646400000132.jpg,n09246464
n0924646400000133.jpg,n09246464
n0924646400000136.jpg,n09246464
n0924646400000137.jpg,n09246464
n0924646400000141.jpg,n09246464
n0924646400000142.jpg,n09246464
n0924646400000143.jpg,n09246464
n0924646400000144.jpg,n09246464
n0924646400000145.jpg,n09246464
n0924646400000146.jpg,n09246464
n0924646400000149.jpg,n09246464
n0924646400000152.jpg,n09246464
n0924646400000154.jpg,n09246464
n0924646400000156.jpg,n09246464
n0924646400000158.jpg,n09246464
n0924646400000168.jpg,n09246464
n0924646400000170.jpg,n09246464
n0924646400000171.jpg,n09246464
n0924646400000173.jpg,n09246464
n0924646400000174.jpg,n09246464
n0924646400000180.jpg,n09246464
n0924646400000181.jpg,n09246464
n0924646400000182.jpg,n09246464
n0924646400000188.jpg,n09246464
n0924646400000191.jpg,n09246464
n0924646400000192.jpg,n09246464
n0924646400000193.jpg,n09246464
n0924646400000194.jpg,n09246464
n0924646400000195.jpg,n09246464
n0924646400000197.jpg,n09246464
n0924646400000198.jpg,n09246464
n0924646400000204.jpg,n09246464
n0924646400000205.jpg,n09246464
n0924646400000206.jpg,n09246464
n0924646400000207.jpg,n09246464
n0924646400000209.jpg,n09246464
n0924646400000214.jpg,n09246464
n0924646400000216.jpg,n09246464
n0924646400000219.jpg,n09246464
n0924646400000220.jpg,n09246464
n0924646400000221.jpg,n09246464
n0924646400000222.jpg,n09246464
n0924646400000224.jpg,n09246464
n0924646400000230.jpg,n09246464
n0924646400000235.jpg,n09246464
n0924646400000238.jpg,n09246464
n0924646400000239.jpg,n09246464
n0924646400000240.jpg,n09246464
n0924646400000241.jpg,n09246464
n0924646400000243.jpg,n09246464
n0924646400000244.jpg,n09246464
n0924646400000246.jpg,n09246464
n0924646400000247.jpg,n09246464
n0924646400000249.jpg,n09246464
n0924646400000251.jpg,n09246464
n0924646400000253.jpg,n09246464
n0924646400000255.jpg,n09246464
n0924646400000260.jpg,n09246464
n0924646400000261.jpg,n09246464
n0924646400000263.jpg,n09246464
n0924646400000265.jpg,n09246464
n0924646400000266.jpg,n09246464
n0924646400000267.jpg,n09246464
n0924646400000268.jpg,n09246464
n0924646400000269.jpg,n09246464
n0924646400000276.jpg,n09246464
n0924646400000277.jpg,n09246464
n0924646400000282.jpg,n09246464
n0924646400000283.jpg,n09246464
n0924646400000284.jpg,n09246464
n0924646400000288.jpg,n09246464
n0924646400000291.jpg,n09246464
n0924646400000296.jpg,n09246464
n0924646400000302.jpg,n09246464
n0924646400000303.jpg,n09246464
n0924646400000304.jpg,n09246464
n0924646400000310.jpg,n09246464
n0924646400000315.jpg,n09246464
n0924646400000317.jpg,n09246464
n0924646400000319.jpg,n09246464
n0924646400000320.jpg,n09246464
n0924646400000321.jpg,n09246464
n0924646400000327.jpg,n09246464
n0924646400000328.jpg,n09246464
n0924646400000329.jpg,n09246464
n0924646400000333.jpg,n09246464
n0924646400000335.jpg,n09246464
n0924646400000336.jpg,n09246464
n0924646400000337.jpg,n09246464
n0924646400000338.jpg,n09246464
n0924646400000340.jpg,n09246464
n0924646400000341.jpg,n09246464
n0924646400000343.jpg,n09246464
n0924646400000344.jpg,n09246464
n0924646400000345.jpg,n09246464
n0924646400000346.jpg,n09246464
n0924646400000347.jpg,n09246464
n0924646400000350.jpg,n09246464
n0924646400000356.jpg,n09246464
n0924646400000361.jpg,n09246464
n0924646400000364.jpg,n09246464
n0924646400000366.jpg,n09246464
n0924646400000367.jpg,n09246464
n0924646400000370.jpg,n09246464
n0924646400000373.jpg,n09246464
n0924646400000375.jpg,n09246464
n0924646400000376.jpg,n09246464
n0924646400000379.jpg,n09246464
n0924646400000380.jpg,n09246464
n0924646400000381.jpg,n09246464
n0924646400000383.jpg,n09246464
n0924646400000385.jpg,n09246464
n0924646400000386.jpg,n09246464
n0924646400000389.jpg,n09246464
n0924646400000390.jpg,n09246464
n0924646400000392.jpg,n09246464
n0924646400000397.jpg,n09246464
n0924646400000400.jpg,n09246464
n0924646400000403.jpg,n09246464
n0924646400000404.jpg,n09246464
n0924646400000405.jpg,n09246464
n0924646400000406.jpg,n09246464
n0924646400000407.jpg,n09246464
n0924646400000410.jpg,n09246464
n0924646400000413.jpg,n09246464
n0924646400000414.jpg,n09246464
n0924646400000423.jpg,n09246464
n0924646400000424.jpg,n09246464
n0924646400000426.jpg,n09246464
n0924646400000427.jpg,n09246464
n0924646400000428.jpg,n09246464
n0924646400000429.jpg,n09246464
n0924646400000430.jpg,n09246464
n0924646400000431.jpg,n09246464
n0924646400000432.jpg,n09246464
n0924646400000433.jpg,n09246464
n0924646400000435.jpg,n09246464
n0924646400000436.jpg,n09246464
n0924646400000439.jpg,n09246464
n0924646400000441.jpg,n09246464
n0924646400000443.jpg,n09246464
n0924646400000444.jpg,n09246464
n0924646400000448.jpg,n09246464
n0924646400000449.jpg,n09246464
n0924646400000450.jpg,n09246464
n0924646400000454.jpg,n09246464
n0924646400000456.jpg,n09246464
n0924646400000457.jpg,n09246464
n0924646400000459.jpg,n09246464
n0924646400000460.jpg,n09246464
n0924646400000461.jpg,n09246464
n0924646400000463.jpg,n09246464
n0924646400000464.jpg,n09246464
n0924646400000467.jpg,n09246464
n0924646400000468.jpg,n09246464
n0924646400000471.jpg,n09246464
n0924646400000473.jpg,n09246464
n0924646400000476.jpg,n09246464
n0924646400000477.jpg,n09246464
n0924646400000478.jpg,n09246464
n0924646400000483.jpg,n09246464
n0924646400000486.jpg,n09246464
n0924646400000492.jpg,n09246464
n0924646400000499.jpg,n09246464
n0924646400000501.jpg,n09246464
n0924646400000503.jpg,n09246464
n0924646400000507.jpg,n09246464
n0924646400000509.jpg,n09246464
n0924646400000511.jpg,n09246464
n0924646400000514.jpg,n09246464
n0924646400000515.jpg,n09246464
n0924646400000519.jpg,n09246464
n0924646400000520.jpg,n09246464
n0924646400000521.jpg,n09246464
n0924646400000522.jpg,n09246464
n0924646400000523.jpg,n09246464
n0924646400000527.jpg,n09246464
n0924646400000528.jpg,n09246464
n0924646400000530.jpg,n09246464
n0924646400000531.jpg,n09246464
n0924646400000533.jpg,n09246464
n0924646400000534.jpg,n09246464
n0924646400000537.jpg,n09246464
n0924646400000542.jpg,n09246464
n0924646400000543.jpg,n09246464
n0924646400000546.jpg,n09246464
n0924646400000548.jpg,n09246464
n0924646400000552.jpg,n09246464
n0924646400000553.jpg,n09246464
n0924646400000555.jpg,n09246464
n0924646400000559.jpg,n09246464
n0924646400000560.jpg,n09246464
n0924646400000573.jpg,n09246464
n0924646400000574.jpg,n09246464
n0924646400000577.jpg,n09246464
n0924646400000579.jpg,n09246464
n0924646400000581.jpg,n09246464
n0924646400000582.jpg,n09246464
n0924646400000587.jpg,n09246464
n0924646400000589.jpg,n09246464
n0924646400000590.jpg,n09246464
n0924646400000591.jpg,n09246464
n0924646400000592.jpg,n09246464
n0924646400000593.jpg,n09246464
n0924646400000596.jpg,n09246464
n0924646400000599.jpg,n09246464
n0924646400000600.jpg,n09246464
n0924646400000603.jpg,n09246464
n0924646400000606.jpg,n09246464
n0924646400000608.jpg,n09246464
n0924646400000611.jpg,n09246464
n0924646400000614.jpg,n09246464
n0924646400000616.jpg,n09246464
n0924646400000624.jpg,n09246464
n0924646400000625.jpg,n09246464
n0924646400000626.jpg,n09246464
n0924646400000631.jpg,n09246464
n0924646400000632.jpg,n09246464
n0924646400000633.jpg,n09246464
n0924646400000634.jpg,n09246464
n0924646400000636.jpg,n09246464
n0924646400000638.jpg,n09246464
n0924646400000641.jpg,n09246464
n0924646400000643.jpg,n09246464
n0924646400000644.jpg,n09246464
n0924646400000649.jpg,n09246464
n0924646400000651.jpg,n09246464
n0924646400000652.jpg,n09246464
n0924646400000656.jpg,n09246464
n0924646400000657.jpg,n09246464
n0924646400000660.jpg,n09246464
n0924646400000661.jpg,n09246464
n0924646400000662.jpg,n09246464
n0924646400000663.jpg,n09246464
n0924646400000666.jpg,n09246464
n0924646400000669.jpg,n09246464
n0924646400000670.jpg,n09246464
n0924646400000671.jpg,n09246464
n0924646400000675.jpg,n09246464
n0924646400000676.jpg,n09246464
n0924646400000677.jpg,n09246464
n0924646400000681.jpg,n09246464
n0924646400000682.jpg,n09246464
n0924646400000683.jpg,n09246464
n0924646400000685.jpg,n09246464
n0924646400000686.jpg,n09246464
n0924646400000687.jpg,n09246464
n0924646400000692.jpg,n09246464
n0924646400000693.jpg,n09246464
n0924646400000696.jpg,n09246464
n0924646400000698.jpg,n09246464
n0924646400000699.jpg,n09246464
n0924646400000700.jpg,n09246464
n0924646400000702.jpg,n09246464
n0924646400000704.jpg,n09246464
n0924646400000708.jpg,n09246464
n0924646400000709.jpg,n09246464
n0924646400000710.jpg,n09246464
n0924646400000713.jpg,n09246464
n0924646400000716.jpg,n09246464
n0924646400000717.jpg,n09246464
n0924646400000720.jpg,n09246464
n0924646400000721.jpg,n09246464
n0924646400000725.jpg,n09246464
n0924646400000729.jpg,n09246464
n0924646400000730.jpg,n09246464
n0924646400000732.jpg,n09246464
n0924646400000733.jpg,n09246464
n0924646400000734.jpg,n09246464
n0924646400000738.jpg,n09246464
n0924646400000743.jpg,n09246464
n0924646400000744.jpg,n09246464
n0924646400000745.jpg,n09246464
n0924646400000747.jpg,n09246464
n0924646400000748.jpg,n09246464
n0924646400000752.jpg,n09246464
n0924646400000754.jpg,n09246464
n0924646400000756.jpg,n09246464
n0924646400000758.jpg,n09246464
n0924646400000759.jpg,n09246464
n0924646400000762.jpg,n09246464
n0924646400000765.jpg,n09246464
n0924646400000766.jpg,n09246464
n0924646400000768.jpg,n09246464
n0924646400000769.jpg,n09246464
n0924646400000770.jpg,n09246464
n0924646400000771.jpg,n09246464
n0924646400000772.jpg,n09246464
n0924646400000778.jpg,n09246464
n0924646400000782.jpg,n09246464
n0924646400000784.jpg,n09246464
n0924646400000785.jpg,n09246464
n0924646400000788.jpg,n09246464
n0924646400000794.jpg,n09246464
n0924646400000796.jpg,n09246464
n0924646400000797.jpg,n09246464
n0924646400000798.jpg,n09246464
n0924646400000800.jpg,n09246464
n0924646400000801.jpg,n09246464
n0924646400000804.jpg,n09246464
n0924646400000805.jpg,n09246464
n0924646400000808.jpg,n09246464
n0924646400000809.jpg,n09246464
n0924646400000811.jpg,n09246464
n0924646400000813.jpg,n09246464
n0924646400000817.jpg,n09246464
n0924646400000819.jpg,n09246464
n0924646400000821.jpg,n09246464
n0924646400000825.jpg,n09246464
n0924646400000827.jpg,n09246464
n0924646400000833.jpg,n09246464
n0924646400000834.jpg,n09246464
n0924646400000835.jpg,n09246464
n0924646400000837.jpg,n09246464
n0924646400000838.jpg,n09246464
n0924646400000841.jpg,n09246464
n0924646400000842.jpg,n09246464
n0924646400000846.jpg,n09246464
n0924646400000847.jpg,n09246464
n0924646400000850.jpg,n09246464
n0924646400000854.jpg,n09246464
n0924646400000855.jpg,n09246464
n0924646400000857.jpg,n09246464
n0924646400000858.jpg,n09246464
n0924646400000859.jpg,n09246464
n0924646400000866.jpg,n09246464
n0924646400000867.jpg,n09246464
n0924646400000870.jpg,n09246464
n0924646400000871.jpg,n09246464
n0924646400000873.jpg,n09246464
n0924646400000874.jpg,n09246464
n0924646400000876.jpg,n09246464
n0924646400000877.jpg,n09246464
n0924646400000881.jpg,n09246464
n0924646400000882.jpg,n09246464
n0924646400000885.jpg,n09246464
n0924646400000887.jpg,n09246464
n0924646400000889.jpg,n09246464
n0924646400000892.jpg,n09246464
n0924646400000893.jpg,n09246464
n0924646400000894.jpg,n09246464
n0924646400000895.jpg,n09246464
n0924646400000896.jpg,n09246464
n0924646400000898.jpg,n09246464
n0924646400000899.jpg,n09246464
n0924646400000901.jpg,n09246464
n0924646400000903.jpg,n09246464
n0924646400000904.jpg,n09246464
n0924646400000909.jpg,n09246464
n0924646400000913.jpg,n09246464
n0924646400000914.jpg,n09246464
n0924646400000915.jpg,n09246464
n0924646400000919.jpg,n09246464
n0924646400000920.jpg,n09246464
n0924646400000922.jpg,n09246464
n0924646400000923.jpg,n09246464
n0924646400000927.jpg,n09246464
n0924646400000929.jpg,n09246464
n0924646400000930.jpg,n09246464
n0924646400000931.jpg,n09246464
n0924646400000937.jpg,n09246464
n0924646400000939.jpg,n09246464
n0924646400000940.jpg,n09246464
n0924646400000941.jpg,n09246464
n0924646400000943.jpg,n09246464
n0924646400000945.jpg,n09246464
n0924646400000947.jpg,n09246464
n0924646400000949.jpg,n09246464
n0924646400000951.jpg,n09246464
n0924646400000952.jpg,n09246464
n0924646400000953.jpg,n09246464
n0924646400000961.jpg,n09246464
n0924646400000967.jpg,n09246464
n0924646400000968.jpg,n09246464
n0924646400000969.jpg,n09246464
n0924646400000975.jpg,n09246464
n0924646400000976.jpg,n09246464
n0924646400000979.jpg,n09246464
n0924646400000980.jpg,n09246464
n0924646400000981.jpg,n09246464
n0924646400000982.jpg,n09246464
n0924646400000984.jpg,n09246464
n0924646400000986.jpg,n09246464
n0924646400000989.jpg,n09246464
n0924646400000992.jpg,n09246464
n0924646400000993.jpg,n09246464
n0924646400000999.jpg,n09246464
n0924646400001000.jpg,n09246464
n0924646400001004.jpg,n09246464
n0924646400001009.jpg,n09246464
n0924646400001010.jpg,n09246464
n0924646400001011.jpg,n09246464
n0924646400001013.jpg,n09246464
n0924646400001014.jpg,n09246464
n0924646400001015.jpg,n09246464
n0924646400001019.jpg,n09246464
n0924646400001020.jpg,n09246464
n0924646400001024.jpg,n09246464
n0924646400001025.jpg,n09246464
n0924646400001026.jpg,n09246464
n0924646400001027.jpg,n09246464
n0924646400001028.jpg,n09246464
n0924646400001031.jpg,n09246464
n0924646400001033.jpg,n09246464
n0924646400001036.jpg,n09246464
n0924646400001037.jpg,n09246464
n0924646400001039.jpg,n09246464
n0924646400001042.jpg,n09246464
n0924646400001045.jpg,n09246464
n0924646400001049.jpg,n09246464
n0924646400001055.jpg,n09246464
n0924646400001058.jpg,n09246464
n0924646400001059.jpg,n09246464
n0924646400001063.jpg,n09246464
n0924646400001064.jpg,n09246464
n0924646400001066.jpg,n09246464
n0924646400001069.jpg,n09246464
n0924646400001070.jpg,n09246464
n0924646400001071.jpg,n09246464
n0924646400001072.jpg,n09246464
n0924646400001074.jpg,n09246464
n0924646400001075.jpg,n09246464
n0924646400001076.jpg,n09246464
n0924646400001078.jpg,n09246464
n0924646400001083.jpg,n09246464
n0924646400001084.jpg,n09246464
n0924646400001086.jpg,n09246464
n0924646400001087.jpg,n09246464
n0924646400001091.jpg,n09246464
n0924646400001092.jpg,n09246464
n0924646400001094.jpg,n09246464
n0924646400001095.jpg,n09246464
n0924646400001096.jpg,n09246464
n0924646400001097.jpg,n09246464
n0924646400001099.jpg,n09246464
n0924646400001100.jpg,n09246464
n0924646400001102.jpg,n09246464
n0924646400001105.jpg,n09246464
n0924646400001106.jpg,n09246464
n0924646400001109.jpg,n09246464
n0924646400001113.jpg,n09246464
n0924646400001114.jpg,n09246464
n0924646400001115.jpg,n09246464
n0924646400001117.jpg,n09246464
n0924646400001118.jpg,n09246464
n0924646400001122.jpg,n09246464
n0924646400001123.jpg,n09246464
n0924646400001127.jpg,n09246464
n0924646400001132.jpg,n09246464
n0924646400001135.jpg,n09246464
n0924646400001137.jpg,n09246464
n0924646400001138.jpg,n09246464
n0924646400001139.jpg,n09246464
n0924646400001142.jpg,n09246464
n0924646400001143.jpg,n09246464
n0924646400001145.jpg,n09246464
n0924646400001146.jpg,n09246464
n0924646400001147.jpg,n09246464
n0924646400001149.jpg,n09246464
n0924646400001151.jpg,n09246464
n0924646400001152.jpg,n09246464
n0924646400001155.jpg,n09246464
n0924646400001156.jpg,n09246464
n0924646400001157.jpg,n09246464
n0924646400001164.jpg,n09246464
n0924646400001165.jpg,n09246464
n0924646400001166.jpg,n09246464
n0924646400001167.jpg,n09246464
n0924646400001175.jpg,n09246464
n0924646400001180.jpg,n09246464
n0924646400001181.jpg,n09246464
n0924646400001189.jpg,n09246464
n0924646400001191.jpg,n09246464
n0924646400001194.jpg,n09246464
n0924646400001196.jpg,n09246464
n0924646400001198.jpg,n09246464
n0924646400001199.jpg,n09246464
n0924646400001203.jpg,n09246464
n0924646400001204.jpg,n09246464
n0924646400001205.jpg,n09246464
n0924646400001206.jpg,n09246464
n0924646400001207.jpg,n09246464
n0924646400001208.jpg,n09246464
n0924646400001213.jpg,n09246464
n0924646400001215.jpg,n09246464
n0924646400001218.jpg,n09246464
n0924646400001219.jpg,n09246464
n0924646400001220.jpg,n09246464
n0924646400001222.jpg,n09246464
n0924646400001223.jpg,n09246464
n0924646400001228.jpg,n09246464
n0924646400001229.jpg,n09246464
n0924646400001230.jpg,n09246464
n0924646400001231.jpg,n09246464
n0924646400001232.jpg,n09246464
n0924646400001233.jpg,n09246464
n0924646400001234.jpg,n09246464
n0924646400001237.jpg,n09246464
n0924646400001239.jpg,n09246464
n0924646400001240.jpg,n09246464
n0924646400001247.jpg,n09246464
n0924646400001248.jpg,n09246464
n0924646400001250.jpg,n09246464
n0924646400001251.jpg,n09246464
n0924646400001252.jpg,n09246464
n0924646400001253.jpg,n09246464
n0924646400001254.jpg,n09246464
n0924646400001255.jpg,n09246464
n0924646400001263.jpg,n09246464
n0924646400001264.jpg,n09246464
n0924646400001266.jpg,n09246464
n0924646400001268.jpg,n09246464
n0924646400001269.jpg,n09246464
n0924646400001272.jpg,n09246464
n0924646400001274.jpg,n09246464
n0924646400001277.jpg,n09246464
n0924646400001279.jpg,n09246464
n0924646400001280.jpg,n09246464
n0924646400001282.jpg,n09246464
n0924646400001283.jpg,n09246464
n0924646400001287.jpg,n09246464
n0924646400001291.jpg,n09246464
n0924646400001292.jpg,n09246464
n0924646400001293.jpg,n09246464
n0924646400001295.jpg,n09246464
n0924646400001297.jpg,n09246464
n0924646400001298.jpg,n09246464
n0304769000000001.jpg,n03047690
n0304769000000006.jpg,n03047690
n0304769000000007.jpg,n03047690
n0304769000000008.jpg,n03047690
n0304769000000010.jpg,n03047690
n0304769000000011.jpg,n03047690
n0304769000000013.jpg,n03047690
n0304769000000019.jpg,n03047690
n0304769000000021.jpg,n03047690
n0304769000000037.jpg,n03047690
n0304769000000038.jpg,n03047690
n0304769000000039.jpg,n03047690
n0304769000000041.jpg,n03047690
n0304769000000042.jpg,n03047690
n0304769000000046.jpg,n03047690
n0304769000000049.jpg,n03047690
n0304769000000051.jpg,n03047690
n0304769000000055.jpg,n03047690
n0304769000000057.jpg,n03047690
n0304769000000058.jpg,n03047690
n0304769000000060.jpg,n03047690
n0304769000000061.jpg,n03047690
n0304769000000068.jpg,n03047690
n0304769000000069.jpg,n03047690
n0304769000000071.jpg,n03047690
n0304769000000072.jpg,n03047690
n0304769000000073.jpg,n03047690
n0304769000000074.jpg,n03047690
n0304769000000076.jpg,n03047690
n0304769000000079.jpg,n03047690
n0304769000000081.jpg,n03047690
n0304769000000082.jpg,n03047690
n0304769000000083.jpg,n03047690
n0304769000000088.jpg,n03047690
n0304769000000089.jpg,n03047690
n0304769000000091.jpg,n03047690
n0304769000000093.jpg,n03047690
n0304769000000094.jpg,n03047690
n0304769000000097.jpg,n03047690
n0304769000000098.jpg,n03047690
n0304769000000099.jpg,n03047690
n0304769000000102.jpg,n03047690
n0304769000000104.jpg,n03047690
n0304769000000106.jpg,n03047690
n0304769000000107.jpg,n03047690
n0304769000000109.jpg,n03047690
n0304769000000112.jpg,n03047690
n0304769000000115.jpg,n03047690
n0304769000000117.jpg,n03047690
n0304769000000119.jpg,n03047690
n0304769000000120.jpg,n03047690
n0304769000000122.jpg,n03047690
n0304769000000124.jpg,n03047690
n0304769000000125.jpg,n03047690
n0304769000000126.jpg,n03047690
n0304769000000136.jpg,n03047690
n0304769000000138.jpg,n03047690
n0304769000000139.jpg,n03047690
n0304769000000141.jpg,n03047690
n0304769000000143.jpg,n03047690
n0304769000000146.jpg,n03047690
n0304769000000147.jpg,n03047690
n0304769000000148.jpg,n03047690
n0304769000000152.jpg,n03047690
n0304769000000154.jpg,n03047690
n0304769000000155.jpg,n03047690
n0304769000000157.jpg,n03047690
n0304769000000158.jpg,n03047690
n0304769000000159.jpg,n03047690
n0304769000000160.jpg,n03047690
n0304769000000166.jpg,n03047690
n0304769000000167.jpg,n03047690
n0304769000000168.jpg,n03047690
n0304769000000170.jpg,n03047690
n0304769000000172.jpg,n03047690
n0304769000000175.jpg,n03047690
n0304769000000179.jpg,n03047690
n0304769000000181.jpg,n03047690
n0304769000000182.jpg,n03047690
n0304769000000184.jpg,n03047690
n0304769000000185.jpg,n03047690
n0304769000000188.jpg,n03047690
n0304769000000189.jpg,n03047690
n0304769000000190.jpg,n03047690
n0304769000000191.jpg,n03047690
n0304769000000193.jpg,n03047690
n0304769000000195.jpg,n03047690
n0304769000000196.jpg,n03047690
n0304769000000197.jpg,n03047690
n0304769000000198.jpg,n03047690
n0304769000000199.jpg,n03047690
n0304769000000200.jpg,n03047690
n0304769000000203.jpg,n03047690
n0304769000000205.jpg,n03047690
n0304769000000206.jpg,n03047690
n0304769000000208.jpg,n03047690
n0304769000000209.jpg,n03047690
n0304769000000210.jpg,n03047690
n0304769000000211.jpg,n03047690
n0304769000000213.jpg,n03047690
n0304769000000215.jpg,n03047690
n0304769000000216.jpg,n03047690
n0304769000000217.jpg,n03047690
n0304769000000220.jpg,n03047690
n0304769000000221.jpg,n03047690
n0304769000000222.jpg,n03047690
n0304769000000224.jpg,n03047690
n0304769000000225.jpg,n03047690
n0304769000000226.jpg,n03047690
n0304769000000227.jpg,n03047690
n0304769000000229.jpg,n03047690
n0304769000000230.jpg,n03047690
n0304769000000239.jpg,n03047690
n0304769000000241.jpg,n03047690
n0304769000000244.jpg,n03047690
n0304769000000245.jpg,n03047690
n0304769000000247.jpg,n03047690
n0304769000000248.jpg,n03047690
n0304769000000251.jpg,n03047690
n0304769000000258.jpg,n03047690
n0304769000000260.jpg,n03047690
n0304769000000261.jpg,n03047690
n0304769000000270.jpg,n03047690
n0304769000000276.jpg,n03047690
n0304769000000277.jpg,n03047690
n0304769000000279.jpg,n03047690
n0304769000000283.jpg,n03047690
n0304769000000286.jpg,n03047690
n0304769000000287.jpg,n03047690
n0304769000000288.jpg,n03047690
n0304769000000293.jpg,n03047690
n0304769000000294.jpg,n03047690
n0304769000000299.jpg,n03047690
n0304769000000301.jpg,n03047690
n0304769000000303.jpg,n03047690
n0304769000000307.jpg,n03047690
n0304769000000311.jpg,n03047690
n0304769000000313.jpg,n03047690
n0304769000000314.jpg,n03047690
n0304769000000317.jpg,n03047690
n0304769000000318.jpg,n03047690
n0304769000000319.jpg,n03047690
n0304769000000321.jpg,n03047690
n0304769000000323.jpg,n03047690
n0304769000000324.jpg,n03047690
n0304769000000332.jpg,n03047690
n0304769000000334.jpg,n03047690
n0304769000000337.jpg,n03047690
n0304769000000338.jpg,n03047690
n0304769000000343.jpg,n03047690
n0304769000000345.jpg,n03047690
n0304769000000348.jpg,n03047690
n0304769000000349.jpg,n03047690
n0304769000000350.jpg,n03047690
n0304769000000355.jpg,n03047690
n0304769000000356.jpg,n03047690
n0304769000000358.jpg,n03047690
n0304769000000360.jpg,n03047690
n0304769000000361.jpg,n03047690
n0304769000000362.jpg,n03047690
n0304769000000368.jpg,n03047690
n0304769000000369.jpg,n03047690
n0304769000000372.jpg,n03047690
n0304769000000373.jpg,n03047690
n0304769000000378.jpg,n03047690
n0304769000000379.jpg,n03047690
n0304769000000380.jpg,n03047690
n0304769000000381.jpg,n03047690
n0304769000000382.jpg,n03047690
n0304769000000386.jpg,n03047690
n0304769000000390.jpg,n03047690
n0304769000000392.jpg,n03047690
n0304769000000393.jpg,n03047690
n0304769000000394.jpg,n03047690
n0304769000000396.jpg,n03047690
n0304769000000400.jpg,n03047690
n0304769000000401.jpg,n03047690
n0304769000000405.jpg,n03047690
n0304769000000406.jpg,n03047690
n0304769000000408.jpg,n03047690
n0304769000000410.jpg,n03047690
n0304769000000411.jpg,n03047690
n0304769000000414.jpg,n03047690
n0304769000000417.jpg,n03047690
n0304769000000422.jpg,n03047690
n0304769000000423.jpg,n03047690
n0304769000000424.jpg,n03047690
n0304769000000425.jpg,n03047690
n0304769000000432.jpg,n03047690
n0304769000000433.jpg,n03047690
n0304769000000436.jpg,n03047690
n0304769000000437.jpg,n03047690
n0304769000000438.jpg,n03047690
n0304769000000441.jpg,n03047690
n0304769000000447.jpg,n03047690
n0304769000000448.jpg,n03047690
n0304769000000449.jpg,n03047690
n0304769000000454.jpg,n03047690
n0304769000000457.jpg,n03047690
n0304769000000459.jpg,n03047690
n0304769000000460.jpg,n03047690
n0304769000000461.jpg,n03047690
n0304769000000462.jpg,n03047690
n0304769000000464.jpg,n03047690
n0304769000000465.jpg,n03047690
n0304769000000467.jpg,n03047690
n0304769000000468.jpg,n03047690
n0304769000000469.jpg,n03047690
n0304769000000470.jpg,n03047690
n0304769000000471.jpg,n03047690
n0304769000000475.jpg,n03047690
n0304769000000480.jpg,n03047690
n0304769000000482.jpg,n03047690
n0304769000000485.jpg,n03047690
n0304769000000487.jpg,n03047690
n0304769000000488.jpg,n03047690
n0304769000000489.jpg,n03047690
n0304769000000494.jpg,n03047690
n0304769000000497.jpg,n03047690
n0304769000000499.jpg,n03047690
n0304769000000502.jpg,n03047690
n0304769000000503.jpg,n03047690
n0304769000000504.jpg,n03047690
n0304769000000506.jpg,n03047690
n0304769000000509.jpg,n03047690
n0304769000000510.jpg,n03047690
n0304769000000511.jpg,n03047690
n0304769000000515.jpg,n03047690
n0304769000000522.jpg,n03047690
n0304769000000525.jpg,n03047690
n0304769000000526.jpg,n03047690
n0304769000000528.jpg,n03047690
n0304769000000529.jpg,n03047690
n0304769000000531.jpg,n03047690
n0304769000000534.jpg,n03047690
n0304769000000535.jpg,n03047690
n0304769000000541.jpg,n03047690
n0304769000000546.jpg,n03047690
n0304769000000550.jpg,n03047690
n0304769000000552.jpg,n03047690
n0304769000000553.jpg,n03047690
n0304769000000555.jpg,n03047690
n0304769000000559.jpg,n03047690
n0304769000000562.jpg,n03047690
n0304769000000564.jpg,n03047690
n0304769000000565.jpg,n03047690
n0304769000000567.jpg,n03047690
n0304769000000568.jpg,n03047690
n0304769000000571.jpg,n03047690
n0304769000000573.jpg,n03047690
n0304769000000574.jpg,n03047690
n0304769000000575.jpg,n03047690
n0304769000000576.jpg,n03047690
n0304769000000580.jpg,n03047690
n0304769000000585.jpg,n03047690
n0304769000000587.jpg,n03047690
n0304769000000588.jpg,n03047690
n0304769000000589.jpg,n03047690
n0304769000000591.jpg,n03047690
n0304769000000593.jpg,n03047690
n0304769000000595.jpg,n03047690
n0304769000000603.jpg,n03047690
n0304769000000605.jpg,n03047690
n0304769000000607.jpg,n03047690
n0304769000000609.jpg,n03047690
n0304769000000610.jpg,n03047690
n0304769000000611.jpg,n03047690
n0304769000000612.jpg,n03047690
n0304769000000613.jpg,n03047690
n0304769000000616.jpg,n03047690
n0304769000000617.jpg,n03047690
n0304769000000621.jpg,n03047690
n0304769000000622.jpg,n03047690
n0304769000000623.jpg,n03047690
n0304769000000624.jpg,n03047690
n0304769000000625.jpg,n03047690
n0304769000000627.jpg,n03047690
n0304769000000630.jpg,n03047690
n0304769000000633.jpg,n03047690
n0304769000000634.jpg,n03047690
n0304769000000636.jpg,n03047690
n0304769000000638.jpg,n03047690
n0304769000000640.jpg,n03047690
n0304769000000641.jpg,n03047690
n0304769000000642.jpg,n03047690
n0304769000000643.jpg,n03047690
n0304769000000644.jpg,n03047690
n0304769000000645.jpg,n03047690
n0304769000000647.jpg,n03047690
n0304769000000648.jpg,n03047690
n0304769000000649.jpg,n03047690
n0304769000000650.jpg,n03047690
n0304769000000651.jpg,n03047690
n0304769000000654.jpg,n03047690
n0304769000000655.jpg,n03047690
n0304769000000656.jpg,n03047690
n0304769000000657.jpg,n03047690
n0304769000000658.jpg,n03047690
n0304769000000662.jpg,n03047690
n0304769000000664.jpg,n03047690
n0304769000000667.jpg,n03047690
n0304769000000668.jpg,n03047690
n0304769000000669.jpg,n03047690
n0304769000000671.jpg,n03047690
n0304769000000674.jpg,n03047690
n0304769000000675.jpg,n03047690
n0304769000000678.jpg,n03047690
n0304769000000679.jpg,n03047690
n0304769000000682.jpg,n03047690
n0304769000000686.jpg,n03047690
n0304769000000687.jpg,n03047690
n0304769000000688.jpg,n03047690
n0304769000000689.jpg,n03047690
n0304769000000691.jpg,n03047690
n0304769000000697.jpg,n03047690
n0304769000000698.jpg,n03047690
n0304769000000700.jpg,n03047690
n0304769000000701.jpg,n03047690
n0304769000000702.jpg,n03047690
n0304769000000703.jpg,n03047690
n0304769000000705.jpg,n03047690
n0304769000000706.jpg,n03047690
n0304769000000707.jpg,n03047690
n0304769000000708.jpg,n03047690
n0304769000000712.jpg,n03047690
n0304769000000713.jpg,n03047690
n0304769000000715.jpg,n03047690
n0304769000000719.jpg,n03047690
n0304769000000721.jpg,n03047690
n0304769000000723.jpg,n03047690
n0304769000000724.jpg,n03047690
n0304769000000725.jpg,n03047690
n0304769000000729.jpg,n03047690
n0304769000000731.jpg,n03047690
n0304769000000733.jpg,n03047690
n0304769000000738.jpg,n03047690
n0304769000000739.jpg,n03047690
n0304769000000740.jpg,n03047690
n0304769000000743.jpg,n03047690
n0304769000000749.jpg,n03047690
n0304769000000752.jpg,n03047690
n0304769000000754.jpg,n03047690
n0304769000000755.jpg,n03047690
n0304769000000756.jpg,n03047690
n0304769000000757.jpg,n03047690
n0304769000000759.jpg,n03047690
n0304769000000760.jpg,n03047690
n0304769000000761.jpg,n03047690
n0304769000000764.jpg,n03047690
n0304769000000765.jpg,n03047690
n0304769000000767.jpg,n03047690
n0304769000000769.jpg,n03047690
n0304769000000770.jpg,n03047690
n0304769000000771.jpg,n03047690
n0304769000000773.jpg,n03047690
n0304769000000774.jpg,n03047690
n0304769000000775.jpg,n03047690
n0304769000000776.jpg,n03047690
n0304769000000779.jpg,n03047690
n0304769000000780.jpg,n03047690
n0304769000000782.jpg,n03047690
n0304769000000787.jpg,n03047690
n0304769000000791.jpg,n03047690
n0304769000000795.jpg,n03047690
n0304769000000798.jpg,n03047690
n0304769000000802.jpg,n03047690
n0304769000000804.jpg,n03047690
n0304769000000809.jpg,n03047690
n0304769000000811.jpg,n03047690
n0304769000000812.jpg,n03047690
n0304769000000813.jpg,n03047690
n0304769000000814.jpg,n03047690
n0304769000000816.jpg,n03047690
n0304769000000818.jpg,n03047690
n0304769000000820.jpg,n03047690
n0304769000000822.jpg,n03047690
n0304769000000823.jpg,n03047690
n0304769000000824.jpg,n03047690
n0304769000000827.jpg,n03047690
n0304769000000828.jpg,n03047690
n0304769000000829.jpg,n03047690
n0304769000000831.jpg,n03047690
n0304769000000832.jpg,n03047690
n0304769000000833.jpg,n03047690
n0304769000000834.jpg,n03047690
n0304769000000835.jpg,n03047690
n0304769000000836.jpg,n03047690
n0304769000000838.jpg,n03047690
n0304769000000843.jpg,n03047690
n0304769000000848.jpg,n03047690
n0304769000000850.jpg,n03047690
n0304769000000851.jpg,n03047690
n0304769000000852.jpg,n03047690
n0304769000000853.jpg,n03047690
n0304769000000854.jpg,n03047690
n0304769000000857.jpg,n03047690
n0304769000000860.jpg,n03047690
n0304769000000868.jpg,n03047690
n0304769000000871.jpg,n03047690
n0304769000000877.jpg,n03047690
n0304769000000878.jpg,n03047690
n0304769000000879.jpg,n03047690
n0304769000000880.jpg,n03047690
n0304769000000881.jpg,n03047690
n0304769000000884.jpg,n03047690
n0304769000000886.jpg,n03047690
n0304769000000887.jpg,n03047690
n0304769000000889.jpg,n03047690
n0304769000000890.jpg,n03047690
n0304769000000891.jpg,n03047690
n0304769000000892.jpg,n03047690
n0304769000000897.jpg,n03047690
n0304769000000905.jpg,n03047690
n0304769000000906.jpg,n03047690
n0304769000000910.jpg,n03047690
n0304769000000911.jpg,n03047690
n0304769000000914.jpg,n03047690
n0304769000000916.jpg,n03047690
n0304769000000918.jpg,n03047690
n0304769000000925.jpg,n03047690
n0304769000000926.jpg,n03047690
n0304769000000927.jpg,n03047690
n0304769000000937.jpg,n03047690
n0304769000000940.jpg,n03047690
n0304769000000941.jpg,n03047690
n0304769000000942.jpg,n03047690
n0304769000000943.jpg,n03047690
n0304769000000949.jpg,n03047690
n0304769000000950.jpg,n03047690
n0304769000000956.jpg,n03047690
n0304769000000957.jpg,n03047690
n0304769000000959.jpg,n03047690
n0304769000000961.jpg,n03047690
n0304769000000962.jpg,n03047690
n0304769000000963.jpg,n03047690
n0304769000000966.jpg,n03047690
n0304769000000967.jpg,n03047690
n0304769000000968.jpg,n03047690
n0304769000000970.jpg,n03047690
n0304769000000971.jpg,n03047690
n0304769000000972.jpg,n03047690
n0304769000000973.jpg,n03047690
n0304769000000975.jpg,n03047690
n0304769000000976.jpg,n03047690
n0304769000000978.jpg,n03047690
n0304769000000980.jpg,n03047690
n0304769000000981.jpg,n03047690
n0304769000000982.jpg,n03047690
n0304769000000984.jpg,n03047690
n0304769000000986.jpg,n03047690
n0304769000000988.jpg,n03047690
n0304769000000989.jpg,n03047690
n0304769000000993.jpg,n03047690
n0304769000000994.jpg,n03047690
n0304769000000996.jpg,n03047690
n0304769000000997.jpg,n03047690
n0304769000000998.jpg,n03047690
n0304769000000999.jpg,n03047690
n0304769000001000.jpg,n03047690
n0304769000001003.jpg,n03047690
n0304769000001005.jpg,n03047690
n0304769000001006.jpg,n03047690
n0304769000001008.jpg,n03047690
n0304769000001011.jpg,n03047690
n0304769000001012.jpg,n03047690
n0304769000001014.jpg,n03047690
n0304769000001015.jpg,n03047690
n0304769000001016.jpg,n03047690
n0304769000001017.jpg,n03047690
n0304769000001018.jpg,n03047690
n0304769000001021.jpg,n03047690
n0304769000001022.jpg,n03047690
n0304769000001024.jpg,n03047690
n0304769000001025.jpg,n03047690
n0304769000001026.jpg,n03047690
n0304769000001030.jpg,n03047690
n0304769000001031.jpg,n03047690
n0304769000001032.jpg,n03047690
n0304769000001036.jpg,n03047690
n0304769000001041.jpg,n03047690
n0304769000001042.jpg,n03047690
n0304769000001044.jpg,n03047690
n0304769000001045.jpg,n03047690
n0304769000001047.jpg,n03047690
n0304769000001049.jpg,n03047690
n0304769000001053.jpg,n03047690
n0304769000001056.jpg,n03047690
n0304769000001057.jpg,n03047690
n0304769000001058.jpg,n03047690
n0304769000001059.jpg,n03047690
n0304769000001061.jpg,n03047690
n0304769000001065.jpg,n03047690
n0304769000001066.jpg,n03047690
n0304769000001068.jpg,n03047690
n0304769000001070.jpg,n03047690
n0304769000001071.jpg,n03047690
n0304769000001072.jpg,n03047690
n0304769000001073.jpg,n03047690
n0304769000001076.jpg,n03047690
n0304769000001078.jpg,n03047690
n0304769000001079.jpg,n03047690
n0304769000001085.jpg,n03047690
n0304769000001088.jpg,n03047690
n0304769000001089.jpg,n03047690
n0304769000001091.jpg,n03047690
n0304769000001092.jpg,n03047690
n0304769000001095.jpg,n03047690
n0304769000001096.jpg,n03047690
n0304769000001097.jpg,n03047690
n0304769000001106.jpg,n03047690
n0304769000001108.jpg,n03047690
n0304769000001111.jpg,n03047690
n0304769000001115.jpg,n03047690
n0304769000001119.jpg,n03047690
n0304769000001120.jpg,n03047690
n0304769000001121.jpg,n03047690
n0304769000001122.jpg,n03047690
n0304769000001128.jpg,n03047690
n0304769000001129.jpg,n03047690
n0304769000001130.jpg,n03047690
n0304769000001134.jpg,n03047690
n0304769000001135.jpg,n03047690
n0304769000001137.jpg,n03047690
n0304769000001138.jpg,n03047690
n0304769000001139.jpg,n03047690
n0304769000001140.jpg,n03047690
n0304769000001141.jpg,n03047690
n0304769000001143.jpg,n03047690
n0304769000001145.jpg,n03047690
n0304769000001146.jpg,n03047690
n0304769000001147.jpg,n03047690
n0304769000001149.jpg,n03047690
n0304769000001150.jpg,n03047690
n0304769000001151.jpg,n03047690
n0304769000001153.jpg,n03047690
n0304769000001154.jpg,n03047690
n0304769000001156.jpg,n03047690
n0304769000001157.jpg,n03047690
n0304769000001160.jpg,n03047690
n0304769000001161.jpg,n03047690
n0304769000001165.jpg,n03047690
n0304769000001167.jpg,n03047690
n0304769000001168.jpg,n03047690
n0304769000001169.jpg,n03047690
n0304769000001170.jpg,n03047690
n0304769000001174.jpg,n03047690
n0304769000001176.jpg,n03047690
n0304769000001180.jpg,n03047690
n0304769000001186.jpg,n03047690
n0304769000001188.jpg,n03047690
n0304769000001190.jpg,n03047690
n0304769000001192.jpg,n03047690
n0304769000001194.jpg,n03047690
n0304769000001197.jpg,n03047690
n0304769000001200.jpg,n03047690
n0304769000001203.jpg,n03047690
n0304769000001204.jpg,n03047690
n0304769000001205.jpg,n03047690
n0304769000001207.jpg,n03047690
n0304769000001208.jpg,n03047690
n0304769000001209.jpg,n03047690
n0304769000001212.jpg,n03047690
n0304769000001217.jpg,n03047690
n0304769000001219.jpg,n03047690
n0304769000001225.jpg,n03047690
n0304769000001226.jpg,n03047690
n0304769000001227.jpg,n03047690
n0304769000001230.jpg,n03047690
n0304769000001231.jpg,n03047690
n0304769000001232.jpg,n03047690
n0304769000001238.jpg,n03047690
n0304769000001239.jpg,n03047690
n0304769000001241.jpg,n03047690
n0304769000001244.jpg,n03047690
n0304769000001247.jpg,n03047690
n0304769000001248.jpg,n03047690
n0304769000001256.jpg,n03047690
n0304769000001258.jpg,n03047690
n0304769000001259.jpg,n03047690
n0304769000001260.jpg,n03047690
n0304769000001263.jpg,n03047690
n0304769000001264.jpg,n03047690
n0304769000001265.jpg,n03047690
n0304769000001266.jpg,n03047690
n0304769000001269.jpg,n03047690
n0304769000001273.jpg,n03047690
n0304769000001274.jpg,n03047690
n0304769000001275.jpg,n03047690
n0304769000001279.jpg,n03047690
n0304769000001283.jpg,n03047690
n0304769000001284.jpg,n03047690
n0304769000001286.jpg,n03047690
n0304769000001287.jpg,n03047690
n0304769000001291.jpg,n03047690
n0304769000001294.jpg,n03047690
n0304769000001295.jpg,n03047690
n0304769000001296.jpg,n03047690
n0304769000001297.jpg,n03047690
n0304769000001298.jpg,n03047690
n0304769000001299.jpg,n03047690
n0153282900000005.jpg,n01532829
n0153282900000006.jpg,n01532829
n0153282900000007.jpg,n01532829
n0153282900000010.jpg,n01532829
n0153282900000014.jpg,n01532829
n0153282900000015.jpg,n01532829
n0153282900000016.jpg,n01532829
n0153282900000017.jpg,n01532829
n0153282900000018.jpg,n01532829
n0153282900000019.jpg,n01532829
n0153282900000020.jpg,n01532829
n0153282900000021.jpg,n01532829
n0153282900000023.jpg,n01532829
n0153282900000028.jpg,n01532829
n0153282900000031.jpg,n01532829
n0153282900000033.jpg,n01532829
n0153282900000034.jpg,n01532829
n0153282900000036.jpg,n01532829
n0153282900000037.jpg,n01532829
n0153282900000038.jpg,n01532829
n0153282900000040.jpg,n01532829
n0153282900000041.jpg,n01532829
n0153282900000042.jpg,n01532829
n0153282900000046.jpg,n01532829
n0153282900000048.jpg,n01532829
n0153282900000049.jpg,n01532829
n0153282900000051.jpg,n01532829
n0153282900000053.jpg,n01532829
n0153282900000058.jpg,n01532829
n0153282900000059.jpg,n01532829
n0153282900000062.jpg,n01532829
n0153282900000063.jpg,n01532829
n0153282900000066.jpg,n01532829
n0153282900000068.jpg,n01532829
n0153282900000069.jpg,n01532829
n0153282900000070.jpg,n01532829
n0153282900000074.jpg,n01532829
n0153282900000076.jpg,n01532829
n0153282900000078.jpg,n01532829
n0153282900000083.jpg,n01532829
n0153282900000084.jpg,n01532829
n0153282900000087.jpg,n01532829
n0153282900000088.jpg,n01532829
n0153282900000090.jpg,n01532829
n0153282900000091.jpg,n01532829
n0153282900000097.jpg,n01532829
n0153282900000099.jpg,n01532829
n0153282900000102.jpg,n01532829
n0153282900000105.jpg,n01532829
n0153282900000111.jpg,n01532829
n0153282900000112.jpg,n01532829
n0153282900000113.jpg,n01532829
n0153282900000116.jpg,n01532829
n0153282900000118.jpg,n01532829
n0153282900000120.jpg,n01532829
n0153282900000121.jpg,n01532829
n0153282900000122.jpg,n01532829
n0153282900000123.jpg,n01532829
n0153282900000127.jpg,n01532829
n0153282900000131.jpg,n01532829
n0153282900000134.jpg,n01532829
n0153282900000135.jpg,n01532829
n0153282900000136.jpg,n01532829
n0153282900000137.jpg,n01532829
n0153282900000138.jpg,n01532829
n0153282900000140.jpg,n01532829
n0153282900000142.jpg,n01532829
n0153282900000145.jpg,n01532829
n0153282900000146.jpg,n01532829
n0153282900000147.jpg,n01532829
n0153282900000150.jpg,n01532829
n0153282900000151.jpg,n01532829
n0153282900000154.jpg,n01532829
n0153282900000155.jpg,n01532829
n0153282900000156.jpg,n01532829
n0153282900000157.jpg,n01532829
n0153282900000158.jpg,n01532829
n0153282900000159.jpg,n01532829
n0153282900000162.jpg,n01532829
n0153282900000163.jpg,n01532829
n0153282900000164.jpg,n01532829
n0153282900000165.jpg,n01532829
n0153282900000167.jpg,n01532829
n0153282900000168.jpg,n01532829
n0153282900000171.jpg,n01532829
n0153282900000179.jpg,n01532829
n0153282900000181.jpg,n01532829
n0153282900000183.jpg,n01532829
n0153282900000185.jpg,n01532829
n0153282900000193.jpg,n01532829
n0153282900000194.jpg,n01532829
n0153282900000198.jpg,n01532829
n0153282900000199.jpg,n01532829
n0153282900000203.jpg,n01532829
n0153282900000204.jpg,n01532829
n0153282900000205.jpg,n01532829
n0153282900000207.jpg,n01532829
n0153282900000209.jpg,n01532829
n0153282900000210.jpg,n01532829
n0153282900000211.jpg,n01532829
n0153282900000212.jpg,n01532829
n0153282900000214.jpg,n01532829
n0153282900000215.jpg,n01532829
n0153282900000216.jpg,n01532829
n0153282900000219.jpg,n01532829
n0153282900000220.jpg,n01532829
n0153282900000224.jpg,n01532829
n0153282900000225.jpg,n01532829
n0153282900000226.jpg,n01532829
n0153282900000228.jpg,n01532829
n0153282900000230.jpg,n01532829
n0153282900000231.jpg,n01532829
n0153282900000234.jpg,n01532829
n0153282900000236.jpg,n01532829
n0153282900000238.jpg,n01532829
n0153282900000239.jpg,n01532829
n0153282900000240.jpg,n01532829
n0153282900000243.jpg,n01532829
n0153282900000244.jpg,n01532829
n0153282900000250.jpg,n01532829
n0153282900000253.jpg,n01532829
n0153282900000255.jpg,n01532829
n0153282900000256.jpg,n01532829
n0153282900000258.jpg,n01532829
n0153282900000259.jpg,n01532829
n0153282900000261.jpg,n01532829
n0153282900000262.jpg,n01532829
n0153282900000263.jpg,n01532829
n0153282900000265.jpg,n01532829
n0153282900000266.jpg,n01532829
n0153282900000269.jpg,n01532829
n0153282900000272.jpg,n01532829
n0153282900000274.jpg,n01532829
n0153282900000275.jpg,n01532829
n0153282900000276.jpg,n01532829
n0153282900000286.jpg,n01532829
n0153282900000291.jpg,n01532829
n0153282900000295.jpg,n01532829
n0153282900000298.jpg,n01532829
n0153282900000300.jpg,n01532829
n0153282900000301.jpg,n01532829
n0153282900000304.jpg,n01532829
n0153282900000305.jpg,n01532829
n0153282900000307.jpg,n01532829
n0153282900000309.jpg,n01532829
n0153282900000310.jpg,n01532829
n0153282900000311.jpg,n01532829
n0153282900000316.jpg,n01532829
n0153282900000317.jpg,n01532829
n0153282900000318.jpg,n01532829
n0153282900000319.jpg,n01532829
n0153282900000320.jpg,n01532829
n0153282900000321.jpg,n01532829
n0153282900000322.jpg,n01532829
n0153282900000323.jpg,n01532829
n0153282900000324.jpg,n01532829
n0153282900000327.jpg,n01532829
n0153282900000329.jpg,n01532829
n0153282900000335.jpg,n01532829
n0153282900000337.jpg,n01532829
n0153282900000339.jpg,n01532829
n0153282900000342.jpg,n01532829
n0153282900000344.jpg,n01532829
n0153282900000348.jpg,n01532829
n0153282900000349.jpg,n01532829
n0153282900000352.jpg,n01532829
n0153282900000353.jpg,n01532829
n0153282900000354.jpg,n01532829
n0153282900000355.jpg,n01532829
n0153282900000356.jpg,n01532829
n0153282900000359.jpg,n01532829
n0153282900000364.jpg,n01532829
n0153282900000365.jpg,n01532829
n0153282900000367.jpg,n01532829
n0153282900000369.jpg,n01532829
n0153282900000371.jpg,n01532829
n0153282900000372.jpg,n01532829
n0153282900000375.jpg,n01532829
n0153282900000376.jpg,n01532829
n0153282900000377.jpg,n01532829
n0153282900000381.jpg,n01532829
n0153282900000382.jpg,n01532829
n0153282900000383.jpg,n01532829
n0153282900000384.jpg,n01532829
n0153282900000387.jpg,n01532829
n0153282900000389.jpg,n01532829
n0153282900000394.jpg,n01532829
n0153282900000398.jpg,n01532829
n0153282900000401.jpg,n01532829
n0153282900000403.jpg,n01532829
n0153282900000406.jpg,n01532829
n0153282900000409.jpg,n01532829
n0153282900000412.jpg,n01532829
n0153282900000413.jpg,n01532829
n0153282900000417.jpg,n01532829
n0153282900000419.jpg,n01532829
n0153282900000421.jpg,n01532829
n0153282900000422.jpg,n01532829
n0153282900000425.jpg,n01532829
n0153282900000427.jpg,n01532829
n0153282900000428.jpg,n01532829
n0153282900000429.jpg,n01532829
n0153282900000430.jpg,n01532829
n0153282900000435.jpg,n01532829
n0153282900000436.jpg,n01532829
n0153282900000439.jpg,n01532829
n0153282900000446.jpg,n01532829
n0153282900000453.jpg,n01532829
n0153282900000455.jpg,n01532829
n0153282900000457.jpg,n01532829
n0153282900000459.jpg,n01532829
n0153282900000461.jpg,n01532829
n0153282900000465.jpg,n01532829
n0153282900000467.jpg,n01532829
n0153282900000468.jpg,n01532829
n0153282900000469.jpg,n01532829
n0153282900000470.jpg,n01532829
n0153282900000474.jpg,n01532829
n0153282900000476.jpg,n01532829
n0153282900000477.jpg,n01532829
n0153282900000478.jpg,n01532829
n0153282900000479.jpg,n01532829
n0153282900000480.jpg,n01532829
n0153282900000484.jpg,n01532829
n0153282900000488.jpg,n01532829
n0153282900000490.jpg,n01532829
n0153282900000496.jpg,n01532829
n0153282900000497.jpg,n01532829
n0153282900000499.jpg,n01532829
n0153282900000501.jpg,n01532829
n0153282900000502.jpg,n01532829
n0153282900000503.jpg,n01532829
n0153282900000504.jpg,n01532829
n0153282900000507.jpg,n01532829
n0153282900000508.jpg,n01532829
n0153282900000509.jpg,n01532829
n0153282900000511.jpg,n01532829
n0153282900000519.jpg,n01532829
n0153282900000523.jpg,n01532829
n0153282900000525.jpg,n01532829
n0153282900000527.jpg,n01532829
n0153282900000529.jpg,n01532829
n0153282900000530.jpg,n01532829
n0153282900000531.jpg,n01532829
n0153282900000534.jpg,n01532829
n0153282900000535.jpg,n01532829
n0153282900000537.jpg,n01532829
n0153282900000540.jpg,n01532829
n0153282900000546.jpg,n01532829
n0153282900000547.jpg,n01532829
n0153282900000548.jpg,n01532829
n0153282900000550.jpg,n01532829
n0153282900000552.jpg,n01532829
n0153282900000553.jpg,n01532829
n0153282900000555.jpg,n01532829
n0153282900000556.jpg,n01532829
n0153282900000560.jpg,n01532829
n0153282900000561.jpg,n01532829
n0153282900000562.jpg,n01532829
n0153282900000564.jpg,n01532829
n0153282900000569.jpg,n01532829
n0153282900000571.jpg,n01532829
n0153282900000572.jpg,n01532829
n0153282900000574.jpg,n01532829
n0153282900000577.jpg,n01532829
n0153282900000579.jpg,n01532829
n0153282900000580.jpg,n01532829
n0153282900000584.jpg,n01532829
n0153282900000585.jpg,n01532829
n0153282900000589.jpg,n01532829
n0153282900000592.jpg,n01532829
n0153282900000595.jpg,n01532829
n0153282900000596.jpg,n01532829
n0153282900000598.jpg,n01532829
n0153282900000600.jpg,n01532829
n0153282900000605.jpg,n01532829
n0153282900000606.jpg,n01532829
n0153282900000607.jpg,n01532829
n0153282900000610.jpg,n01532829
n0153282900000613.jpg,n01532829
n0153282900000615.jpg,n01532829
n0153282900000616.jpg,n01532829
n0153282900000620.jpg,n01532829
n0153282900000622.jpg,n01532829
n0153282900000623.jpg,n01532829
n0153282900000624.jpg,n01532829
n0153282900000626.jpg,n01532829
n0153282900000627.jpg,n01532829
n0153282900000630.jpg,n01532829
n0153282900000631.jpg,n01532829
n0153282900000632.jpg,n01532829
n0153282900000633.jpg,n01532829
n0153282900000634.jpg,n01532829
n0153282900000636.jpg,n01532829
n0153282900000641.jpg,n01532829
n0153282900000642.jpg,n01532829
n0153282900000644.jpg,n01532829
n0153282900000650.jpg,n01532829
n0153282900000651.jpg,n01532829
n0153282900000652.jpg,n01532829
n0153282900000653.jpg,n01532829
n0153282900000654.jpg,n01532829
n0153282900000658.jpg,n01532829
n0153282900000660.jpg,n01532829
n0153282900000663.jpg,n01532829
n0153282900000665.jpg,n01532829
n0153282900000666.jpg,n01532829
n0153282900000668.jpg,n01532829
n0153282900000669.jpg,n01532829
n0153282900000673.jpg,n01532829
n0153282900000675.jpg,n01532829
n0153282900000679.jpg,n01532829
n0153282900000681.jpg,n01532829
n0153282900000682.jpg,n01532829
n0153282900000687.jpg,n01532829
n0153282900000688.jpg,n01532829
n0153282900000693.jpg,n01532829
n0153282900000694.jpg,n01532829
n0153282900000695.jpg,n01532829
n0153282900000696.jpg,n01532829
n0153282900000700.jpg,n01532829
n0153282900000703.jpg,n01532829
n0153282900000707.jpg,n01532829
n0153282900000708.jpg,n01532829
n0153282900000709.jpg,n01532829
n0153282900000712.jpg,n01532829
n0153282900000714.jpg,n01532829
n0153282900000720.jpg,n01532829
n0153282900000722.jpg,n01532829
n0153282900000724.jpg,n01532829
n0153282900000728.jpg,n01532829
n0153282900000729.jpg,n01532829
n0153282900000730.jpg,n01532829
n0153282900000732.jpg,n01532829
n0153282900000733.jpg,n01532829
n0153282900000745.jpg,n01532829
n0153282900000747.jpg,n01532829
n0153282900000749.jpg,n01532829
n0153282900000751.jpg,n01532829
n0153282900000752.jpg,n01532829
n0153282900000753.jpg,n01532829
n0153282900000754.jpg,n01532829
n0153282900000755.jpg,n01532829
n0153282900000756.jpg,n01532829
n0153282900000758.jpg,n01532829
n0153282900000760.jpg,n01532829
n0153282900000761.jpg,n01532829
n0153282900000762.jpg,n01532829
n0153282900000764.jpg,n01532829
n0153282900000768.jpg,n01532829
n0153282900000769.jpg,n01532829
n0153282900000772.jpg,n01532829
n0153282900000774.jpg,n01532829
n0153282900000777.jpg,n01532829
n0153282900000779.jpg,n01532829
n0153282900000782.jpg,n01532829
n0153282900000783.jpg,n01532829
n0153282900000787.jpg,n01532829
n0153282900000788.jpg,n01532829
n0153282900000789.jpg,n01532829
n0153282900000791.jpg,n01532829
n0153282900000792.jpg,n01532829
n0153282900000795.jpg,n01532829
n0153282900000796.jpg,n01532829
n0153282900000798.jpg,n01532829
n0153282900000799.jpg,n01532829
n0153282900000802.jpg,n01532829
n0153282900000805.jpg,n01532829
n0153282900000806.jpg,n01532829
n0153282900000809.jpg,n01532829
n0153282900000810.jpg,n01532829
n0153282900000811.jpg,n01532829
n0153282900000813.jpg,n01532829
n0153282900000815.jpg,n01532829
n0153282900000818.jpg,n01532829
n0153282900000821.jpg,n01532829
n0153282900000825.jpg,n01532829
n0153282900000827.jpg,n01532829
n0153282900000828.jpg,n01532829
n0153282900000829.jpg,n01532829
n0153282900000833.jpg,n01532829
n0153282900000834.jpg,n01532829
n0153282900000840.jpg,n01532829
n0153282900000841.jpg,n01532829
n0153282900000842.jpg,n01532829
n0153282900000843.jpg,n01532829
n0153282900000846.jpg,n01532829
n0153282900000848.jpg,n01532829
n0153282900000850.jpg,n01532829
n0153282900000851.jpg,n01532829
n0153282900000855.jpg,n01532829
n0153282900000856.jpg,n01532829
n0153282900000857.jpg,n01532829
n0153282900000867.jpg,n01532829
n0153282900000868.jpg,n01532829
n0153282900000869.jpg,n01532829
n0153282900000873.jpg,n01532829
n0153282900000874.jpg,n01532829
n0153282900000876.jpg,n01532829
n0153282900000877.jpg,n01532829
n0153282900000878.jpg,n01532829
n0153282900000881.jpg,n01532829
n0153282900000883.jpg,n01532829
n0153282900000887.jpg,n01532829
n0153282900000890.jpg,n01532829
n0153282900000892.jpg,n01532829
n0153282900000893.jpg,n01532829
n0153282900000894.jpg,n01532829
n0153282900000897.jpg,n01532829
n0153282900000898.jpg,n01532829
n0153282900000900.jpg,n01532829
n0153282900000903.jpg,n01532829
n0153282900000907.jpg,n01532829
n0153282900000911.jpg,n01532829
n0153282900000912.jpg,n01532829
n0153282900000915.jpg,n01532829
n0153282900000918.jpg,n01532829
n0153282900000925.jpg,n01532829
n0153282900000926.jpg,n01532829
n0153282900000929.jpg,n01532829
n0153282900000930.jpg,n01532829
n0153282900000931.jpg,n01532829
n0153282900000935.jpg,n01532829
n0153282900000937.jpg,n01532829
n0153282900000938.jpg,n01532829
n0153282900000939.jpg,n01532829
n0153282900000940.jpg,n01532829
n0153282900000942.jpg,n01532829
n0153282900000943.jpg,n01532829
n0153282900000945.jpg,n01532829
n0153282900000946.jpg,n01532829
n0153282900000947.jpg,n01532829
n0153282900000951.jpg,n01532829
n0153282900000953.jpg,n01532829
n0153282900000955.jpg,n01532829
n0153282900000957.jpg,n01532829
n0153282900000961.jpg,n01532829
n0153282900000962.jpg,n01532829
n0153282900000963.jpg,n01532829
n0153282900000964.jpg,n01532829
n0153282900000965.jpg,n01532829
n0153282900000966.jpg,n01532829
n0153282900000968.jpg,n01532829
n0153282900000970.jpg,n01532829
n0153282900000975.jpg,n01532829
n0153282900000976.jpg,n01532829
n0153282900000977.jpg,n01532829
n0153282900000983.jpg,n01532829
n0153282900000985.jpg,n01532829
n0153282900000987.jpg,n01532829
n0153282900000988.jpg,n01532829
n0153282900000989.jpg,n01532829
n0153282900000990.jpg,n01532829
n0153282900000994.jpg,n01532829
n0153282900000995.jpg,n01532829
n0153282900000998.jpg,n01532829
n0153282900001000.jpg,n01532829
n0153282900001002.jpg,n01532829
n0153282900001004.jpg,n01532829
n0153282900001006.jpg,n01532829
n0153282900001008.jpg,n01532829
n0153282900001009.jpg,n01532829
n0153282900001013.jpg,n01532829
n0153282900001018.jpg,n01532829
n0153282900001019.jpg,n01532829
n0153282900001020.jpg,n01532829
n0153282900001024.jpg,n01532829
n0153282900001026.jpg,n01532829
n0153282900001028.jpg,n01532829
n0153282900001030.jpg,n01532829
n0153282900001031.jpg,n01532829
n0153282900001033.jpg,n01532829
n0153282900001034.jpg,n01532829
n0153282900001036.jpg,n01532829
n0153282900001043.jpg,n01532829
n0153282900001045.jpg,n01532829
n0153282900001046.jpg,n01532829
n0153282900001047.jpg,n01532829
n0153282900001048.jpg,n01532829
n0153282900001052.jpg,n01532829
n0153282900001053.jpg,n01532829
n0153282900001055.jpg,n01532829
n0153282900001057.jpg,n01532829
n0153282900001061.jpg,n01532829
n0153282900001064.jpg,n01532829
n0153282900001065.jpg,n01532829
n0153282900001069.jpg,n01532829
n0153282900001070.jpg,n01532829
n0153282900001075.jpg,n01532829
n0153282900001078.jpg,n01532829
n0153282900001082.jpg,n01532829
n0153282900001084.jpg,n01532829
n0153282900001085.jpg,n01532829
n0153282900001086.jpg,n01532829
n0153282900001087.jpg,n01532829
n0153282900001088.jpg,n01532829
n0153282900001090.jpg,n01532829
n0153282900001091.jpg,n01532829
n0153282900001093.jpg,n01532829
n0153282900001094.jpg,n01532829
n0153282900001095.jpg,n01532829
n0153282900001099.jpg,n01532829
n0153282900001100.jpg,n01532829
n0153282900001101.jpg,n01532829
n0153282900001102.jpg,n01532829
n0153282900001107.jpg,n01532829
n0153282900001112.jpg,n01532829
n0153282900001113.jpg,n01532829
n0153282900001114.jpg,n01532829
n0153282900001117.jpg,n01532829
n0153282900001119.jpg,n01532829
n0153282900001120.jpg,n01532829
n0153282900001124.jpg,n01532829
n0153282900001127.jpg,n01532829
n0153282900001128.jpg,n01532829
n0153282900001129.jpg,n01532829
n0153282900001131.jpg,n01532829
n0153282900001132.jpg,n01532829
n0153282900001134.jpg,n01532829
n0153282900001138.jpg,n01532829
n0153282900001139.jpg,n01532829
n0153282900001140.jpg,n01532829
n0153282900001143.jpg,n01532829
n0153282900001144.jpg,n01532829
n0153282900001145.jpg,n01532829
n0153282900001147.jpg,n01532829
n0153282900001148.jpg,n01532829
n0153282900001152.jpg,n01532829
n0153282900001153.jpg,n01532829
n0153282900001154.jpg,n01532829
n0153282900001155.jpg,n01532829
n0153282900001160.jpg,n01532829
n0153282900001161.jpg,n01532829
n0153282900001162.jpg,n01532829
n0153282900001166.jpg,n01532829
n0153282900001167.jpg,n01532829
n0153282900001168.jpg,n01532829
n0153282900001170.jpg,n01532829
n0153282900001171.jpg,n01532829
n0153282900001172.jpg,n01532829
n0153282900001173.jpg,n01532829
n0153282900001175.jpg,n01532829
n0153282900001177.jpg,n01532829
n0153282900001180.jpg,n01532829
n0153282900001181.jpg,n01532829
n0153282900001183.jpg,n01532829
n0153282900001184.jpg,n01532829
n0153282900001185.jpg,n01532829
n0153282900001186.jpg,n01532829
n0153282900001189.jpg,n01532829
n0153282900001191.jpg,n01532829
n0153282900001196.jpg,n01532829
n0153282900001197.jpg,n01532829
n0153282900001199.jpg,n01532829
n0153282900001201.jpg,n01532829
n0153282900001203.jpg,n01532829
n0153282900001205.jpg,n01532829
n0153282900001206.jpg,n01532829
n0153282900001207.jpg,n01532829
n0153282900001210.jpg,n01532829
n0153282900001212.jpg,n01532829
n0153282900001215.jpg,n01532829
n0153282900001216.jpg,n01532829
n0153282900001217.jpg,n01532829
n0153282900001220.jpg,n01532829
n0153282900001222.jpg,n01532829
n0153282900001223.jpg,n01532829
n0153282900001225.jpg,n01532829
n0153282900001227.jpg,n01532829
n0153282900001230.jpg,n01532829
n0153282900001231.jpg,n01532829
n0153282900001232.jpg,n01532829
n0153282900001236.jpg,n01532829
n0153282900001238.jpg,n01532829
n0153282900001239.jpg,n01532829
n0153282900001240.jpg,n01532829
n0153282900001241.jpg,n01532829
n0153282900001247.jpg,n01532829
n0153282900001253.jpg,n01532829
n0153282900001255.jpg,n01532829
n0153282900001257.jpg,n01532829
n0153282900001259.jpg,n01532829
n0153282900001263.jpg,n01532829
n0153282900001264.jpg,n01532829
n0153282900001265.jpg,n01532829
n0153282900001268.jpg,n01532829
n0153282900001273.jpg,n01532829
n0153282900001274.jpg,n01532829
n0153282900001276.jpg,n01532829
n0153282900001278.jpg,n01532829
n0153282900001279.jpg,n01532829
n0153282900001281.jpg,n01532829
n0153282900001284.jpg,n01532829
n0153282900001287.jpg,n01532829
n0153282900001288.jpg,n01532829
n0153282900001290.jpg,n01532829
n0153282900001291.jpg,n01532829
n0153282900001295.jpg,n01532829
n0153282900001297.jpg,n01532829
n0153282900001298.jpg,n01532829
n0427554800000003.jpg,n04275548
n0427554800000004.jpg,n04275548
n0427554800000006.jpg,n04275548
n0427554800000009.jpg,n04275548
n0427554800000010.jpg,n04275548
n0427554800000011.jpg,n04275548
n0427554800000014.jpg,n04275548
n0427554800000017.jpg,n04275548
n0427554800000019.jpg,n04275548
n0427554800000022.jpg,n04275548
n0427554800000025.jpg,n04275548
n0427554800000026.jpg,n04275548
n0427554800000032.jpg,n04275548
n0427554800000034.jpg,n04275548
n0427554800000037.jpg,n04275548
n0427554800000039.jpg,n04275548
n0427554800000040.jpg,n04275548
n0427554800000041.jpg,n04275548
n0427554800000044.jpg,n04275548
n0427554800000045.jpg,n04275548
n0427554800000047.jpg,n04275548
n0427554800000048.jpg,n04275548
n0427554800000052.jpg,n04275548
n0427554800000055.jpg,n04275548
n0427554800000057.jpg,n04275548
n0427554800000060.jpg,n04275548
n0427554800000061.jpg,n04275548
n0427554800000064.jpg,n04275548
n0427554800000065.jpg,n04275548
n0427554800000067.jpg,n04275548
n0427554800000069.jpg,n04275548
n0427554800000072.jpg,n04275548
n0427554800000073.jpg,n04275548
n0427554800000074.jpg,n04275548
n0427554800000075.jpg,n04275548
n0427554800000076.jpg,n04275548
n0427554800000078.jpg,n04275548
n0427554800000081.jpg,n04275548
n0427554800000082.jpg,n04275548
n0427554800000084.jpg,n04275548
n0427554800000085.jpg,n04275548
n0427554800000086.jpg,n04275548
n0427554800000088.jpg,n04275548
n0427554800000090.jpg,n04275548
n0427554800000091.jpg,n04275548
n0427554800000098.jpg,n04275548
n0427554800000099.jpg,n04275548
n0427554800000101.jpg,n04275548
n0427554800000103.jpg,n04275548
n0427554800000107.jpg,n04275548
n0427554800000108.jpg,n04275548
n0427554800000109.jpg,n04275548
n0427554800000110.jpg,n04275548
n0427554800000111.jpg,n04275548
n0427554800000118.jpg,n04275548
n0427554800000121.jpg,n04275548
n0427554800000123.jpg,n04275548
n0427554800000127.jpg,n04275548
n0427554800000131.jpg,n04275548
n0427554800000132.jpg,n04275548
n0427554800000133.jpg,n04275548
n0427554800000134.jpg,n04275548
n0427554800000136.jpg,n04275548
n0427554800000139.jpg,n04275548
n0427554800000141.jpg,n04275548
n0427554800000142.jpg,n04275548
n0427554800000143.jpg,n04275548
n0427554800000144.jpg,n04275548
n0427554800000145.jpg,n04275548
n0427554800000147.jpg,n04275548
n0427554800000151.jpg,n04275548
n0427554800000152.jpg,n04275548
n0427554800000153.jpg,n04275548
n0427554800000154.jpg,n04275548
n0427554800000157.jpg,n04275548
n0427554800000159.jpg,n04275548
n0427554800000162.jpg,n04275548
n0427554800000166.jpg,n04275548
n0427554800000168.jpg,n04275548
n0427554800000170.jpg,n04275548
n0427554800000175.jpg,n04275548
n0427554800000176.jpg,n04275548
n0427554800000177.jpg,n04275548
n0427554800000178.jpg,n04275548
n0427554800000181.jpg,n04275548
n0427554800000184.jpg,n04275548
n0427554800000187.jpg,n04275548
n0427554800000189.jpg,n04275548
n0427554800000191.jpg,n04275548
n0427554800000199.jpg,n04275548
n0427554800000205.jpg,n04275548
n0427554800000206.jpg,n04275548
n0427554800000211.jpg,n04275548
n0427554800000212.jpg,n04275548
n0427554800000215.jpg,n04275548
n0427554800000216.jpg,n04275548
n0427554800000217.jpg,n04275548
n0427554800000218.jpg,n04275548
n0427554800000221.jpg,n04275548
n0427554800000222.jpg,n04275548
n0427554800000223.jpg,n04275548
n0427554800000224.jpg,n04275548
n0427554800000225.jpg,n04275548
n0427554800000230.jpg,n04275548
n0427554800000232.jpg,n04275548
n0427554800000233.jpg,n04275548
n0427554800000234.jpg,n04275548
n0427554800000236.jpg,n04275548
n0427554800000237.jpg,n04275548
n0427554800000238.jpg,n04275548
n0427554800000241.jpg,n04275548
n0427554800000242.jpg,n04275548
n0427554800000244.jpg,n04275548
n0427554800000245.jpg,n04275548
n0427554800000248.jpg,n04275548
n0427554800000249.jpg,n04275548
n0427554800000251.jpg,n04275548
n0427554800000252.jpg,n04275548
n0427554800000257.jpg,n04275548
n0427554800000258.jpg,n04275548
n0427554800000259.jpg,n04275548
n0427554800000260.jpg,n04275548
n0427554800000261.jpg,n04275548
n0427554800000263.jpg,n04275548
n0427554800000264.jpg,n04275548
n0427554800000265.jpg,n04275548
n0427554800000266.jpg,n04275548
n0427554800000267.jpg,n04275548
n0427554800000269.jpg,n04275548
n0427554800000271.jpg,n04275548
n0427554800000272.jpg,n04275548
n0427554800000273.jpg,n04275548
n0427554800000278.jpg,n04275548
n0427554800000279.jpg,n04275548
n0427554800000280.jpg,n04275548
n0427554800000281.jpg,n04275548
n0427554800000282.jpg,n04275548
n0427554800000283.jpg,n04275548
n0427554800000284.jpg,n04275548
n0427554800000285.jpg,n04275548
n0427554800000286.jpg,n04275548
n0427554800000287.jpg,n04275548
n0427554800000288.jpg,n04275548
n0427554800000290.jpg,n04275548
n0427554800000291.jpg,n04275548
n0427554800000294.jpg,n04275548
n0427554800000295.jpg,n04275548
n0427554800000296.jpg,n04275548
n0427554800000299.jpg,n04275548
n0427554800000300.jpg,n04275548
n0427554800000302.jpg,n04275548
n0427554800000303.jpg,n04275548
n0427554800000304.jpg,n04275548
n0427554800000307.jpg,n04275548
n0427554800000311.jpg,n04275548
n0427554800000313.jpg,n04275548
n0427554800000317.jpg,n04275548
n0427554800000318.jpg,n04275548
n0427554800000320.jpg,n04275548
n0427554800000321.jpg,n04275548
n0427554800000322.jpg,n04275548
n0427554800000323.jpg,n04275548
n0427554800000326.jpg,n04275548
n0427554800000336.jpg,n04275548
n0427554800000337.jpg,n04275548
n0427554800000341.jpg,n04275548
n0427554800000343.jpg,n04275548
n0427554800000345.jpg,n04275548
n0427554800000347.jpg,n04275548
n0427554800000348.jpg,n04275548
n0427554800000352.jpg,n04275548
n0427554800000353.jpg,n04275548
n0427554800000357.jpg,n04275548
n0427554800000358.jpg,n04275548
n0427554800000360.jpg,n04275548
n0427554800000361.jpg,n04275548
n0427554800000365.jpg,n04275548
n0427554800000373.jpg,n04275548
n0427554800000381.jpg,n04275548
n0427554800000386.jpg,n04275548
n0427554800000387.jpg,n04275548
n0427554800000390.jpg,n04275548
n0427554800000391.jpg,n04275548
n0427554800000394.jpg,n04275548
n0427554800000395.jpg,n04275548
n0427554800000398.jpg,n04275548
n0427554800000401.jpg,n04275548
n0427554800000402.jpg,n04275548
n0427554800000408.jpg,n04275548
n0427554800000415.jpg,n04275548
n0427554800000416.jpg,n04275548
n0427554800000419.jpg,n04275548
n0427554800000420.jpg,n04275548
n0427554800000421.jpg,n04275548
n0427554800000422.jpg,n04275548
n0427554800000424.jpg,n04275548
n0427554800000425.jpg,n04275548
n0427554800000426.jpg,n04275548
n0427554800000427.jpg,n04275548
n0427554800000428.jpg,n04275548
n0427554800000429.jpg,n04275548
n0427554800000432.jpg,n04275548
n0427554800000434.jpg,n04275548
n0427554800000436.jpg,n04275548
n0427554800000437.jpg,n04275548
n0427554800000438.jpg,n04275548
n0427554800000439.jpg,n04275548
n0427554800000440.jpg,n04275548
n0427554800000441.jpg,n04275548
n0427554800000442.jpg,n04275548
n0427554800000445.jpg,n04275548
n0427554800000446.jpg,n04275548
n0427554800000448.jpg,n04275548
n0427554800000449.jpg,n04275548
n0427554800000450.jpg,n04275548
n0427554800000451.jpg,n04275548
n0427554800000452.jpg,n04275548
n0427554800000454.jpg,n04275548
n0427554800000455.jpg,n04275548
n0427554800000460.jpg,n04275548
n0427554800000461.jpg,n04275548
n0427554800000462.jpg,n04275548
n0427554800000463.jpg,n04275548
n0427554800000464.jpg,n04275548
n0427554800000469.jpg,n04275548
n0427554800000474.jpg,n04275548
n0427554800000476.jpg,n04275548
n0427554800000477.jpg,n04275548
n0427554800000479.jpg,n04275548
n0427554800000480.jpg,n04275548
n0427554800000484.jpg,n04275548
n0427554800000489.jpg,n04275548
n0427554800000492.jpg,n04275548
n0427554800000493.jpg,n04275548
n0427554800000494.jpg,n04275548
n0427554800000496.jpg,n04275548
n0427554800000497.jpg,n04275548
n0427554800000498.jpg,n04275548
n0427554800000500.jpg,n04275548
n0427554800000502.jpg,n04275548
n0427554800000504.jpg,n04275548
n0427554800000507.jpg,n04275548
n0427554800000510.jpg,n04275548
n0427554800000515.jpg,n04275548
n0427554800000516.jpg,n04275548
n0427554800000518.jpg,n04275548
n0427554800000519.jpg,n04275548
n0427554800000520.jpg,n04275548
n0427554800000522.jpg,n04275548
n0427554800000523.jpg,n04275548
n0427554800000524.jpg,n04275548
n0427554800000526.jpg,n04275548
n0427554800000527.jpg,n04275548
n0427554800000530.jpg,n04275548
n0427554800000533.jpg,n04275548
n0427554800000534.jpg,n04275548
n0427554800000537.jpg,n04275548
n0427554800000540.jpg,n04275548
n0427554800000541.jpg,n04275548
n0427554800000542.jpg,n04275548
n0427554800000543.jpg,n04275548
n0427554800000545.jpg,n04275548
n0427554800000548.jpg,n04275548
n0427554800000551.jpg,n04275548
n0427554800000554.jpg,n04275548
n0427554800000556.jpg,n04275548
n0427554800000560.jpg,n04275548
n0427554800000562.jpg,n04275548
n0427554800000564.jpg,n04275548
n0427554800000570.jpg,n04275548
n0427554800000572.jpg,n04275548
n0427554800000578.jpg,n04275548
n0427554800000580.jpg,n04275548
n0427554800000582.jpg,n04275548
n0427554800000583.jpg,n04275548
n0427554800000584.jpg,n04275548
n0427554800000590.jpg,n04275548
n0427554800000591.jpg,n04275548
n0427554800000595.jpg,n04275548
n0427554800000596.jpg,n04275548
n0427554800000598.jpg,n04275548
n0427554800000600.jpg,n04275548
n0427554800000601.jpg,n04275548
n0427554800000602.jpg,n04275548
n0427554800000606.jpg,n04275548
n0427554800000608.jpg,n04275548
n0427554800000609.jpg,n04275548
n0427554800000613.jpg,n04275548
n0427554800000617.jpg,n04275548
n0427554800000620.jpg,n04275548
n0427554800000621.jpg,n04275548
n0427554800000622.jpg,n04275548
n0427554800000624.jpg,n04275548
n0427554800000625.jpg,n04275548
n0427554800000626.jpg,n04275548
n0427554800000627.jpg,n04275548
n0427554800000628.jpg,n04275548
n0427554800000632.jpg,n04275548
n0427554800000634.jpg,n04275548
n0427554800000636.jpg,n04275548
n0427554800000645.jpg,n04275548
n0427554800000646.jpg,n04275548
n0427554800000649.jpg,n04275548
n0427554800000650.jpg,n04275548
n0427554800000651.jpg,n04275548
n0427554800000652.jpg,n04275548
n0427554800000655.jpg,n04275548
n0427554800000656.jpg,n04275548
n0427554800000658.jpg,n04275548
n0427554800000661.jpg,n04275548
n0427554800000662.jpg,n04275548
n0427554800000663.jpg,n04275548
n0427554800000664.jpg,n04275548
n0427554800000665.jpg,n04275548
n0427554800000666.jpg,n04275548
n0427554800000671.jpg,n04275548
n0427554800000672.jpg,n04275548
n0427554800000673.jpg,n04275548
n0427554800000675.jpg,n04275548
n0427554800000676.jpg,n04275548
n0427554800000677.jpg,n04275548
n0427554800000678.jpg,n04275548
n0427554800000679.jpg,n04275548
n0427554800000681.jpg,n04275548
n0427554800000685.jpg,n04275548
n0427554800000689.jpg,n04275548
n0427554800000690.jpg,n04275548
n0427554800000691.jpg,n04275548
n0427554800000692.jpg,n04275548
n0427554800000693.jpg,n04275548
n0427554800000695.jpg,n04275548
n0427554800000697.jpg,n04275548
n0427554800000700.jpg,n04275548
n0427554800000703.jpg,n04275548
n0427554800000704.jpg,n04275548
n0427554800000706.jpg,n04275548
n0427554800000707.jpg,n04275548
n0427554800000710.jpg,n04275548
n0427554800000713.jpg,n04275548
n0427554800000714.jpg,n04275548
n0427554800000715.jpg,n04275548
n0427554800000717.jpg,n04275548
n0427554800000718.jpg,n04275548
n0427554800000719.jpg,n04275548
n0427554800000721.jpg,n04275548
n0427554800000722.jpg,n04275548
n0427554800000724.jpg,n04275548
n0427554800000725.jpg,n04275548
n0427554800000728.jpg,n04275548
n0427554800000729.jpg,n04275548
n0427554800000733.jpg,n04275548
n0427554800000734.jpg,n04275548
n0427554800000735.jpg,n04275548
n0427554800000736.jpg,n04275548
n0427554800000737.jpg,n04275548
n0427554800000739.jpg,n04275548
n0427554800000740.jpg,n04275548
n0427554800000750.jpg,n04275548
n0427554800000751.jpg,n04275548
n0427554800000752.jpg,n04275548
n0427554800000755.jpg,n04275548
n0427554800000757.jpg,n04275548
n0427554800000760.jpg,n04275548
n0427554800000763.jpg,n04275548
n0427554800000764.jpg,n04275548
n0427554800000765.jpg,n04275548
n0427554800000774.jpg,n04275548
n0427554800000780.jpg,n04275548
n0427554800000782.jpg,n04275548
n0427554800000783.jpg,n04275548
n0427554800000784.jpg,n04275548
n0427554800000785.jpg,n04275548
n0427554800000786.jpg,n04275548
n0427554800000787.jpg,n04275548
n0427554800000789.jpg,n04275548
n0427554800000790.jpg,n04275548
n0427554800000791.jpg,n04275548
n0427554800000794.jpg,n04275548
n0427554800000798.jpg,n04275548
n0427554800000800.jpg,n04275548
n0427554800000801.jpg,n04275548
n0427554800000804.jpg,n04275548
n0427554800000807.jpg,n04275548
n0427554800000810.jpg,n04275548
n0427554800000812.jpg,n04275548
n0427554800000814.jpg,n04275548
n0427554800000818.jpg,n04275548
n0427554800000820.jpg,n04275548
n0427554800000821.jpg,n04275548
n0427554800000822.jpg,n04275548
n0427554800000828.jpg,n04275548
n0427554800000831.jpg,n04275548
n0427554800000834.jpg,n04275548
n0427554800000836.jpg,n04275548
n0427554800000839.jpg,n04275548
n0427554800000840.jpg,n04275548
n0427554800000841.jpg,n04275548
n0427554800000845.jpg,n04275548
n0427554800000849.jpg,n04275548
n0427554800000850.jpg,n04275548
n0427554800000852.jpg,n04275548
n0427554800000853.jpg,n04275548
n0427554800000854.jpg,n04275548
n0427554800000858.jpg,n04275548
n0427554800000861.jpg,n04275548
n0427554800000863.jpg,n04275548
n0427554800000866.jpg,n04275548
n0427554800000867.jpg,n04275548
n0427554800000872.jpg,n04275548
n0427554800000875.jpg,n04275548
n0427554800000879.jpg,n04275548
n0427554800000880.jpg,n04275548
n0427554800000881.jpg,n04275548
n0427554800000882.jpg,n04275548
n0427554800000887.jpg,n04275548
n0427554800000888.jpg,n04275548
n0427554800000889.jpg,n04275548
n0427554800000890.jpg,n04275548
n0427554800000891.jpg,n04275548
n0427554800000892.jpg,n04275548
n0427554800000895.jpg,n04275548
n0427554800000897.jpg,n04275548
n0427554800000898.jpg,n04275548
n0427554800000900.jpg,n04275548
n0427554800000902.jpg,n04275548
n0427554800000903.jpg,n04275548
n0427554800000905.jpg,n04275548
n0427554800000906.jpg,n04275548
n0427554800000907.jpg,n04275548
n0427554800000908.jpg,n04275548
n0427554800000909.jpg,n04275548
n0427554800000910.jpg,n04275548
n0427554800000912.jpg,n04275548
n0427554800000913.jpg,n04275548
n0427554800000917.jpg,n04275548
n0427554800000921.jpg,n04275548
n0427554800000927.jpg,n04275548
n0427554800000928.jpg,n04275548
n0427554800000930.jpg,n04275548
n0427554800000932.jpg,n04275548
n0427554800000933.jpg,n04275548
n0427554800000936.jpg,n04275548
n0427554800000939.jpg,n04275548
n0427554800000945.jpg,n04275548
n0427554800000946.jpg,n04275548
n0427554800000947.jpg,n04275548
n0427554800000948.jpg,n04275548
n0427554800000949.jpg,n04275548
n0427554800000950.jpg,n04275548
n0427554800000952.jpg,n04275548
n0427554800000954.jpg,n04275548
n0427554800000958.jpg,n04275548
n0427554800000960.jpg,n04275548
n0427554800000961.jpg,n04275548
n0427554800000962.jpg,n04275548
n0427554800000964.jpg,n04275548
n0427554800000966.jpg,n04275548
n0427554800000968.jpg,n04275548
n0427554800000970.jpg,n04275548
n0427554800000971.jpg,n04275548
n0427554800000972.jpg,n04275548
n0427554800000973.jpg,n04275548
n0427554800000976.jpg,n04275548
n0427554800000977.jpg,n04275548
n0427554800000980.jpg,n04275548
n0427554800000982.jpg,n04275548
n0427554800000983.jpg,n04275548
n0427554800000984.jpg,n04275548
n0427554800000988.jpg,n04275548
n0427554800000990.jpg,n04275548
n0427554800000991.jpg,n04275548
n0427554800000995.jpg,n04275548
n0427554800000998.jpg,n04275548
n0427554800000999.jpg,n04275548
n0427554800001001.jpg,n04275548
n0427554800001002.jpg,n04275548
n0427554800001008.jpg,n04275548
n0427554800001011.jpg,n04275548
n0427554800001012.jpg,n04275548
n0427554800001013.jpg,n04275548
n0427554800001014.jpg,n04275548
n0427554800001017.jpg,n04275548
n0427554800001020.jpg,n04275548
n0427554800001021.jpg,n04275548
n0427554800001024.jpg,n04275548
n0427554800001025.jpg,n04275548
n0427554800001026.jpg,n04275548
n0427554800001027.jpg,n04275548
n0427554800001029.jpg,n04275548
n0427554800001031.jpg,n04275548
n0427554800001032.jpg,n04275548
n0427554800001033.jpg,n04275548
n0427554800001039.jpg,n04275548
n0427554800001046.jpg,n04275548
n0427554800001047.jpg,n04275548
n0427554800001059.jpg,n04275548
n0427554800001060.jpg,n04275548
n0427554800001061.jpg,n04275548
n0427554800001064.jpg,n04275548
n0427554800001066.jpg,n04275548
n0427554800001068.jpg,n04275548
n0427554800001069.jpg,n04275548
n0427554800001073.jpg,n04275548
n0427554800001074.jpg,n04275548
n0427554800001075.jpg,n04275548
n0427554800001081.jpg,n04275548
n0427554800001082.jpg,n04275548
n0427554800001084.jpg,n04275548
n0427554800001086.jpg,n04275548
n0427554800001087.jpg,n04275548
n0427554800001091.jpg,n04275548
n0427554800001092.jpg,n04275548
n0427554800001095.jpg,n04275548
n0427554800001097.jpg,n04275548
n0427554800001101.jpg,n04275548
n0427554800001102.jpg,n04275548
n0427554800001104.jpg,n04275548
n0427554800001105.jpg,n04275548
n0427554800001107.jpg,n04275548
n0427554800001112.jpg,n04275548
n0427554800001116.jpg,n04275548
n0427554800001120.jpg,n04275548
n0427554800001124.jpg,n04275548
n0427554800001125.jpg,n04275548
n0427554800001127.jpg,n04275548
n0427554800001128.jpg,n04275548
n0427554800001129.jpg,n04275548
n0427554800001131.jpg,n04275548
n0427554800001132.jpg,n04275548
n0427554800001139.jpg,n04275548
n0427554800001140.jpg,n04275548
n0427554800001141.jpg,n04275548
n0427554800001145.jpg,n04275548
n0427554800001150.jpg,n04275548
n0427554800001152.jpg,n04275548
n0427554800001153.jpg,n04275548
n0427554800001163.jpg,n04275548
n0427554800001165.jpg,n04275548
n0427554800001167.jpg,n04275548
n0427554800001169.jpg,n04275548
n0427554800001171.jpg,n04275548
n0427554800001173.jpg,n04275548
n0427554800001174.jpg,n04275548
n0427554800001177.jpg,n04275548
n0427554800001178.jpg,n04275548
n0427554800001181.jpg,n04275548
n0427554800001182.jpg,n04275548
n0427554800001186.jpg,n04275548
n0427554800001187.jpg,n04275548
n0427554800001188.jpg,n04275548
n0427554800001191.jpg,n04275548
n0427554800001194.jpg,n04275548
n0427554800001195.jpg,n04275548
n0427554800001196.jpg,n04275548
n0427554800001198.jpg,n04275548
n0427554800001200.jpg,n04275548
n0427554800001201.jpg,n04275548
n0427554800001208.jpg,n04275548
n0427554800001209.jpg,n04275548
n0427554800001210.jpg,n04275548
n0427554800001211.jpg,n04275548
n0427554800001213.jpg,n04275548
n0427554800001215.jpg,n04275548
n0427554800001217.jpg,n04275548
n0427554800001222.jpg,n04275548
n0427554800001224.jpg,n04275548
n0427554800001225.jpg,n04275548
n0427554800001228.jpg,n04275548
n0427554800001229.jpg,n04275548
n0427554800001230.jpg,n04275548
n0427554800001231.jpg,n04275548
n0427554800001235.jpg,n04275548
n0427554800001238.jpg,n04275548
n0427554800001243.jpg,n04275548
n0427554800001244.jpg,n04275548
n0427554800001248.jpg,n04275548
n0427554800001250.jpg,n04275548
n0427554800001252.jpg,n04275548
n0427554800001255.jpg,n04275548
n0427554800001256.jpg,n04275548
n0427554800001257.jpg,n04275548
n0427554800001258.jpg,n04275548
n0427554800001261.jpg,n04275548
n0427554800001262.jpg,n04275548
n0427554800001264.jpg,n04275548
n0427554800001266.jpg,n04275548
n0427554800001274.jpg,n04275548
n0427554800001277.jpg,n04275548
n0427554800001280.jpg,n04275548
n0427554800001284.jpg,n04275548
n0427554800001289.jpg,n04275548
n0427554800001291.jpg,n04275548
n0427554800001292.jpg,n04275548
n0427554800001293.jpg,n04275548
n0427554800001295.jpg,n04275548
n0427554800001296.jpg,n04275548
n0427554800001297.jpg,n04275548
n0427554800001298.jpg,n04275548
n0427554800001299.jpg,n04275548
n0427554800001300.jpg,n04275548
n0211127700000001.jpg,n02111277
n0211127700000005.jpg,n02111277
n0211127700000006.jpg,n02111277
n0211127700000008.jpg,n02111277
n0211127700000010.jpg,n02111277
n0211127700000011.jpg,n02111277
n0211127700000013.jpg,n02111277
n0211127700000017.jpg,n02111277
n0211127700000023.jpg,n02111277
n0211127700000024.jpg,n02111277
n0211127700000026.jpg,n02111277
n0211127700000029.jpg,n02111277
n0211127700000030.jpg,n02111277
n0211127700000032.jpg,n02111277
n0211127700000033.jpg,n02111277
n0211127700000035.jpg,n02111277
n0211127700000036.jpg,n02111277
n0211127700000037.jpg,n02111277
n0211127700000038.jpg,n02111277
n0211127700000039.jpg,n02111277
n0211127700000040.jpg,n02111277
n0211127700000041.jpg,n02111277
n0211127700000042.jpg,n02111277
n0211127700000044.jpg,n02111277
n0211127700000047.jpg,n02111277
n0211127700000049.jpg,n02111277
n0211127700000050.jpg,n02111277
n0211127700000051.jpg,n02111277
n0211127700000055.jpg,n02111277
n0211127700000056.jpg,n02111277
n0211127700000058.jpg,n02111277
n0211127700000060.jpg,n02111277
n0211127700000063.jpg,n02111277
n0211127700000065.jpg,n02111277
n0211127700000066.jpg,n02111277
n0211127700000067.jpg,n02111277
n0211127700000070.jpg,n02111277
n0211127700000073.jpg,n02111277
n0211127700000078.jpg,n02111277
n0211127700000083.jpg,n02111277
n0211127700000086.jpg,n02111277
n0211127700000087.jpg,n02111277
n0211127700000088.jpg,n02111277
n0211127700000090.jpg,n02111277
n0211127700000094.jpg,n02111277
n0211127700000097.jpg,n02111277
n0211127700000098.jpg,n02111277
n0211127700000101.jpg,n02111277
n0211127700000102.jpg,n02111277
n0211127700000104.jpg,n02111277
n0211127700000110.jpg,n02111277
n0211127700000112.jpg,n02111277
n0211127700000115.jpg,n02111277
n0211127700000118.jpg,n02111277
n0211127700000121.jpg,n02111277
n0211127700000122.jpg,n02111277
n0211127700000123.jpg,n02111277
n0211127700000124.jpg,n02111277
n0211127700000127.jpg,n02111277
n0211127700000134.jpg,n02111277
n0211127700000135.jpg,n02111277
n0211127700000137.jpg,n02111277
n0211127700000140.jpg,n02111277
n0211127700000143.jpg,n02111277
n0211127700000145.jpg,n02111277
n0211127700000146.jpg,n02111277
n0211127700000147.jpg,n02111277
n0211127700000148.jpg,n02111277
n0211127700000149.jpg,n02111277
n0211127700000158.jpg,n02111277
n0211127700000159.jpg,n02111277
n0211127700000160.jpg,n02111277
n0211127700000168.jpg,n02111277
n0211127700000169.jpg,n02111277
n0211127700000170.jpg,n02111277
n0211127700000171.jpg,n02111277
n0211127700000174.jpg,n02111277
n0211127700000176.jpg,n02111277
n0211127700000177.jpg,n02111277
n0211127700000181.jpg,n02111277
n0211127700000182.jpg,n02111277
n0211127700000183.jpg,n02111277
n0211127700000189.jpg,n02111277
n0211127700000193.jpg,n02111277
n0211127700000194.jpg,n02111277
n0211127700000197.jpg,n02111277
n0211127700000199.jpg,n02111277
n0211127700000202.jpg,n02111277
n0211127700000203.jpg,n02111277
n0211127700000205.jpg,n02111277
n0211127700000207.jpg,n02111277
n0211127700000208.jpg,n02111277
n0211127700000209.jpg,n02111277
n0211127700000210.jpg,n02111277
n0211127700000220.jpg,n02111277
n0211127700000223.jpg,n02111277
n0211127700000226.jpg,n02111277
n0211127700000231.jpg,n02111277
n0211127700000232.jpg,n02111277
n0211127700000234.jpg,n02111277
n0211127700000236.jpg,n02111277
n0211127700000237.jpg,n02111277
n0211127700000239.jpg,n02111277
n0211127700000242.jpg,n02111277
n0211127700000244.jpg,n02111277
n0211127700000248.jpg,n02111277
n0211127700000249.jpg,n02111277
n0211127700000251.jpg,n02111277
n0211127700000254.jpg,n02111277
n0211127700000255.jpg,n02111277
n0211127700000257.jpg,n02111277
n0211127700000264.jpg,n02111277
n0211127700000266.jpg,n02111277
n0211127700000268.jpg,n02111277
n0211127700000269.jpg,n02111277
n0211127700000271.jpg,n02111277
n0211127700000272.jpg,n02111277
n0211127700000273.jpg,n02111277
n0211127700000278.jpg,n02111277
n0211127700000281.jpg,n02111277
n0211127700000282.jpg,n02111277
n0211127700000283.jpg,n02111277
n0211127700000285.jpg,n02111277
n0211127700000287.jpg,n02111277
n0211127700000290.jpg,n02111277
n0211127700000293.jpg,n02111277
n0211127700000295.jpg,n02111277
n0211127700000297.jpg,n02111277
n0211127700000298.jpg,n02111277
n0211127700000301.jpg,n02111277
n0211127700000302.jpg,n02111277
n0211127700000305.jpg,n02111277
n0211127700000306.jpg,n02111277
n0211127700000307.jpg,n02111277
n0211127700000308.jpg,n02111277
n0211127700000309.jpg,n02111277
n0211127700000310.jpg,n02111277
n0211127700000311.jpg,n02111277
n0211127700000316.jpg,n02111277
n0211127700000318.jpg,n02111277
n0211127700000319.jpg,n02111277
n0211127700000321.jpg,n02111277
n0211127700000322.jpg,n02111277
n0211127700000326.jpg,n02111277
n0211127700000327.jpg,n02111277
n0211127700000335.jpg,n02111277
n0211127700000336.jpg,n02111277
n0211127700000337.jpg,n02111277
n0211127700000338.jpg,n02111277
n0211127700000341.jpg,n02111277
n0211127700000343.jpg,n02111277
n0211127700000344.jpg,n02111277
n0211127700000345.jpg,n02111277
n0211127700000346.jpg,n02111277
n0211127700000347.jpg,n02111277
n0211127700000349.jpg,n02111277
n0211127700000352.jpg,n02111277
n0211127700000354.jpg,n02111277
n0211127700000355.jpg,n02111277
n0211127700000358.jpg,n02111277
n0211127700000360.jpg,n02111277
n0211127700000366.jpg,n02111277
n0211127700000368.jpg,n02111277
n0211127700000369.jpg,n02111277
n0211127700000371.jpg,n02111277
n0211127700000373.jpg,n02111277
n0211127700000374.jpg,n02111277
n0211127700000376.jpg,n02111277
n0211127700000378.jpg,n02111277
n0211127700000380.jpg,n02111277
n0211127700000381.jpg,n02111277
n0211127700000387.jpg,n02111277
n0211127700000390.jpg,n02111277
n0211127700000391.jpg,n02111277
n0211127700000393.jpg,n02111277
n0211127700000394.jpg,n02111277
n0211127700000396.jpg,n02111277
n0211127700000397.jpg,n02111277
n0211127700000398.jpg,n02111277
n0211127700000399.jpg,n02111277
n0211127700000400.jpg,n02111277
n0211127700000402.jpg,n02111277
n0211127700000403.jpg,n02111277
n0211127700000404.jpg,n02111277
n0211127700000409.jpg,n02111277
n0211127700000410.jpg,n02111277
n0211127700000411.jpg,n02111277
n0211127700000412.jpg,n02111277
n0211127700000415.jpg,n02111277
n0211127700000416.jpg,n02111277
n0211127700000417.jpg,n02111277
n0211127700000418.jpg,n02111277
n0211127700000420.jpg,n02111277
n0211127700000422.jpg,n02111277
n0211127700000423.jpg,n02111277
n0211127700000424.jpg,n02111277
n0211127700000425.jpg,n02111277
n0211127700000426.jpg,n02111277
n0211127700000429.jpg,n02111277
n0211127700000430.jpg,n02111277
n0211127700000431.jpg,n02111277
n0211127700000434.jpg,n02111277
n0211127700000438.jpg,n02111277
n0211127700000439.jpg,n02111277
n0211127700000450.jpg,n02111277
n0211127700000456.jpg,n02111277
n0211127700000459.jpg,n02111277
n0211127700000460.jpg,n02111277
n0211127700000461.jpg,n02111277
n0211127700000462.jpg,n02111277
n0211127700000463.jpg,n02111277
n0211127700000466.jpg,n02111277
n0211127700000467.jpg,n02111277
n0211127700000469.jpg,n02111277
n0211127700000471.jpg,n02111277
n0211127700000472.jpg,n02111277
n0211127700000474.jpg,n02111277
n0211127700000475.jpg,n02111277
n0211127700000477.jpg,n02111277
n0211127700000479.jpg,n02111277
n0211127700000480.jpg,n02111277
n0211127700000482.jpg,n02111277
n0211127700000486.jpg,n02111277
n0211127700000488.jpg,n02111277
n0211127700000489.jpg,n02111277
n0211127700000490.jpg,n02111277
n0211127700000491.jpg,n02111277
n0211127700000492.jpg,n02111277
n0211127700000495.jpg,n02111277
n0211127700000497.jpg,n02111277
n0211127700000498.jpg,n02111277
n0211127700000499.jpg,n02111277
n0211127700000500.jpg,n02111277
n0211127700000501.jpg,n02111277
n0211127700000502.jpg,n02111277
n0211127700000503.jpg,n02111277
n0211127700000506.jpg,n02111277
n0211127700000513.jpg,n02111277
n0211127700000516.jpg,n02111277
n0211127700000517.jpg,n02111277
n0211127700000520.jpg,n02111277
n0211127700000524.jpg,n02111277
n0211127700000526.jpg,n02111277
n0211127700000528.jpg,n02111277
n0211127700000529.jpg,n02111277
n0211127700000534.jpg,n02111277
n0211127700000535.jpg,n02111277
n0211127700000538.jpg,n02111277
n0211127700000539.jpg,n02111277
n0211127700000540.jpg,n02111277
n0211127700000543.jpg,n02111277
n0211127700000548.jpg,n02111277
n0211127700000550.jpg,n02111277
n0211127700000557.jpg,n02111277
n0211127700000558.jpg,n02111277
n0211127700000559.jpg,n02111277
n0211127700000560.jpg,n02111277
n0211127700000566.jpg,n02111277
n0211127700000568.jpg,n02111277
n0211127700000570.jpg,n02111277
n0211127700000576.jpg,n02111277
n0211127700000579.jpg,n02111277
n0211127700000584.jpg,n02111277
n0211127700000588.jpg,n02111277
n0211127700000590.jpg,n02111277
n0211127700000592.jpg,n02111277
n0211127700000593.jpg,n02111277
n0211127700000596.jpg,n02111277
n0211127700000598.jpg,n02111277
n0211127700000599.jpg,n02111277
n0211127700000602.jpg,n02111277
n0211127700000604.jpg,n02111277
n0211127700000605.jpg,n02111277
n0211127700000607.jpg,n02111277
n0211127700000609.jpg,n02111277
n0211127700000612.jpg,n02111277
n0211127700000613.jpg,n02111277
n0211127700000616.jpg,n02111277
n0211127700000617.jpg,n02111277
n0211127700000620.jpg,n02111277
n0211127700000622.jpg,n02111277
n0211127700000623.jpg,n02111277
n0211127700000627.jpg,n02111277
n0211127700000635.jpg,n02111277
n0211127700000636.jpg,n02111277
n0211127700000640.jpg,n02111277
n0211127700000641.jpg,n02111277
n0211127700000644.jpg,n02111277
n0211127700000645.jpg,n02111277
n0211127700000647.jpg,n02111277
n0211127700000648.jpg,n02111277
n0211127700000650.jpg,n02111277
n0211127700000651.jpg,n02111277
n0211127700000652.jpg,n02111277
n0211127700000655.jpg,n02111277
n0211127700000656.jpg,n02111277
n0211127700000657.jpg,n02111277
n0211127700000660.jpg,n02111277
n0211127700000663.jpg,n02111277
n0211127700000665.jpg,n02111277
n0211127700000666.jpg,n02111277
n0211127700000670.jpg,n02111277
n0211127700000672.jpg,n02111277
n0211127700000673.jpg,n02111277
n0211127700000675.jpg,n02111277
n0211127700000677.jpg,n02111277
n0211127700000680.jpg,n02111277
n0211127700000684.jpg,n02111277
n0211127700000686.jpg,n02111277
n0211127700000687.jpg,n02111277
n0211127700000689.jpg,n02111277
n0211127700000690.jpg,n02111277
n0211127700000692.jpg,n02111277
n0211127700000694.jpg,n02111277
n0211127700000695.jpg,n02111277
n0211127700000698.jpg,n02111277
n0211127700000699.jpg,n02111277
n0211127700000700.jpg,n02111277
n0211127700000701.jpg,n02111277
n0211127700000702.jpg,n02111277
n0211127700000704.jpg,n02111277
n0211127700000706.jpg,n02111277
n0211127700000707.jpg,n02111277
n0211127700000708.jpg,n02111277
n0211127700000711.jpg,n02111277
n0211127700000712.jpg,n02111277
n0211127700000713.jpg,n02111277
n0211127700000714.jpg,n02111277
n0211127700000715.jpg,n02111277
n0211127700000717.jpg,n02111277
n0211127700000718.jpg,n02111277
n0211127700000719.jpg,n02111277
n0211127700000723.jpg,n02111277
n0211127700000724.jpg,n02111277
n0211127700000725.jpg,n02111277
n0211127700000726.jpg,n02111277
n0211127700000727.jpg,n02111277
n0211127700000728.jpg,n02111277
n0211127700000729.jpg,n02111277
n0211127700000730.jpg,n02111277
n0211127700000732.jpg,n02111277
n0211127700000733.jpg,n02111277
n0211127700000738.jpg,n02111277
n0211127700000739.jpg,n02111277
n0211127700000742.jpg,n02111277
n0211127700000743.jpg,n02111277
n0211127700000746.jpg,n02111277
n0211127700000747.jpg,n02111277
n0211127700000750.jpg,n02111277
n0211127700000751.jpg,n02111277
n0211127700000752.jpg,n02111277
n0211127700000756.jpg,n02111277
n0211127700000762.jpg,n02111277
n0211127700000763.jpg,n02111277
n0211127700000764.jpg,n02111277
n0211127700000765.jpg,n02111277
n0211127700000767.jpg,n02111277
n0211127700000768.jpg,n02111277
n0211127700000769.jpg,n02111277
n0211127700000770.jpg,n02111277
n0211127700000772.jpg,n02111277
n0211127700000775.jpg,n02111277
n0211127700000777.jpg,n02111277
n0211127700000779.jpg,n02111277
n0211127700000780.jpg,n02111277
n0211127700000782.jpg,n02111277
n0211127700000784.jpg,n02111277
n0211127700000785.jpg,n02111277
n0211127700000786.jpg,n02111277
n0211127700000788.jpg,n02111277
n0211127700000789.jpg,n02111277
n0211127700000790.jpg,n02111277
n0211127700000791.jpg,n02111277
n0211127700000793.jpg,n02111277
n0211127700000795.jpg,n02111277
n0211127700000802.jpg,n02111277
n0211127700000805.jpg,n02111277
n0211127700000810.jpg,n02111277
n0211127700000813.jpg,n02111277
n0211127700000814.jpg,n02111277
n0211127700000816.jpg,n02111277
n0211127700000817.jpg,n02111277
n0211127700000818.jpg,n02111277
n0211127700000819.jpg,n02111277
n0211127700000823.jpg,n02111277
n0211127700000828.jpg,n02111277
n0211127700000829.jpg,n02111277
n0211127700000830.jpg,n02111277
n0211127700000837.jpg,n02111277
n0211127700000838.jpg,n02111277
n0211127700000840.jpg,n02111277
n0211127700000841.jpg,n02111277
n0211127700000844.jpg,n02111277
n0211127700000846.jpg,n02111277
n0211127700000847.jpg,n02111277
n0211127700000848.jpg,n02111277
n0211127700000849.jpg,n02111277
n0211127700000850.jpg,n02111277
n0211127700000854.jpg,n02111277
n0211127700000858.jpg,n02111277
n0211127700000859.jpg,n02111277
n0211127700000863.jpg,n02111277
n0211127700000867.jpg,n02111277
n0211127700000868.jpg,n02111277
n0211127700000869.jpg,n02111277
n0211127700000872.jpg,n02111277
n0211127700000873.jpg,n02111277
n0211127700000875.jpg,n02111277
n0211127700000877.jpg,n02111277
n0211127700000882.jpg,n02111277
n0211127700000887.jpg,n02111277
n0211127700000888.jpg,n02111277
n0211127700000889.jpg,n02111277
n0211127700000890.jpg,n02111277
n0211127700000891.jpg,n02111277
n0211127700000893.jpg,n02111277
n0211127700000894.jpg,n02111277
n0211127700000897.jpg,n02111277
n0211127700000898.jpg,n02111277
n0211127700000902.jpg,n02111277
n0211127700000903.jpg,n02111277
n0211127700000904.jpg,n02111277
n0211127700000907.jpg,n02111277
n0211127700000908.jpg,n02111277
n0211127700000909.jpg,n02111277
n0211127700000910.jpg,n02111277
n0211127700000911.jpg,n02111277
n0211127700000912.jpg,n02111277
n0211127700000913.jpg,n02111277
n0211127700000917.jpg,n02111277
n0211127700000918.jpg,n02111277
n0211127700000921.jpg,n02111277
n0211127700000922.jpg,n02111277
n0211127700000924.jpg,n02111277
n0211127700000926.jpg,n02111277
n0211127700000928.jpg,n02111277
n0211127700000932.jpg,n02111277
n0211127700000937.jpg,n02111277
n0211127700000938.jpg,n02111277
n0211127700000942.jpg,n02111277
n0211127700000943.jpg,n02111277
n0211127700000946.jpg,n02111277
n0211127700000950.jpg,n02111277
n0211127700000953.jpg,n02111277
n0211127700000956.jpg,n02111277
n0211127700000957.jpg,n02111277
n0211127700000958.jpg,n02111277
n0211127700000959.jpg,n02111277
n0211127700000961.jpg,n02111277
n0211127700000962.jpg,n02111277
n0211127700000965.jpg,n02111277
n0211127700000966.jpg,n02111277
n0211127700000967.jpg,n02111277
n0211127700000968.jpg,n02111277
n0211127700000969.jpg,n02111277
n0211127700000976.jpg,n02111277
n0211127700000977.jpg,n02111277
n0211127700000978.jpg,n02111277
n0211127700000979.jpg,n02111277
n0211127700000984.jpg,n02111277
n0211127700000986.jpg,n02111277
n0211127700000990.jpg,n02111277
n0211127700000993.jpg,n02111277
n0211127700000995.jpg,n02111277
n0211127700000996.jpg,n02111277
n0211127700000998.jpg,n02111277
n0211127700000999.jpg,n02111277
n0211127700001000.jpg,n02111277
n0211127700001003.jpg,n02111277
n0211127700001004.jpg,n02111277
n0211127700001005.jpg,n02111277
n0211127700001009.jpg,n02111277
n0211127700001010.jpg,n02111277
n0211127700001014.jpg,n02111277
n0211127700001015.jpg,n02111277
n0211127700001018.jpg,n02111277
n0211127700001022.jpg,n02111277
n0211127700001023.jpg,n02111277
n0211127700001033.jpg,n02111277
n0211127700001034.jpg,n02111277
n0211127700001037.jpg,n02111277
n0211127700001038.jpg,n02111277
n0211127700001041.jpg,n02111277
n0211127700001042.jpg,n02111277
n0211127700001046.jpg,n02111277
n0211127700001047.jpg,n02111277
n0211127700001049.jpg,n02111277
n0211127700001054.jpg,n02111277
n0211127700001058.jpg,n02111277
n0211127700001059.jpg,n02111277
n0211127700001061.jpg,n02111277
n0211127700001062.jpg,n02111277
n0211127700001064.jpg,n02111277
n0211127700001066.jpg,n02111277
n0211127700001067.jpg,n02111277
n0211127700001074.jpg,n02111277
n0211127700001075.jpg,n02111277
n0211127700001076.jpg,n02111277
n0211127700001077.jpg,n02111277
n0211127700001078.jpg,n02111277
n0211127700001079.jpg,n02111277
n0211127700001082.jpg,n02111277
n0211127700001084.jpg,n02111277
n0211127700001090.jpg,n02111277
n0211127700001091.jpg,n02111277
n0211127700001092.jpg,n02111277
n0211127700001094.jpg,n02111277
n0211127700001096.jpg,n02111277
n0211127700001099.jpg,n02111277
n0211127700001100.jpg,n02111277
n0211127700001102.jpg,n02111277
n0211127700001104.jpg,n02111277
n0211127700001106.jpg,n02111277
n0211127700001111.jpg,n02111277
n0211127700001112.jpg,n02111277
n0211127700001113.jpg,n02111277
n0211127700001114.jpg,n02111277
n0211127700001115.jpg,n02111277
n0211127700001117.jpg,n02111277
n0211127700001118.jpg,n02111277
n0211127700001119.jpg,n02111277
n0211127700001120.jpg,n02111277
n0211127700001121.jpg,n02111277
n0211127700001124.jpg,n02111277
n0211127700001125.jpg,n02111277
n0211127700001126.jpg,n02111277
n0211127700001128.jpg,n02111277
n0211127700001131.jpg,n02111277
n0211127700001133.jpg,n02111277
n0211127700001134.jpg,n02111277
n0211127700001141.jpg,n02111277
n0211127700001143.jpg,n02111277
n0211127700001144.jpg,n02111277
n0211127700001146.jpg,n02111277
n0211127700001148.jpg,n02111277
n0211127700001149.jpg,n02111277
n0211127700001151.jpg,n02111277
n0211127700001154.jpg,n02111277
n0211127700001155.jpg,n02111277
n0211127700001156.jpg,n02111277
n0211127700001160.jpg,n02111277
n0211127700001161.jpg,n02111277
n0211127700001162.jpg,n02111277
n0211127700001167.jpg,n02111277
n0211127700001168.jpg,n02111277
n0211127700001169.jpg,n02111277
n0211127700001171.jpg,n02111277
n0211127700001173.jpg,n02111277
n0211127700001174.jpg,n02111277
n0211127700001175.jpg,n02111277
n0211127700001176.jpg,n02111277
n0211127700001178.jpg,n02111277
n0211127700001184.jpg,n02111277
n0211127700001185.jpg,n02111277
n0211127700001186.jpg,n02111277
n0211127700001187.jpg,n02111277
n0211127700001188.jpg,n02111277
n0211127700001192.jpg,n02111277
n0211127700001195.jpg,n02111277
n0211127700001196.jpg,n02111277
n0211127700001198.jpg,n02111277
n0211127700001202.jpg,n02111277
n0211127700001206.jpg,n02111277
n0211127700001209.jpg,n02111277
n0211127700001213.jpg,n02111277
n0211127700001217.jpg,n02111277
n0211127700001226.jpg,n02111277
n0211127700001231.jpg,n02111277
n0211127700001236.jpg,n02111277
n0211127700001239.jpg,n02111277
n0211127700001240.jpg,n02111277
n0211127700001242.jpg,n02111277
n0211127700001243.jpg,n02111277
n0211127700001245.jpg,n02111277
n0211127700001246.jpg,n02111277
n0211127700001251.jpg,n02111277
n0211127700001253.jpg,n02111277
n0211127700001255.jpg,n02111277
n0211127700001258.jpg,n02111277
n0211127700001259.jpg,n02111277
n0211127700001262.jpg,n02111277
n0211127700001266.jpg,n02111277
n0211127700001267.jpg,n02111277
n0211127700001269.jpg,n02111277
n0211127700001271.jpg,n02111277
n0211127700001272.jpg,n02111277
n0211127700001273.jpg,n02111277
n0211127700001274.jpg,n02111277
n0211127700001276.jpg,n02111277
n0211127700001278.jpg,n02111277
n0211127700001279.jpg,n02111277
n0211127700001282.jpg,n02111277
n0211127700001284.jpg,n02111277
n0211127700001289.jpg,n02111277
n0211127700001290.jpg,n02111277
n0211127700001293.jpg,n02111277
n0211127700001296.jpg,n02111277
n0211127700001298.jpg,n02111277
n0211127700001299.jpg,n02111277
n0211127700001300.jpg,n02111277
n0425114400000001.jpg,n04251144
n0425114400000002.jpg,n04251144
n0425114400000005.jpg,n04251144
n0425114400000007.jpg,n04251144
n0425114400000009.jpg,n04251144
n0425114400000010.jpg,n04251144
n0425114400000011.jpg,n04251144
n0425114400000013.jpg,n04251144
n0425114400000021.jpg,n04251144
n0425114400000023.jpg,n04251144
n0425114400000024.jpg,n04251144
n0425114400000028.jpg,n04251144
n0425114400000033.jpg,n04251144
n0425114400000034.jpg,n04251144
n0425114400000035.jpg,n04251144
n0425114400000037.jpg,n04251144
n0425114400000038.jpg,n04251144
n0425114400000040.jpg,n04251144
n0425114400000042.jpg,n04251144
n0425114400000044.jpg,n04251144
n0425114400000045.jpg,n04251144
n0425114400000046.jpg,n04251144
n0425114400000050.jpg,n04251144
n0425114400000051.jpg,n04251144
n0425114400000052.jpg,n04251144
n0425114400000057.jpg,n04251144
n0425114400000058.jpg,n04251144
n0425114400000060.jpg,n04251144
n0425114400000065.jpg,n04251144
n0425114400000066.jpg,n04251144
n0425114400000067.jpg,n04251144
n0425114400000072.jpg,n04251144
n0425114400000074.jpg,n04251144
n0425114400000078.jpg,n04251144
n0425114400000079.jpg,n04251144
n0425114400000087.jpg,n04251144
n0425114400000091.jpg,n04251144
n0425114400000092.jpg,n04251144
n0425114400000093.jpg,n04251144
n0425114400000094.jpg,n04251144
n0425114400000095.jpg,n04251144
n0425114400000096.jpg,n04251144
n0425114400000097.jpg,n04251144
n0425114400000098.jpg,n04251144
n0425114400000099.jpg,n04251144
n0425114400000100.jpg,n04251144
n0425114400000102.jpg,n04251144
n0425114400000104.jpg,n04251144
n0425114400000110.jpg,n04251144
n0425114400000113.jpg,n04251144
n0425114400000115.jpg,n04251144
n0425114400000116.jpg,n04251144
n0425114400000118.jpg,n04251144
n0425114400000119.jpg,n04251144
n0425114400000121.jpg,n04251144
n0425114400000123.jpg,n04251144
n0425114400000124.jpg,n04251144
n0425114400000125.jpg,n04251144
n0425114400000127.jpg,n04251144
n0425114400000128.jpg,n04251144
n0425114400000130.jpg,n04251144
n0425114400000132.jpg,n04251144
n0425114400000133.jpg,n04251144
n0425114400000134.jpg,n04251144
n0425114400000136.jpg,n04251144
n0425114400000139.jpg,n04251144
n0425114400000140.jpg,n04251144
n0425114400000142.jpg,n04251144
n0425114400000146.jpg,n04251144
n0425114400000149.jpg,n04251144
n0425114400000153.jpg,n04251144
n0425114400000154.jpg,n04251144
n0425114400000155.jpg,n04251144
n0425114400000156.jpg,n04251144
n0425114400000158.jpg,n04251144
n0425114400000163.jpg,n04251144
n0425114400000166.jpg,n04251144
n0425114400000168.jpg,n04251144
n0425114400000169.jpg,n04251144
n0425114400000170.jpg,n04251144
n0425114400000173.jpg,n04251144
n0425114400000174.jpg,n04251144
n0425114400000175.jpg,n04251144
n0425114400000179.jpg,n04251144
n0425114400000181.jpg,n04251144
n0425114400000186.jpg,n04251144
n0425114400000189.jpg,n04251144
n0425114400000191.jpg,n04251144
n0425114400000192.jpg,n04251144
n0425114400000193.jpg,n04251144
n0425114400000194.jpg,n04251144
n0425114400000197.jpg,n04251144
n0425114400000198.jpg,n04251144
n0425114400000200.jpg,n04251144
n0425114400000207.jpg,n04251144
n0425114400000210.jpg,n04251144
n0425114400000211.jpg,n04251144
n0425114400000212.jpg,n04251144
n0425114400000215.jpg,n04251144
n0425114400000216.jpg,n04251144
n0425114400000217.jpg,n04251144
n0425114400000218.jpg,n04251144
n0425114400000222.jpg,n04251144
n0425114400000225.jpg,n04251144
n0425114400000226.jpg,n04251144
n0425114400000227.jpg,n04251144
n0425114400000232.jpg,n04251144
n0425114400000233.jpg,n04251144
n0425114400000234.jpg,n04251144
n0425114400000237.jpg,n04251144
n0425114400000240.jpg,n04251144
n0425114400000241.jpg,n04251144
n0425114400000242.jpg,n04251144
n0425114400000243.jpg,n04251144
n0425114400000245.jpg,n04251144
n0425114400000246.jpg,n04251144
n0425114400000248.jpg,n04251144
n0425114400000250.jpg,n04251144
n0425114400000251.jpg,n04251144
n0425114400000253.jpg,n04251144
n0425114400000255.jpg,n04251144
n0425114400000256.jpg,n04251144
n0425114400000259.jpg,n04251144
n0425114400000260.jpg,n04251144
n0425114400000261.jpg,n04251144
n0425114400000263.jpg,n04251144
n0425114400000266.jpg,n04251144
n0425114400000267.jpg,n04251144
n0425114400000268.jpg,n04251144
n0425114400000269.jpg,n04251144
n0425114400000271.jpg,n04251144
n0425114400000272.jpg,n04251144
n0425114400000274.jpg,n04251144
n0425114400000275.jpg,n04251144
n0425114400000276.jpg,n04251144
n0425114400000277.jpg,n04251144
n0425114400000280.jpg,n04251144
n0425114400000283.jpg,n04251144
n0425114400000284.jpg,n04251144
n0425114400000285.jpg,n04251144
n0425114400000289.jpg,n04251144
n0425114400000290.jpg,n04251144
n0425114400000291.jpg,n04251144
n0425114400000293.jpg,n04251144
n0425114400000295.jpg,n04251144
n0425114400000302.jpg,n04251144
n0425114400000305.jpg,n04251144
n0425114400000307.jpg,n04251144
n0425114400000309.jpg,n04251144
n0425114400000312.jpg,n04251144
n0425114400000316.jpg,n04251144
n0425114400000317.jpg,n04251144
n0425114400000319.jpg,n04251144
n0425114400000323.jpg,n04251144
n0425114400000325.jpg,n04251144
n0425114400000326.jpg,n04251144
n0425114400000327.jpg,n04251144
n0425114400000333.jpg,n04251144
n0425114400000334.jpg,n04251144
n0425114400000335.jpg,n04251144
n0425114400000336.jpg,n04251144
n0425114400000337.jpg,n04251144
n0425114400000341.jpg,n04251144
n0425114400000343.jpg,n04251144
n0425114400000345.jpg,n04251144
n0425114400000346.jpg,n04251144
n0425114400000351.jpg,n04251144
n0425114400000352.jpg,n04251144
n0425114400000354.jpg,n04251144
n0425114400000356.jpg,n04251144
n0425114400000363.jpg,n04251144
n0425114400000365.jpg,n04251144
n0425114400000366.jpg,n04251144
n0425114400000367.jpg,n04251144
n0425114400000371.jpg,n04251144
n0425114400000372.jpg,n04251144
n0425114400000373.jpg,n04251144
n0425114400000377.jpg,n04251144
n0425114400000379.jpg,n04251144
n0425114400000381.jpg,n04251144
n0425114400000382.jpg,n04251144
n0425114400000385.jpg,n04251144
n0425114400000386.jpg,n04251144
n0425114400000388.jpg,n04251144
n0425114400000389.jpg,n04251144
n0425114400000395.jpg,n04251144
n0425114400000400.jpg,n04251144
n0425114400000401.jpg,n04251144
n0425114400000409.jpg,n04251144
n0425114400000410.jpg,n04251144
n0425114400000412.jpg,n04251144
n0425114400000414.jpg,n04251144
n0425114400000415.jpg,n04251144
n0425114400000416.jpg,n04251144
n0425114400000418.jpg,n04251144
n0425114400000424.jpg,n04251144
n0425114400000425.jpg,n04251144
n0425114400000427.jpg,n04251144
n0425114400000428.jpg,n04251144
n0425114400000430.jpg,n04251144
n0425114400000431.jpg,n04251144
n0425114400000433.jpg,n04251144
n0425114400000435.jpg,n04251144
n0425114400000436.jpg,n04251144
n0425114400000439.jpg,n04251144
n0425114400000442.jpg,n04251144
n0425114400000443.jpg,n04251144
n0425114400000445.jpg,n04251144
n0425114400000446.jpg,n04251144
n0425114400000447.jpg,n04251144
n0425114400000448.jpg,n04251144
n0425114400000449.jpg,n04251144
n0425114400000452.jpg,n04251144
n0425114400000453.jpg,n04251144
n0425114400000454.jpg,n04251144
n0425114400000459.jpg,n04251144
n0425114400000460.jpg,n04251144
n0425114400000464.jpg,n04251144
n0425114400000466.jpg,n04251144
n0425114400000467.jpg,n04251144
n0425114400000472.jpg,n04251144
n0425114400000476.jpg,n04251144
n0425114400000477.jpg,n04251144
n0425114400000478.jpg,n04251144
n0425114400000479.jpg,n04251144
n0425114400000481.jpg,n04251144
n0425114400000485.jpg,n04251144
n0425114400000486.jpg,n04251144
n0425114400000488.jpg,n04251144
n0425114400000490.jpg,n04251144
n0425114400000495.jpg,n04251144
n0425114400000498.jpg,n04251144
n0425114400000499.jpg,n04251144
n0425114400000500.jpg,n04251144
n0425114400000501.jpg,n04251144
n0425114400000502.jpg,n04251144
n0425114400000504.jpg,n04251144
n0425114400000506.jpg,n04251144
n0425114400000507.jpg,n04251144
n0425114400000508.jpg,n04251144
n0425114400000510.jpg,n04251144
n0425114400000511.jpg,n04251144
n0425114400000512.jpg,n04251144
n0425114400000514.jpg,n04251144
n0425114400000515.jpg,n04251144
n0425114400000516.jpg,n04251144
n0425114400000520.jpg,n04251144
n0425114400000521.jpg,n04251144
n0425114400000523.jpg,n04251144
n0425114400000524.jpg,n04251144
n0425114400000525.jpg,n04251144
n0425114400000526.jpg,n04251144
n0425114400000527.jpg,n04251144
n0425114400000528.jpg,n04251144
n0425114400000529.jpg,n04251144
n0425114400000530.jpg,n04251144
n0425114400000533.jpg,n04251144
n0425114400000537.jpg,n04251144
n0425114400000538.jpg,n04251144
n0425114400000541.jpg,n04251144
n0425114400000542.jpg,n04251144
n0425114400000543.jpg,n04251144
n0425114400000544.jpg,n04251144
n0425114400000545.jpg,n04251144
n0425114400000546.jpg,n04251144
n0425114400000547.jpg,n04251144
n0425114400000548.jpg,n04251144
n0425114400000550.jpg,n04251144
n0425114400000552.jpg,n04251144
n0425114400000554.jpg,n04251144
n0425114400000560.jpg,n04251144
n0425114400000561.jpg,n04251144
n0425114400000563.jpg,n04251144
n0425114400000564.jpg,n04251144
n0425114400000565.jpg,n04251144
n0425114400000566.jpg,n04251144
n0425114400000567.jpg,n04251144
n0425114400000568.jpg,n04251144
n0425114400000570.jpg,n04251144
n0425114400000573.jpg,n04251144
n0425114400000574.jpg,n04251144
n0425114400000575.jpg,n04251144
n0425114400000576.jpg,n04251144
n0425114400000578.jpg,n04251144
n0425114400000579.jpg,n04251144
n0425114400000580.jpg,n04251144
n0425114400000583.jpg,n04251144
n0425114400000584.jpg,n04251144
n0425114400000592.jpg,n04251144
n0425114400000593.jpg,n04251144
n0425114400000594.jpg,n04251144
n0425114400000597.jpg,n04251144
n0425114400000598.jpg,n04251144
n0425114400000611.jpg,n04251144
n0425114400000612.jpg,n04251144
n0425114400000613.jpg,n04251144
n0425114400000614.jpg,n04251144
n0425114400000617.jpg,n04251144
n0425114400000619.jpg,n04251144
n0425114400000623.jpg,n04251144
n0425114400000625.jpg,n04251144
n0425114400000626.jpg,n04251144
n0425114400000628.jpg,n04251144
n0425114400000630.jpg,n04251144
n0425114400000631.jpg,n04251144
n0425114400000633.jpg,n04251144
n0425114400000635.jpg,n04251144
n0425114400000636.jpg,n04251144
n0425114400000637.jpg,n04251144
n0425114400000638.jpg,n04251144
n0425114400000641.jpg,n04251144
n0425114400000642.jpg,n04251144
n0425114400000644.jpg,n04251144
n0425114400000647.jpg,n04251144
n0425114400000648.jpg,n04251144
n0425114400000652.jpg,n04251144
n0425114400000657.jpg,n04251144
n0425114400000659.jpg,n04251144
n0425114400000661.jpg,n04251144
n0425114400000662.jpg,n04251144
n0425114400000663.jpg,n04251144
n0425114400000667.jpg,n04251144
n0425114400000671.jpg,n04251144
n0425114400000672.jpg,n04251144
n0425114400000674.jpg,n04251144
n0425114400000676.jpg,n04251144
n0425114400000681.jpg,n04251144
n0425114400000684.jpg,n04251144
n0425114400000693.jpg,n04251144
n0425114400000694.jpg,n04251144
n0425114400000704.jpg,n04251144
n0425114400000706.jpg,n04251144
n0425114400000707.jpg,n04251144
n0425114400000709.jpg,n04251144
n0425114400000710.jpg,n04251144
n0425114400000716.jpg,n04251144
n0425114400000718.jpg,n04251144
n0425114400000719.jpg,n04251144
n0425114400000721.jpg,n04251144
n0425114400000723.jpg,n04251144
n0425114400000726.jpg,n04251144
n0425114400000728.jpg,n04251144
n0425114400000729.jpg,n04251144
n0425114400000731.jpg,n04251144
n0425114400000733.jpg,n04251144
n0425114400000735.jpg,n04251144
n0425114400000736.jpg,n04251144
n0425114400000739.jpg,n04251144
n0425114400000747.jpg,n04251144
n0425114400000749.jpg,n04251144
n0425114400000752.jpg,n04251144
n0425114400000756.jpg,n04251144
n0425114400000757.jpg,n04251144
n0425114400000758.jpg,n04251144
n0425114400000764.jpg,n04251144
n0425114400000770.jpg,n04251144
n0425114400000773.jpg,n04251144
n0425114400000778.jpg,n04251144
n0425114400000781.jpg,n04251144
n0425114400000786.jpg,n04251144
n0425114400000790.jpg,n04251144
n0425114400000792.jpg,n04251144
n0425114400000793.jpg,n04251144
n0425114400000794.jpg,n04251144
n0425114400000795.jpg,n04251144
n0425114400000796.jpg,n04251144
n0425114400000797.jpg,n04251144
n0425114400000800.jpg,n04251144
n0425114400000804.jpg,n04251144
n0425114400000806.jpg,n04251144
n0425114400000809.jpg,n04251144
n0425114400000813.jpg,n04251144
n0425114400000814.jpg,n04251144
n0425114400000815.jpg,n04251144
n0425114400000820.jpg,n04251144
n0425114400000821.jpg,n04251144
n0425114400000822.jpg,n04251144
n0425114400000823.jpg,n04251144
n0425114400000827.jpg,n04251144
n0425114400000828.jpg,n04251144
n0425114400000829.jpg,n04251144
n0425114400000831.jpg,n04251144
n0425114400000832.jpg,n04251144
n0425114400000833.jpg,n04251144
n0425114400000836.jpg,n04251144
n0425114400000840.jpg,n04251144
n0425114400000842.jpg,n04251144
n0425114400000843.jpg,n04251144
n0425114400000846.jpg,n04251144
n0425114400000848.jpg,n04251144
n0425114400000849.jpg,n04251144
n0425114400000850.jpg,n04251144
n0425114400000856.jpg,n04251144
n0425114400000857.jpg,n04251144
n0425114400000858.jpg,n04251144
n0425114400000860.jpg,n04251144
n0425114400000861.jpg,n04251144
n0425114400000862.jpg,n04251144
n0425114400000863.jpg,n04251144
n0425114400000866.jpg,n04251144
n0425114400000867.jpg,n04251144
n0425114400000869.jpg,n04251144
n0425114400000870.jpg,n04251144
n0425114400000871.jpg,n04251144
n0425114400000874.jpg,n04251144
n0425114400000878.jpg,n04251144
n0425114400000884.jpg,n04251144
n0425114400000888.jpg,n04251144
n0425114400000890.jpg,n04251144
n0425114400000891.jpg,n04251144
n0425114400000892.jpg,n04251144
n0425114400000897.jpg,n04251144
n0425114400000899.jpg,n04251144
n0425114400000900.jpg,n04251144
n0425114400000903.jpg,n04251144
n0425114400000904.jpg,n04251144
n0425114400000906.jpg,n04251144
n0425114400000907.jpg,n04251144
n0425114400000910.jpg,n04251144
n0425114400000911.jpg,n04251144
n0425114400000912.jpg,n04251144
n0425114400000913.jpg,n04251144
n0425114400000914.jpg,n04251144
n0425114400000916.jpg,n04251144
n0425114400000918.jpg,n04251144
n0425114400000921.jpg,n04251144
n0425114400000924.jpg,n04251144
n0425114400000925.jpg,n04251144
n0425114400000927.jpg,n04251144
n0425114400000928.jpg,n04251144
n0425114400000938.jpg,n04251144
n0425114400000941.jpg,n04251144
n0425114400000944.jpg,n04251144
n0425114400000949.jpg,n04251144
n0425114400000950.jpg,n04251144
n0425114400000951.jpg,n04251144
n0425114400000955.jpg,n04251144
n0425114400000956.jpg,n04251144
n0425114400000957.jpg,n04251144
n0425114400000959.jpg,n04251144
n0425114400000960.jpg,n04251144
n0425114400000961.jpg,n04251144
n0425114400000963.jpg,n04251144
n0425114400000964.jpg,n04251144
n0425114400000965.jpg,n04251144
n0425114400000966.jpg,n04251144
n0425114400000969.jpg,n04251144
n0425114400000970.jpg,n04251144
n0425114400000971.jpg,n04251144
n0425114400000974.jpg,n04251144
n0425114400000975.jpg,n04251144
n0425114400000977.jpg,n04251144
n0425114400000979.jpg,n04251144
n0425114400000982.jpg,n04251144
n0425114400000986.jpg,n04251144
n0425114400000987.jpg,n04251144
n0425114400000989.jpg,n04251144
n0425114400000990.jpg,n04251144
n0425114400000991.jpg,n04251144
n0425114400000996.jpg,n04251144
n0425114400000997.jpg,n04251144
n0425114400001002.jpg,n04251144
n0425114400001003.jpg,n04251144
n0425114400001004.jpg,n04251144
n0425114400001005.jpg,n04251144
n0425114400001006.jpg,n04251144
n0425114400001007.jpg,n04251144
n0425114400001008.jpg,n04251144
n0425114400001010.jpg,n04251144
n0425114400001011.jpg,n04251144
n0425114400001012.jpg,n04251144
n0425114400001015.jpg,n04251144
n0425114400001017.jpg,n04251144
n0425114400001019.jpg,n04251144
n0425114400001021.jpg,n04251144
n0425114400001022.jpg,n04251144
n0425114400001023.jpg,n04251144
n0425114400001024.jpg,n04251144
n0425114400001026.jpg,n04251144
n0425114400001027.jpg,n04251144
n0425114400001031.jpg,n04251144
n0425114400001032.jpg,n04251144
n0425114400001034.jpg,n04251144
n0425114400001037.jpg,n04251144
n0425114400001038.jpg,n04251144
n0425114400001039.jpg,n04251144
n0425114400001042.jpg,n04251144
n0425114400001043.jpg,n04251144
n0425114400001046.jpg,n04251144
n0425114400001047.jpg,n04251144
n0425114400001049.jpg,n04251144
n0425114400001050.jpg,n04251144
n0425114400001052.jpg,n04251144
n0425114400001053.jpg,n04251144
n0425114400001055.jpg,n04251144
n0425114400001056.jpg,n04251144
n0425114400001058.jpg,n04251144
n0425114400001060.jpg,n04251144
n0425114400001061.jpg,n04251144
n0425114400001062.jpg,n04251144
n0425114400001067.jpg,n04251144
n0425114400001069.jpg,n04251144
n0425114400001071.jpg,n04251144
n0425114400001072.jpg,n04251144
n0425114400001073.jpg,n04251144
n0425114400001074.jpg,n04251144
n0425114400001075.jpg,n04251144
n0425114400001079.jpg,n04251144
n0425114400001080.jpg,n04251144
n0425114400001081.jpg,n04251144
n0425114400001086.jpg,n04251144
n0425114400001088.jpg,n04251144
n0425114400001089.jpg,n04251144
n0425114400001090.jpg,n04251144
n0425114400001094.jpg,n04251144
n0425114400001097.jpg,n04251144
n0425114400001101.jpg,n04251144
n0425114400001102.jpg,n04251144
n0425114400001105.jpg,n04251144
n0425114400001106.jpg,n04251144
n0425114400001107.jpg,n04251144
n0425114400001110.jpg,n04251144
n0425114400001114.jpg,n04251144
n0425114400001116.jpg,n04251144
n0425114400001118.jpg,n04251144
n0425114400001119.jpg,n04251144
n0425114400001121.jpg,n04251144
n0425114400001122.jpg,n04251144
n0425114400001123.jpg,n04251144
n0425114400001128.jpg,n04251144
n0425114400001131.jpg,n04251144
n0425114400001132.jpg,n04251144
n0425114400001134.jpg,n04251144
n0425114400001140.jpg,n04251144
n0425114400001147.jpg,n04251144
n0425114400001148.jpg,n04251144
n0425114400001151.jpg,n04251144
n0425114400001154.jpg,n04251144
n0425114400001157.jpg,n04251144
n0425114400001158.jpg,n04251144
n0425114400001159.jpg,n04251144
n0425114400001164.jpg,n04251144
n0425114400001165.jpg,n04251144
n0425114400001166.jpg,n04251144
n0425114400001168.jpg,n04251144
n0425114400001170.jpg,n04251144
n0425114400001173.jpg,n04251144
n0425114400001175.jpg,n04251144
n0425114400001178.jpg,n04251144
n0425114400001180.jpg,n04251144
n0425114400001181.jpg,n04251144
n0425114400001182.jpg,n04251144
n0425114400001183.jpg,n04251144
n0425114400001187.jpg,n04251144
n0425114400001188.jpg,n04251144
n0425114400001192.jpg,n04251144
n0425114400001193.jpg,n04251144
n0425114400001195.jpg,n04251144
n0425114400001196.jpg,n04251144
n0425114400001197.jpg,n04251144
n0425114400001200.jpg,n04251144
n0425114400001203.jpg,n04251144
n0425114400001204.jpg,n04251144
n0425114400001205.jpg,n04251144
n0425114400001207.jpg,n04251144
n0425114400001209.jpg,n04251144
n0425114400001211.jpg,n04251144
n0425114400001213.jpg,n04251144
n0425114400001218.jpg,n04251144
n0425114400001220.jpg,n04251144
n0425114400001223.jpg,n04251144
n0425114400001224.jpg,n04251144
n0425114400001232.jpg,n04251144
n0425114400001237.jpg,n04251144
n0425114400001244.jpg,n04251144
n0425114400001251.jpg,n04251144
n0425114400001252.jpg,n04251144
n0425114400001254.jpg,n04251144
n0425114400001255.jpg,n04251144
n0425114400001258.jpg,n04251144
n0425114400001260.jpg,n04251144
n0425114400001261.jpg,n04251144
n0425114400001262.jpg,n04251144
n0425114400001263.jpg,n04251144
n0425114400001264.jpg,n04251144
n0425114400001267.jpg,n04251144
n0425114400001268.jpg,n04251144
n0425114400001269.jpg,n04251144
n0425114400001271.jpg,n04251144
n0425114400001273.jpg,n04251144
n0425114400001274.jpg,n04251144
n0425114400001279.jpg,n04251144
n0425114400001280.jpg,n04251144
n0425114400001282.jpg,n04251144
n0425114400001283.jpg,n04251144
n0425114400001285.jpg,n04251144
n0425114400001287.jpg,n04251144
n0425114400001288.jpg,n04251144
n0425114400001290.jpg,n04251144
n0425114400001294.jpg,n04251144
n0444325700000003.jpg,n04443257
n0444325700000004.jpg,n04443257
n0444325700000005.jpg,n04443257
n0444325700000006.jpg,n04443257
n0444325700000007.jpg,n04443257
n0444325700000011.jpg,n04443257
n0444325700000013.jpg,n04443257
n0444325700000016.jpg,n04443257
n0444325700000017.jpg,n04443257
n0444325700000018.jpg,n04443257
n0444325700000022.jpg,n04443257
n0444325700000023.jpg,n04443257
n0444325700000025.jpg,n04443257
n0444325700000026.jpg,n04443257
n0444325700000028.jpg,n04443257
n0444325700000029.jpg,n04443257
n0444325700000030.jpg,n04443257
n0444325700000033.jpg,n04443257
n0444325700000037.jpg,n04443257
n0444325700000038.jpg,n04443257
n0444325700000040.jpg,n04443257
n0444325700000041.jpg,n04443257
n0444325700000044.jpg,n04443257
n0444325700000046.jpg,n04443257
n0444325700000052.jpg,n04443257
n0444325700000053.jpg,n04443257
n0444325700000055.jpg,n04443257
n0444325700000056.jpg,n04443257
n0444325700000057.jpg,n04443257
n0444325700000059.jpg,n04443257
n0444325700000060.jpg,n04443257
n0444325700000062.jpg,n04443257
n0444325700000063.jpg,n04443257
n0444325700000064.jpg,n04443257
n0444325700000072.jpg,n04443257
n0444325700000073.jpg,n04443257
n0444325700000078.jpg,n04443257
n0444325700000085.jpg,n04443257
n0444325700000087.jpg,n04443257
n0444325700000088.jpg,n04443257
n0444325700000089.jpg,n04443257
n0444325700000091.jpg,n04443257
n0444325700000093.jpg,n04443257
n0444325700000094.jpg,n04443257
n0444325700000096.jpg,n04443257
n0444325700000097.jpg,n04443257
n0444325700000098.jpg,n04443257
n0444325700000100.jpg,n04443257
n0444325700000102.jpg,n04443257
n0444325700000104.jpg,n04443257
n0444325700000105.jpg,n04443257
n0444325700000110.jpg,n04443257
n0444325700000111.jpg,n04443257
n0444325700000112.jpg,n04443257
n0444325700000114.jpg,n04443257
n0444325700000116.jpg,n04443257
n0444325700000117.jpg,n04443257
n0444325700000120.jpg,n04443257
n0444325700000121.jpg,n04443257
n0444325700000122.jpg,n04443257
n0444325700000125.jpg,n04443257
n0444325700000130.jpg,n04443257
n0444325700000133.jpg,n04443257
n0444325700000134.jpg,n04443257
n0444325700000135.jpg,n04443257
n0444325700000136.jpg,n04443257
n0444325700000142.jpg,n04443257
n0444325700000144.jpg,n04443257
n0444325700000145.jpg,n04443257
n0444325700000146.jpg,n04443257
n0444325700000149.jpg,n04443257
n0444325700000152.jpg,n04443257
n0444325700000153.jpg,n04443257
n0444325700000155.jpg,n04443257
n0444325700000157.jpg,n04443257
n0444325700000159.jpg,n04443257
n0444325700000161.jpg,n04443257
n0444325700000162.jpg,n04443257
n0444325700000163.jpg,n04443257
n0444325700000164.jpg,n04443257
n0444325700000165.jpg,n04443257
n0444325700000170.jpg,n04443257
n0444325700000175.jpg,n04443257
n0444325700000178.jpg,n04443257
n0444325700000179.jpg,n04443257
n0444325700000180.jpg,n04443257
n0444325700000183.jpg,n04443257
n0444325700000184.jpg,n04443257
n0444325700000185.jpg,n04443257
n0444325700000188.jpg,n04443257
n0444325700000191.jpg,n04443257
n0444325700000193.jpg,n04443257
n0444325700000196.jpg,n04443257
n0444325700000197.jpg,n04443257
n0444325700000198.jpg,n04443257
n0444325700000200.jpg,n04443257
n0444325700000201.jpg,n04443257
n0444325700000206.jpg,n04443257
n0444325700000207.jpg,n04443257
n0444325700000211.jpg,n04443257
n0444325700000212.jpg,n04443257
n0444325700000214.jpg,n04443257
n0444325700000215.jpg,n04443257
n0444325700000218.jpg,n04443257
n0444325700000219.jpg,n04443257
n0444325700000221.jpg,n04443257
n0444325700000224.jpg,n04443257
n0444325700000227.jpg,n04443257
n0444325700000230.jpg,n04443257
n0444325700000231.jpg,n04443257
n0444325700000233.jpg,n04443257
n0444325700000234.jpg,n04443257
n0444325700000235.jpg,n04443257
n0444325700000238.jpg,n04443257
n0444325700000239.jpg,n04443257
n0444325700000240.jpg,n04443257
n0444325700000241.jpg,n04443257
n0444325700000243.jpg,n04443257
n0444325700000244.jpg,n04443257
n0444325700000245.jpg,n04443257
n0444325700000247.jpg,n04443257
n0444325700000249.jpg,n04443257
n0444325700000252.jpg,n04443257
n0444325700000254.jpg,n04443257
n0444325700000255.jpg,n04443257
n0444325700000258.jpg,n04443257
n0444325700000260.jpg,n04443257
n0444325700000262.jpg,n04443257
n0444325700000264.jpg,n04443257
n0444325700000266.jpg,n04443257
n0444325700000267.jpg,n04443257
n0444325700000271.jpg,n04443257
n0444325700000272.jpg,n04443257
n0444325700000276.jpg,n04443257
n0444325700000277.jpg,n04443257
n0444325700000281.jpg,n04443257
n0444325700000283.jpg,n04443257
n0444325700000285.jpg,n04443257
n0444325700000288.jpg,n04443257
n0444325700000294.jpg,n04443257
n0444325700000295.jpg,n04443257
n0444325700000297.jpg,n04443257
n0444325700000298.jpg,n04443257
n0444325700000301.jpg,n04443257
n0444325700000302.jpg,n04443257
n0444325700000305.jpg,n04443257
n0444325700000307.jpg,n04443257
n0444325700000309.jpg,n04443257
n0444325700000311.jpg,n04443257
n0444325700000312.jpg,n04443257
n0444325700000315.jpg,n04443257
n0444325700000321.jpg,n04443257
n0444325700000322.jpg,n04443257
n0444325700000324.jpg,n04443257
n0444325700000326.jpg,n04443257
n0444325700000330.jpg,n04443257
n0444325700000332.jpg,n04443257
n0444325700000334.jpg,n04443257
n0444325700000336.jpg,n04443257
n0444325700000337.jpg,n04443257
n0444325700000339.jpg,n04443257
n0444325700000341.jpg,n04443257
n0444325700000343.jpg,n04443257
n0444325700000350.jpg,n04443257
n0444325700000351.jpg,n04443257
n0444325700000352.jpg,n04443257
n0444325700000354.jpg,n04443257
n0444325700000355.jpg,n04443257
n0444325700000357.jpg,n04443257
n0444325700000358.jpg,n04443257
n0444325700000361.jpg,n04443257
n0444325700000362.jpg,n04443257
n0444325700000363.jpg,n04443257
n0444325700000365.jpg,n04443257
n0444325700000371.jpg,n04443257
n0444325700000373.jpg,n04443257
n0444325700000374.jpg,n04443257
n0444325700000375.jpg,n04443257
n0444325700000377.jpg,n04443257
n0444325700000381.jpg,n04443257
n0444325700000382.jpg,n04443257
n0444325700000384.jpg,n04443257
n0444325700000386.jpg,n04443257
n0444325700000388.jpg,n04443257
n0444325700000389.jpg,n04443257
n0444325700000391.jpg,n04443257
n0444325700000392.jpg,n04443257
n0444325700000394.jpg,n04443257
n0444325700000396.jpg,n04443257
n0444325700000397.jpg,n04443257
n0444325700000400.jpg,n04443257
n0444325700000401.jpg,n04443257
n0444325700000402.jpg,n04443257
n0444325700000404.jpg,n04443257
n0444325700000405.jpg,n04443257
n0444325700000406.jpg,n04443257
n0444325700000408.jpg,n04443257
n0444325700000409.jpg,n04443257
n0444325700000411.jpg,n04443257
n0444325700000414.jpg,n04443257
n0444325700000419.jpg,n04443257
n0444325700000420.jpg,n04443257
n0444325700000422.jpg,n04443257
n0444325700000423.jpg,n04443257
n0444325700000424.jpg,n04443257
n0444325700000425.jpg,n04443257
n0444325700000426.jpg,n04443257
n0444325700000429.jpg,n04443257
n0444325700000433.jpg,n04443257
n0444325700000434.jpg,n04443257
n0444325700000435.jpg,n04443257
n0444325700000436.jpg,n04443257
n0444325700000438.jpg,n04443257
n0444325700000447.jpg,n04443257
n0444325700000449.jpg,n04443257
n0444325700000451.jpg,n04443257
n0444325700000452.jpg,n04443257
n0444325700000456.jpg,n04443257
n0444325700000459.jpg,n04443257
n0444325700000464.jpg,n04443257
n0444325700000466.jpg,n04443257
n0444325700000467.jpg,n04443257
n0444325700000468.jpg,n04443257
n0444325700000470.jpg,n04443257
n0444325700000473.jpg,n04443257
n0444325700000474.jpg,n04443257
n0444325700000477.jpg,n04443257
n0444325700000484.jpg,n04443257
n0444325700000486.jpg,n04443257
n0444325700000489.jpg,n04443257
n0444325700000490.jpg,n04443257
n0444325700000491.jpg,n04443257
n0444325700000492.jpg,n04443257
n0444325700000493.jpg,n04443257
n0444325700000494.jpg,n04443257
n0444325700000500.jpg,n04443257
n0444325700000501.jpg,n04443257
n0444325700000502.jpg,n04443257
n0444325700000504.jpg,n04443257
n0444325700000505.jpg,n04443257
n0444325700000506.jpg,n04443257
n0444325700000516.jpg,n04443257
n0444325700000519.jpg,n04443257
n0444325700000523.jpg,n04443257
n0444325700000524.jpg,n04443257
n0444325700000526.jpg,n04443257
n0444325700000530.jpg,n04443257
n0444325700000531.jpg,n04443257
n0444325700000532.jpg,n04443257
n0444325700000533.jpg,n04443257
n0444325700000534.jpg,n04443257
n0444325700000535.jpg,n04443257
n0444325700000536.jpg,n04443257
n0444325700000539.jpg,n04443257
n0444325700000540.jpg,n04443257
n0444325700000543.jpg,n04443257
n0444325700000544.jpg,n04443257
n0444325700000548.jpg,n04443257
n0444325700000549.jpg,n04443257
n0444325700000551.jpg,n04443257
n0444325700000552.jpg,n04443257
n0444325700000553.jpg,n04443257
n0444325700000557.jpg,n04443257
n0444325700000562.jpg,n04443257
n0444325700000563.jpg,n04443257
n0444325700000564.jpg,n04443257
n0444325700000565.jpg,n04443257
n0444325700000567.jpg,n04443257
n0444325700000572.jpg,n04443257
n0444325700000573.jpg,n04443257
n0444325700000574.jpg,n04443257
n0444325700000577.jpg,n04443257
n0444325700000580.jpg,n04443257
n0444325700000582.jpg,n04443257
n0444325700000583.jpg,n04443257
n0444325700000584.jpg,n04443257
n0444325700000585.jpg,n04443257
n0444325700000586.jpg,n04443257
n0444325700000587.jpg,n04443257
n0444325700000591.jpg,n04443257
n0444325700000593.jpg,n04443257
n0444325700000594.jpg,n04443257
n0444325700000596.jpg,n04443257
n0444325700000600.jpg,n04443257
n0444325700000602.jpg,n04443257
n0444325700000603.jpg,n04443257
n0444325700000604.jpg,n04443257
n0444325700000605.jpg,n04443257
n0444325700000606.jpg,n04443257
n0444325700000608.jpg,n04443257
n0444325700000610.jpg,n04443257
n0444325700000611.jpg,n04443257
n0444325700000613.jpg,n04443257
n0444325700000615.jpg,n04443257
n0444325700000619.jpg,n04443257
n0444325700000620.jpg,n04443257
n0444325700000630.jpg,n04443257
n0444325700000631.jpg,n04443257
n0444325700000634.jpg,n04443257
n0444325700000635.jpg,n04443257
n0444325700000636.jpg,n04443257
n0444325700000639.jpg,n04443257
n0444325700000640.jpg,n04443257
n0444325700000642.jpg,n04443257
n0444325700000643.jpg,n04443257
n0444325700000645.jpg,n04443257
n0444325700000646.jpg,n04443257
n0444325700000648.jpg,n04443257
n0444325700000649.jpg,n04443257
n0444325700000650.jpg,n04443257
n0444325700000654.jpg,n04443257
n0444325700000655.jpg,n04443257
n0444325700000656.jpg,n04443257
n0444325700000657.jpg,n04443257
n0444325700000658.jpg,n04443257
n0444325700000661.jpg,n04443257
n0444325700000662.jpg,n04443257
n0444325700000665.jpg,n04443257
n0444325700000668.jpg,n04443257
n0444325700000669.jpg,n04443257
n0444325700000670.jpg,n04443257
n0444325700000671.jpg,n04443257
n0444325700000676.jpg,n04443257
n0444325700000677.jpg,n04443257
n0444325700000678.jpg,n04443257
n0444325700000679.jpg,n04443257
n0444325700000680.jpg,n04443257
n0444325700000685.jpg,n04443257
n0444325700000686.jpg,n04443257
n0444325700000687.jpg,n04443257
n0444325700000688.jpg,n04443257
n0444325700000691.jpg,n04443257
n0444325700000692.jpg,n04443257
n0444325700000693.jpg,n04443257
n0444325700000694.jpg,n04443257
n0444325700000695.jpg,n04443257
n0444325700000697.jpg,n04443257
n0444325700000698.jpg,n04443257
n0444325700000699.jpg,n04443257
n0444325700000700.jpg,n04443257
n0444325700000701.jpg,n04443257
n0444325700000703.jpg,n04443257
n0444325700000704.jpg,n04443257
n0444325700000705.jpg,n04443257
n0444325700000706.jpg,n04443257
n0444325700000710.jpg,n04443257
n0444325700000711.jpg,n04443257
n0444325700000712.jpg,n04443257
n0444325700000713.jpg,n04443257
n0444325700000716.jpg,n04443257
n0444325700000721.jpg,n04443257
n0444325700000722.jpg,n04443257
n0444325700000724.jpg,n04443257
n0444325700000725.jpg,n04443257
n0444325700000726.jpg,n04443257
n0444325700000729.jpg,n04443257
n0444325700000733.jpg,n04443257
n0444325700000734.jpg,n04443257
n0444325700000735.jpg,n04443257
n0444325700000743.jpg,n04443257
n0444325700000748.jpg,n04443257
n0444325700000753.jpg,n04443257
n0444325700000754.jpg,n04443257
n0444325700000755.jpg,n04443257
n0444325700000756.jpg,n04443257
n0444325700000757.jpg,n04443257
n0444325700000758.jpg,n04443257
n0444325700000761.jpg,n04443257
n0444325700000763.jpg,n04443257
n0444325700000764.jpg,n04443257
n0444325700000768.jpg,n04443257
n0444325700000769.jpg,n04443257
n0444325700000770.jpg,n04443257
n0444325700000772.jpg,n04443257
n0444325700000774.jpg,n04443257
n0444325700000776.jpg,n04443257
n0444325700000777.jpg,n04443257
n0444325700000778.jpg,n04443257
n0444325700000784.jpg,n04443257
n0444325700000785.jpg,n04443257
n0444325700000787.jpg,n04443257
n0444325700000788.jpg,n04443257
n0444325700000789.jpg,n04443257
n0444325700000793.jpg,n04443257
n0444325700000795.jpg,n04443257
n0444325700000797.jpg,n04443257
n0444325700000799.jpg,n04443257
n0444325700000804.jpg,n04443257
n0444325700000805.jpg,n04443257
n0444325700000807.jpg,n04443257
n0444325700000808.jpg,n04443257
n0444325700000809.jpg,n04443257
n0444325700000810.jpg,n04443257
n0444325700000811.jpg,n04443257
n0444325700000813.jpg,n04443257
n0444325700000818.jpg,n04443257
n0444325700000819.jpg,n04443257
n0444325700000820.jpg,n04443257
n0444325700000822.jpg,n04443257
n0444325700000824.jpg,n04443257
n0444325700000825.jpg,n04443257
n0444325700000829.jpg,n04443257
n0444325700000832.jpg,n04443257
n0444325700000840.jpg,n04443257
n0444325700000841.jpg,n04443257
n0444325700000843.jpg,n04443257
n0444325700000844.jpg,n04443257
n0444325700000849.jpg,n04443257
n0444325700000851.jpg,n04443257
n0444325700000852.jpg,n04443257
n0444325700000856.jpg,n04443257
n0444325700000858.jpg,n04443257
n0444325700000862.jpg,n04443257
n0444325700000865.jpg,n04443257
n0444325700000866.jpg,n04443257
n0444325700000867.jpg,n04443257
n0444325700000870.jpg,n04443257
n0444325700000871.jpg,n04443257
n0444325700000874.jpg,n04443257
n0444325700000883.jpg,n04443257
n0444325700000887.jpg,n04443257
n0444325700000889.jpg,n04443257
n0444325700000893.jpg,n04443257
n0444325700000894.jpg,n04443257
n0444325700000897.jpg,n04443257
n0444325700000900.jpg,n04443257
n0444325700000902.jpg,n04443257
n0444325700000903.jpg,n04443257
n0444325700000907.jpg,n04443257
n0444325700000908.jpg,n04443257
n0444325700000909.jpg,n04443257
n0444325700000910.jpg,n04443257
n0444325700000911.jpg,n04443257
n0444325700000913.jpg,n04443257
n0444325700000915.jpg,n04443257
n0444325700000920.jpg,n04443257
n0444325700000921.jpg,n04443257
n0444325700000924.jpg,n04443257
n0444325700000928.jpg,n04443257
n0444325700000929.jpg,n04443257
n0444325700000930.jpg,n04443257
n0444325700000931.jpg,n04443257
n0444325700000934.jpg,n04443257
n0444325700000940.jpg,n04443257
n0444325700000944.jpg,n04443257
n0444325700000946.jpg,n04443257
n0444325700000950.jpg,n04443257
n0444325700000951.jpg,n04443257
n0444325700000952.jpg,n04443257
n0444325700000953.jpg,n04443257
n0444325700000954.jpg,n04443257
n0444325700000956.jpg,n04443257
n0444325700000957.jpg,n04443257
n0444325700000958.jpg,n04443257
n0444325700000963.jpg,n04443257
n0444325700000964.jpg,n04443257
n0444325700000966.jpg,n04443257
n0444325700000971.jpg,n04443257
n0444325700000973.jpg,n04443257
n0444325700000974.jpg,n04443257
n0444325700000975.jpg,n04443257
n0444325700000976.jpg,n04443257
n0444325700000977.jpg,n04443257
n0444325700000978.jpg,n04443257
n0444325700000979.jpg,n04443257
n0444325700000981.jpg,n04443257
n0444325700000982.jpg,n04443257
n0444325700000983.jpg,n04443257
n0444325700000984.jpg,n04443257
n0444325700000985.jpg,n04443257
n0444325700000986.jpg,n04443257
n0444325700000987.jpg,n04443257
n0444325700000994.jpg,n04443257
n0444325700000995.jpg,n04443257
n0444325700000996.jpg,n04443257
n0444325700000998.jpg,n04443257
n0444325700001001.jpg,n04443257
n0444325700001002.jpg,n04443257
n0444325700001003.jpg,n04443257
n0444325700001006.jpg,n04443257
n0444325700001008.jpg,n04443257
n0444325700001009.jpg,n04443257
n0444325700001011.jpg,n04443257
n0444325700001013.jpg,n04443257
n0444325700001014.jpg,n04443257
n0444325700001015.jpg,n04443257
n0444325700001017.jpg,n04443257
n0444325700001018.jpg,n04443257
n0444325700001020.jpg,n04443257
n0444325700001021.jpg,n04443257
n0444325700001023.jpg,n04443257
n0444325700001025.jpg,n04443257
n0444325700001027.jpg,n04443257
n0444325700001028.jpg,n04443257
n0444325700001029.jpg,n04443257
n0444325700001031.jpg,n04443257
n0444325700001034.jpg,n04443257
n0444325700001039.jpg,n04443257
n0444325700001043.jpg,n04443257
n0444325700001046.jpg,n04443257
n0444325700001047.jpg,n04443257
n0444325700001048.jpg,n04443257
n0444325700001049.jpg,n04443257
n0444325700001050.jpg,n04443257
n0444325700001054.jpg,n04443257
n0444325700001063.jpg,n04443257
n0444325700001064.jpg,n04443257
n0444325700001065.jpg,n04443257
n0444325700001068.jpg,n04443257
n0444325700001070.jpg,n04443257
n0444325700001072.jpg,n04443257
n0444325700001074.jpg,n04443257
n0444325700001082.jpg,n04443257
n0444325700001083.jpg,n04443257
n0444325700001085.jpg,n04443257
n0444325700001086.jpg,n04443257
n0444325700001087.jpg,n04443257
n0444325700001088.jpg,n04443257
n0444325700001089.jpg,n04443257
n0444325700001091.jpg,n04443257
n0444325700001096.jpg,n04443257
n0444325700001099.jpg,n04443257
n0444325700001100.jpg,n04443257
n0444325700001101.jpg,n04443257
n0444325700001103.jpg,n04443257
n0444325700001104.jpg,n04443257
n0444325700001109.jpg,n04443257
n0444325700001110.jpg,n04443257
n0444325700001111.jpg,n04443257
n0444325700001112.jpg,n04443257
n0444325700001113.jpg,n04443257
n0444325700001116.jpg,n04443257
n0444325700001120.jpg,n04443257
n0444325700001121.jpg,n04443257
n0444325700001122.jpg,n04443257
n0444325700001124.jpg,n04443257
n0444325700001125.jpg,n04443257
n0444325700001128.jpg,n04443257
n0444325700001131.jpg,n04443257
n0444325700001132.jpg,n04443257
n0444325700001133.jpg,n04443257
n0444325700001134.jpg,n04443257
n0444325700001135.jpg,n04443257
n0444325700001138.jpg,n04443257
n0444325700001139.jpg,n04443257
n0444325700001140.jpg,n04443257
n0444325700001143.jpg,n04443257
n0444325700001144.jpg,n04443257
n0444325700001146.jpg,n04443257
n0444325700001150.jpg,n04443257
n0444325700001153.jpg,n04443257
n0444325700001154.jpg,n04443257
n0444325700001155.jpg,n04443257
n0444325700001156.jpg,n04443257
n0444325700001158.jpg,n04443257
n0444325700001168.jpg,n04443257
n0444325700001169.jpg,n04443257
n0444325700001172.jpg,n04443257
n0444325700001174.jpg,n04443257
n0444325700001175.jpg,n04443257
n0444325700001178.jpg,n04443257
n0444325700001180.jpg,n04443257
n0444325700001181.jpg,n04443257
n0444325700001182.jpg,n04443257
n0444325700001183.jpg,n04443257
n0444325700001185.jpg,n04443257
n0444325700001188.jpg,n04443257
n0444325700001190.jpg,n04443257
n0444325700001194.jpg,n04443257
n0444325700001198.jpg,n04443257
n0444325700001200.jpg,n04443257
n0444325700001203.jpg,n04443257
n0444325700001204.jpg,n04443257
n0444325700001207.jpg,n04443257
n0444325700001208.jpg,n04443257
n0444325700001210.jpg,n04443257
n0444325700001211.jpg,n04443257
n0444325700001212.jpg,n04443257
n0444325700001216.jpg,n04443257
n0444325700001217.jpg,n04443257
n0444325700001218.jpg,n04443257
n0444325700001219.jpg,n04443257
n0444325700001220.jpg,n04443257
n0444325700001221.jpg,n04443257
n0444325700001222.jpg,n04443257
n0444325700001223.jpg,n04443257
n0444325700001224.jpg,n04443257
n0444325700001225.jpg,n04443257
n0444325700001230.jpg,n04443257
n0444325700001232.jpg,n04443257
n0444325700001234.jpg,n04443257
n0444325700001235.jpg,n04443257
n0444325700001236.jpg,n04443257
n0444325700001237.jpg,n04443257
n0444325700001239.jpg,n04443257
n0444325700001241.jpg,n04443257
n0444325700001243.jpg,n04443257
n0444325700001244.jpg,n04443257
n0444325700001249.jpg,n04443257
n0444325700001250.jpg,n04443257
n0774760700000001.jpg,n07747607
n0774760700000006.jpg,n07747607
n0774760700000007.jpg,n07747607
n0774760700000008.jpg,n07747607
n0774760700000012.jpg,n07747607
n0774760700000014.jpg,n07747607
n0774760700000015.jpg,n07747607
n0774760700000017.jpg,n07747607
n0774760700000019.jpg,n07747607
n0774760700000023.jpg,n07747607
n0774760700000026.jpg,n07747607
n0774760700000030.jpg,n07747607
n0774760700000031.jpg,n07747607
n0774760700000032.jpg,n07747607
n0774760700000033.jpg,n07747607
n0774760700000034.jpg,n07747607
n0774760700000037.jpg,n07747607
n0774760700000039.jpg,n07747607
n0774760700000042.jpg,n07747607
n0774760700000047.jpg,n07747607
n0774760700000049.jpg,n07747607
n0774760700000053.jpg,n07747607
n0774760700000057.jpg,n07747607
n0774760700000059.jpg,n07747607
n0774760700000060.jpg,n07747607
n0774760700000062.jpg,n07747607
n0774760700000064.jpg,n07747607
n0774760700000065.jpg,n07747607
n0774760700000066.jpg,n07747607
n0774760700000067.jpg,n07747607
n0774760700000071.jpg,n07747607
n0774760700000073.jpg,n07747607
n0774760700000076.jpg,n07747607
n0774760700000082.jpg,n07747607
n0774760700000083.jpg,n07747607
n0774760700000087.jpg,n07747607
n0774760700000088.jpg,n07747607
n0774760700000090.jpg,n07747607
n0774760700000091.jpg,n07747607
n0774760700000094.jpg,n07747607
n0774760700000098.jpg,n07747607
n0774760700000102.jpg,n07747607
n0774760700000103.jpg,n07747607
n0774760700000104.jpg,n07747607
n0774760700000105.jpg,n07747607
n0774760700000107.jpg,n07747607
n0774760700000111.jpg,n07747607
n0774760700000113.jpg,n07747607
n0774760700000117.jpg,n07747607
n0774760700000119.jpg,n07747607
n0774760700000120.jpg,n07747607
n0774760700000122.jpg,n07747607
n0774760700000125.jpg,n07747607
n0774760700000128.jpg,n07747607
n0774760700000129.jpg,n07747607
n0774760700000131.jpg,n07747607
n0774760700000132.jpg,n07747607
n0774760700000133.jpg,n07747607
n0774760700000136.jpg,n07747607
n0774760700000140.jpg,n07747607
n0774760700000143.jpg,n07747607
n0774760700000145.jpg,n07747607
n0774760700000150.jpg,n07747607
n0774760700000153.jpg,n07747607
n0774760700000157.jpg,n07747607
n0774760700000158.jpg,n07747607
n0774760700000159.jpg,n07747607
n0774760700000160.jpg,n07747607
n0774760700000163.jpg,n07747607
n0774760700000164.jpg,n07747607
n0774760700000165.jpg,n07747607
n0774760700000166.jpg,n07747607
n0774760700000167.jpg,n07747607
n0774760700000171.jpg,n07747607
n0774760700000172.jpg,n07747607
n0774760700000173.jpg,n07747607
n0774760700000178.jpg,n07747607
n0774760700000179.jpg,n07747607
n0774760700000182.jpg,n07747607
n0774760700000184.jpg,n07747607
n0774760700000187.jpg,n07747607
n0774760700000188.jpg,n07747607
n0774760700000190.jpg,n07747607
n0774760700000193.jpg,n07747607
n0774760700000196.jpg,n07747607
n0774760700000198.jpg,n07747607
n0774760700000199.jpg,n07747607
n0774760700000200.jpg,n07747607
n0774760700000201.jpg,n07747607
n0774760700000207.jpg,n07747607
n0774760700000209.jpg,n07747607
n0774760700000210.jpg,n07747607
n0774760700000215.jpg,n07747607
n0774760700000216.jpg,n07747607
n0774760700000217.jpg,n07747607
n0774760700000219.jpg,n07747607
n0774760700000226.jpg,n07747607
n0774760700000230.jpg,n07747607
n0774760700000234.jpg,n07747607
n0774760700000236.jpg,n07747607
n0774760700000237.jpg,n07747607
n0774760700000238.jpg,n07747607
n0774760700000244.jpg,n07747607
n0774760700000246.jpg,n07747607
n0774760700000249.jpg,n07747607
n0774760700000252.jpg,n07747607
n0774760700000253.jpg,n07747607
n0774760700000254.jpg,n07747607
n0774760700000256.jpg,n07747607
n0774760700000258.jpg,n07747607
n0774760700000260.jpg,n07747607
n0774760700000262.jpg,n07747607
n0774760700000264.jpg,n07747607
n0774760700000266.jpg,n07747607
n0774760700000268.jpg,n07747607
n0774760700000269.jpg,n07747607
n0774760700000273.jpg,n07747607
n0774760700000275.jpg,n07747607
n0774760700000276.jpg,n07747607
n0774760700000277.jpg,n07747607
n0774760700000278.jpg,n07747607
n0774760700000280.jpg,n07747607
n0774760700000281.jpg,n07747607
n0774760700000283.jpg,n07747607
n0774760700000285.jpg,n07747607
n0774760700000287.jpg,n07747607
n0774760700000289.jpg,n07747607
n0774760700000291.jpg,n07747607
n0774760700000292.jpg,n07747607
n0774760700000295.jpg,n07747607
n0774760700000296.jpg,n07747607
n0774760700000297.jpg,n07747607
n0774760700000298.jpg,n07747607
n0774760700000299.jpg,n07747607
n0774760700000305.jpg,n07747607
n0774760700000306.jpg,n07747607
n0774760700000309.jpg,n07747607
n0774760700000311.jpg,n07747607
n0774760700000312.jpg,n07747607
n0774760700000314.jpg,n07747607
n0774760700000315.jpg,n07747607
n0774760700000317.jpg,n07747607
n0774760700000318.jpg,n07747607
n0774760700000320.jpg,n07747607
n0774760700000321.jpg,n07747607
n0774760700000325.jpg,n07747607
n0774760700000326.jpg,n07747607
n0774760700000327.jpg,n07747607
n0774760700000328.jpg,n07747607
n0774760700000330.jpg,n07747607
n0774760700000334.jpg,n07747607
n0774760700000336.jpg,n07747607
n0774760700000345.jpg,n07747607
n0774760700000349.jpg,n07747607
n0774760700000352.jpg,n07747607
n0774760700000357.jpg,n07747607
n0774760700000358.jpg,n07747607
n0774760700000359.jpg,n07747607
n0774760700000365.jpg,n07747607
n0774760700000369.jpg,n07747607
n0774760700000370.jpg,n07747607
n0774760700000373.jpg,n07747607
n0774760700000374.jpg,n07747607
n0774760700000375.jpg,n07747607
n0774760700000377.jpg,n07747607
n0774760700000378.jpg,n07747607
n0774760700000383.jpg,n07747607
n0774760700000384.jpg,n07747607
n0774760700000388.jpg,n07747607
n0774760700000390.jpg,n07747607
n0774760700000394.jpg,n07747607
n0774760700000395.jpg,n07747607
n0774760700000399.jpg,n07747607
n0774760700000400.jpg,n07747607
n0774760700000401.jpg,n07747607
n0774760700000405.jpg,n07747607
n0774760700000406.jpg,n07747607
n0774760700000410.jpg,n07747607
n0774760700000411.jpg,n07747607
n0774760700000413.jpg,n07747607
n0774760700000415.jpg,n07747607
n0774760700000416.jpg,n07747607
n0774760700000419.jpg,n07747607
n0774760700000421.jpg,n07747607
n0774760700000422.jpg,n07747607
n0774760700000423.jpg,n07747607
n0774760700000424.jpg,n07747607
n0774760700000425.jpg,n07747607
n0774760700000426.jpg,n07747607
n0774760700000429.jpg,n07747607
n0774760700000431.jpg,n07747607
n0774760700000432.jpg,n07747607
n0774760700000433.jpg,n07747607
n0774760700000435.jpg,n07747607
n0774760700000440.jpg,n07747607
n0774760700000441.jpg,n07747607
n0774760700000443.jpg,n07747607
n0774760700000444.jpg,n07747607
n0774760700000445.jpg,n07747607
n0774760700000447.jpg,n07747607
n0774760700000448.jpg,n07747607
n0774760700000449.jpg,n07747607
n0774760700000450.jpg,n07747607
n0774760700000451.jpg,n07747607
n0774760700000452.jpg,n07747607
n0774760700000453.jpg,n07747607
n0774760700000454.jpg,n07747607
n0774760700000455.jpg,n07747607
n0774760700000457.jpg,n07747607
n0774760700000458.jpg,n07747607
n0774760700000460.jpg,n07747607
n0774760700000461.jpg,n07747607
n0774760700000462.jpg,n07747607
n0774760700000469.jpg,n07747607
n0774760700000471.jpg,n07747607
n0774760700000472.jpg,n07747607
n0774760700000474.jpg,n07747607
n0774760700000475.jpg,n07747607
n0774760700000479.jpg,n07747607
n0774760700000481.jpg,n07747607
n0774760700000482.jpg,n07747607
n0774760700000485.jpg,n07747607
n0774760700000487.jpg,n07747607
n0774760700000488.jpg,n07747607
n0774760700000489.jpg,n07747607
n0774760700000492.jpg,n07747607
n0774760700000493.jpg,n07747607
n0774760700000494.jpg,n07747607
n0774760700000496.jpg,n07747607
n0774760700000497.jpg,n07747607
n0774760700000499.jpg,n07747607
n0774760700000502.jpg,n07747607
n0774760700000503.jpg,n07747607
n0774760700000506.jpg,n07747607
n0774760700000507.jpg,n07747607
n0774760700000508.jpg,n07747607
n0774760700000510.jpg,n07747607
n0774760700000512.jpg,n07747607
n0774760700000513.jpg,n07747607
n0774760700000517.jpg,n07747607
n0774760700000518.jpg,n07747607
n0774760700000519.jpg,n07747607
n0774760700000521.jpg,n07747607
n0774760700000522.jpg,n07747607
n0774760700000524.jpg,n07747607
n0774760700000525.jpg,n07747607
n0774760700000527.jpg,n07747607
n0774760700000529.jpg,n07747607
n0774760700000532.jpg,n07747607
n0774760700000534.jpg,n07747607
n0774760700000536.jpg,n07747607
n0774760700000537.jpg,n07747607
n0774760700000539.jpg,n07747607
n0774760700000540.jpg,n07747607
n0774760700000543.jpg,n07747607
n0774760700000545.jpg,n07747607
n0774760700000547.jpg,n07747607
n0774760700000549.jpg,n07747607
n0774760700000550.jpg,n07747607
n0774760700000553.jpg,n07747607
n0774760700000554.jpg,n07747607
n0774760700000556.jpg,n07747607
n0774760700000557.jpg,n07747607
n0774760700000562.jpg,n07747607
n0774760700000564.jpg,n07747607
n0774760700000566.jpg,n07747607
n0774760700000567.jpg,n07747607
n0774760700000572.jpg,n07747607
n0774760700000573.jpg,n07747607
n0774760700000574.jpg,n07747607
n0774760700000576.jpg,n07747607
n0774760700000577.jpg,n07747607
n0774760700000578.jpg,n07747607
n0774760700000579.jpg,n07747607
n0774760700000580.jpg,n07747607
n0774760700000583.jpg,n07747607
n0774760700000585.jpg,n07747607
n0774760700000588.jpg,n07747607
n0774760700000590.jpg,n07747607
n0774760700000591.jpg,n07747607
n0774760700000594.jpg,n07747607
n0774760700000595.jpg,n07747607
n0774760700000599.jpg,n07747607
n0774760700000601.jpg,n07747607
n0774760700000603.jpg,n07747607
n0774760700000612.jpg,n07747607
n0774760700000615.jpg,n07747607
n0774760700000616.jpg,n07747607
n0774760700000617.jpg,n07747607
n0774760700000618.jpg,n07747607
n0774760700000620.jpg,n07747607
n0774760700000621.jpg,n07747607
n0774760700000622.jpg,n07747607
n0774760700000630.jpg,n07747607
n0774760700000634.jpg,n07747607
n0774760700000635.jpg,n07747607
n0774760700000636.jpg,n07747607
n0774760700000637.jpg,n07747607
n0774760700000640.jpg,n07747607
n0774760700000641.jpg,n07747607
n0774760700000643.jpg,n07747607
n0774760700000644.jpg,n07747607
n0774760700000648.jpg,n07747607
n0774760700000649.jpg,n07747607
n0774760700000651.jpg,n07747607
n0774760700000652.jpg,n07747607
n0774760700000653.jpg,n07747607
n0774760700000660.jpg,n07747607
n0774760700000661.jpg,n07747607
n0774760700000668.jpg,n07747607
n0774760700000672.jpg,n07747607
n0774760700000675.jpg,n07747607
n0774760700000678.jpg,n07747607
n0774760700000680.jpg,n07747607
n0774760700000681.jpg,n07747607
n0774760700000684.jpg,n07747607
n0774760700000686.jpg,n07747607
n0774760700000689.jpg,n07747607
n0774760700000691.jpg,n07747607
n0774760700000693.jpg,n07747607
n0774760700000695.jpg,n07747607
n0774760700000696.jpg,n07747607
n0774760700000699.jpg,n07747607
n0774760700000705.jpg,n07747607
n0774760700000710.jpg,n07747607
n0774760700000712.jpg,n07747607
n0774760700000714.jpg,n07747607
n0774760700000716.jpg,n07747607
n0774760700000717.jpg,n07747607
n0774760700000719.jpg,n07747607
n0774760700000720.jpg,n07747607
n0774760700000722.jpg,n07747607
n0774760700000723.jpg,n07747607
n0774760700000724.jpg,n07747607
n0774760700000726.jpg,n07747607
n0774760700000727.jpg,n07747607
n0774760700000728.jpg,n07747607
n0774760700000729.jpg,n07747607
n0774760700000731.jpg,n07747607
n0774760700000736.jpg,n07747607
n0774760700000737.jpg,n07747607
n0774760700000739.jpg,n07747607
n0774760700000740.jpg,n07747607
n0774760700000742.jpg,n07747607
n0774760700000748.jpg,n07747607
n0774760700000750.jpg,n07747607
n0774760700000751.jpg,n07747607
n0774760700000752.jpg,n07747607
n0774760700000754.jpg,n07747607
n0774760700000755.jpg,n07747607
n0774760700000756.jpg,n07747607
n0774760700000757.jpg,n07747607
n0774760700000758.jpg,n07747607
n0774760700000759.jpg,n07747607
n0774760700000764.jpg,n07747607
n0774760700000766.jpg,n07747607
n0774760700000767.jpg,n07747607
n0774760700000768.jpg,n07747607
n0774760700000770.jpg,n07747607
n0774760700000772.jpg,n07747607
n0774760700000773.jpg,n07747607
n0774760700000776.jpg,n07747607
n0774760700000779.jpg,n07747607
n0774760700000783.jpg,n07747607
n0774760700000785.jpg,n07747607
n0774760700000786.jpg,n07747607
n0774760700000787.jpg,n07747607
n0774760700000788.jpg,n07747607
n0774760700000789.jpg,n07747607
n0774760700000790.jpg,n07747607
n0774760700000791.jpg,n07747607
n0774760700000794.jpg,n07747607
n0774760700000800.jpg,n07747607
n0774760700000801.jpg,n07747607
n0774760700000803.jpg,n07747607
n0774760700000808.jpg,n07747607
n0774760700000810.jpg,n07747607
n0774760700000813.jpg,n07747607
n0774760700000817.jpg,n07747607
n0774760700000819.jpg,n07747607
n0774760700000822.jpg,n07747607
n0774760700000823.jpg,n07747607
n0774760700000824.jpg,n07747607
n0774760700000825.jpg,n07747607
n0774760700000826.jpg,n07747607
n0774760700000827.jpg,n07747607
n0774760700000829.jpg,n07747607
n0774760700000830.jpg,n07747607
n0774760700000832.jpg,n07747607
n0774760700000834.jpg,n07747607
n0774760700000835.jpg,n07747607
n0774760700000836.jpg,n07747607
n0774760700000837.jpg,n07747607
n0774760700000838.jpg,n07747607
n0774760700000839.jpg,n07747607
n0774760700000841.jpg,n07747607
n0774760700000848.jpg,n07747607
n0774760700000851.jpg,n07747607
n0774760700000852.jpg,n07747607
n0774760700000853.jpg,n07747607
n0774760700000855.jpg,n07747607
n0774760700000856.jpg,n07747607
n0774760700000857.jpg,n07747607
n0774760700000858.jpg,n07747607
n0774760700000861.jpg,n07747607
n0774760700000862.jpg,n07747607
n0774760700000869.jpg,n07747607
n0774760700000870.jpg,n07747607
n0774760700000875.jpg,n07747607
n0774760700000876.jpg,n07747607
n0774760700000879.jpg,n07747607
n0774760700000881.jpg,n07747607
n0774760700000888.jpg,n07747607
n0774760700000889.jpg,n07747607
n0774760700000890.jpg,n07747607
n0774760700000894.jpg,n07747607
n0774760700000899.jpg,n07747607
n0774760700000901.jpg,n07747607
n0774760700000904.jpg,n07747607
n0774760700000906.jpg,n07747607
n0774760700000908.jpg,n07747607
n0774760700000909.jpg,n07747607
n0774760700000912.jpg,n07747607
n0774760700000913.jpg,n07747607
n0774760700000914.jpg,n07747607
n0774760700000915.jpg,n07747607
n0774760700000918.jpg,n07747607
n0774760700000920.jpg,n07747607
n0774760700000921.jpg,n07747607
n0774760700000927.jpg,n07747607
n0774760700000928.jpg,n07747607
n0774760700000929.jpg,n07747607
n0774760700000930.jpg,n07747607
n0774760700000931.jpg,n07747607
n0774760700000932.jpg,n07747607
n0774760700000933.jpg,n07747607
n0774760700000935.jpg,n07747607
n0774760700000936.jpg,n07747607
n0774760700000937.jpg,n07747607
n0774760700000938.jpg,n07747607
n0774760700000939.jpg,n07747607
n0774760700000940.jpg,n07747607
n0774760700000945.jpg,n07747607
n0774760700000948.jpg,n07747607
n0774760700000958.jpg,n07747607
n0774760700000959.jpg,n07747607
n0774760700000961.jpg,n07747607
n0774760700000962.jpg,n07747607
n0774760700000966.jpg,n07747607
n0774760700000971.jpg,n07747607
n0774760700000974.jpg,n07747607
n0774760700000975.jpg,n07747607
n0774760700000978.jpg,n07747607
n0774760700000982.jpg,n07747607
n0774760700000984.jpg,n07747607
n0774760700000988.jpg,n07747607
n0774760700000989.jpg,n07747607
n0774760700000990.jpg,n07747607
n0774760700000991.jpg,n07747607
n0774760700000992.jpg,n07747607
n0774760700000993.jpg,n07747607
n0774760700000994.jpg,n07747607
n0774760700000996.jpg,n07747607
n0774760700001000.jpg,n07747607
n0774760700001001.jpg,n07747607
n0774760700001004.jpg,n07747607
n0774760700001007.jpg,n07747607
n0774760700001010.jpg,n07747607
n0774760700001012.jpg,n07747607
n0774760700001013.jpg,n07747607
n0774760700001017.jpg,n07747607
n0774760700001022.jpg,n07747607
n0774760700001024.jpg,n07747607
n0774760700001026.jpg,n07747607
n0774760700001027.jpg,n07747607
n0774760700001028.jpg,n07747607
n0774760700001032.jpg,n07747607
n0774760700001033.jpg,n07747607
n0774760700001037.jpg,n07747607
n0774760700001038.jpg,n07747607
n0774760700001040.jpg,n07747607
n0774760700001041.jpg,n07747607
n0774760700001046.jpg,n07747607
n0774760700001048.jpg,n07747607
n0774760700001054.jpg,n07747607
n0774760700001055.jpg,n07747607
n0774760700001058.jpg,n07747607
n0774760700001061.jpg,n07747607
n0774760700001062.jpg,n07747607
n0774760700001064.jpg,n07747607
n0774760700001067.jpg,n07747607
n0774760700001068.jpg,n07747607
n0774760700001069.jpg,n07747607
n0774760700001071.jpg,n07747607
n0774760700001073.jpg,n07747607
n0774760700001077.jpg,n07747607
n0774760700001079.jpg,n07747607
n0774760700001082.jpg,n07747607
n0774760700001083.jpg,n07747607
n0774760700001084.jpg,n07747607
n0774760700001086.jpg,n07747607
n0774760700001087.jpg,n07747607
n0774760700001088.jpg,n07747607
n0774760700001090.jpg,n07747607
n0774760700001092.jpg,n07747607
n0774760700001093.jpg,n07747607
n0774760700001094.jpg,n07747607
n0774760700001095.jpg,n07747607
n0774760700001097.jpg,n07747607
n0774760700001102.jpg,n07747607
n0774760700001104.jpg,n07747607
n0774760700001105.jpg,n07747607
n0774760700001106.jpg,n07747607
n0774760700001107.jpg,n07747607
n0774760700001109.jpg,n07747607
n0774760700001110.jpg,n07747607
n0774760700001111.jpg,n07747607
n0774760700001112.jpg,n07747607
n0774760700001113.jpg,n07747607
n0774760700001117.jpg,n07747607
n0774760700001121.jpg,n07747607
n0774760700001122.jpg,n07747607
n0774760700001124.jpg,n07747607
n0774760700001126.jpg,n07747607
n0774760700001129.jpg,n07747607
n0774760700001130.jpg,n07747607
n0774760700001133.jpg,n07747607
n0774760700001136.jpg,n07747607
n0774760700001141.jpg,n07747607
n0774760700001142.jpg,n07747607
n0774760700001144.jpg,n07747607
n0774760700001146.jpg,n07747607
n0774760700001148.jpg,n07747607
n0774760700001149.jpg,n07747607
n0774760700001150.jpg,n07747607
n0774760700001152.jpg,n07747607
n0774760700001153.jpg,n07747607
n0774760700001157.jpg,n07747607
n0774760700001158.jpg,n07747607
n0774760700001160.jpg,n07747607
n0774760700001167.jpg,n07747607
n0774760700001169.jpg,n07747607
n0774760700001170.jpg,n07747607
n0774760700001171.jpg,n07747607
n0774760700001174.jpg,n07747607
n0774760700001176.jpg,n07747607
n0774760700001181.jpg,n07747607
n0774760700001184.jpg,n07747607
n0774760700001186.jpg,n07747607
n0774760700001192.jpg,n07747607
n0774760700001196.jpg,n07747607
n0774760700001197.jpg,n07747607
n0774760700001202.jpg,n07747607
n0774760700001203.jpg,n07747607
n0774760700001204.jpg,n07747607
n0774760700001205.jpg,n07747607
n0774760700001208.jpg,n07747607
n0774760700001209.jpg,n07747607
n0774760700001212.jpg,n07747607
n0774760700001216.jpg,n07747607
n0774760700001217.jpg,n07747607
n0774760700001218.jpg,n07747607
n0774760700001220.jpg,n07747607
n0774760700001221.jpg,n07747607
n0774760700001223.jpg,n07747607
n0774760700001225.jpg,n07747607
n0774760700001228.jpg,n07747607
n0774760700001231.jpg,n07747607
n0774760700001232.jpg,n07747607
n0774760700001233.jpg,n07747607
n0774760700001234.jpg,n07747607
n0774760700001235.jpg,n07747607
n0774760700001245.jpg,n07747607
n0774760700001247.jpg,n07747607
n0774760700001248.jpg,n07747607
n0774760700001253.jpg,n07747607
n0774760700001254.jpg,n07747607
n0774760700001255.jpg,n07747607
n0774760700001258.jpg,n07747607
n0774760700001259.jpg,n07747607
n0774760700001263.jpg,n07747607
n0774760700001264.jpg,n07747607
n0774760700001266.jpg,n07747607
n0774760700001268.jpg,n07747607
n0774760700001269.jpg,n07747607
n0774760700001274.jpg,n07747607
n0774760700001275.jpg,n07747607
n0774760700001276.jpg,n07747607
n0774760700001278.jpg,n07747607
n0774760700001279.jpg,n07747607
n0774760700001280.jpg,n07747607
n0774760700001282.jpg,n07747607
n0774760700001283.jpg,n07747607
n0774760700001284.jpg,n07747607
n0774760700001289.jpg,n07747607
n0774760700001290.jpg,n07747607
n0774760700001291.jpg,n07747607
n0774760700001297.jpg,n07747607
n0774760700001298.jpg,n07747607
n0774760700001299.jpg,n07747607
n0208986700000003.jpg,n02089867
n0208986700000005.jpg,n02089867
n0208986700000009.jpg,n02089867
n0208986700000011.jpg,n02089867
n0208986700000012.jpg,n02089867
n0208986700000014.jpg,n02089867
n0208986700000017.jpg,n02089867
n0208986700000019.jpg,n02089867
n0208986700000020.jpg,n02089867
n0208986700000021.jpg,n02089867
n0208986700000022.jpg,n02089867
n0208986700000023.jpg,n02089867
n0208986700000026.jpg,n02089867
n0208986700000028.jpg,n02089867
n0208986700000030.jpg,n02089867
n0208986700000032.jpg,n02089867
n0208986700000034.jpg,n02089867
n0208986700000035.jpg,n02089867
n0208986700000036.jpg,n02089867
n0208986700000038.jpg,n02089867
n0208986700000039.jpg,n02089867
n0208986700000040.jpg,n02089867
n0208986700000041.jpg,n02089867
n0208986700000042.jpg,n02089867
n0208986700000043.jpg,n02089867
n0208986700000045.jpg,n02089867
n0208986700000047.jpg,n02089867
n0208986700000048.jpg,n02089867
n0208986700000049.jpg,n02089867
n0208986700000050.jpg,n02089867
n0208986700000051.jpg,n02089867
n0208986700000053.jpg,n02089867
n0208986700000055.jpg,n02089867
n0208986700000057.jpg,n02089867
n0208986700000058.jpg,n02089867
n0208986700000059.jpg,n02089867
n0208986700000061.jpg,n02089867
n0208986700000063.jpg,n02089867
n0208986700000064.jpg,n02089867
n0208986700000067.jpg,n02089867
n0208986700000068.jpg,n02089867
n0208986700000072.jpg,n02089867
n0208986700000073.jpg,n02089867
n0208986700000074.jpg,n02089867
n0208986700000076.jpg,n02089867
n0208986700000077.jpg,n02089867
n0208986700000079.jpg,n02089867
n0208986700000081.jpg,n02089867
n0208986700000082.jpg,n02089867
n0208986700000083.jpg,n02089867
n0208986700000084.jpg,n02089867
n0208986700000085.jpg,n02089867
n0208986700000090.jpg,n02089867
n0208986700000092.jpg,n02089867
n0208986700000094.jpg,n02089867
n0208986700000095.jpg,n02089867
n0208986700000096.jpg,n02089867
n0208986700000097.jpg,n02089867
n0208986700000098.jpg,n02089867
n0208986700000099.jpg,n02089867
n0208986700000100.jpg,n02089867
n0208986700000101.jpg,n02089867
n0208986700000102.jpg,n02089867
n0208986700000104.jpg,n02089867
n0208986700000105.jpg,n02089867
n0208986700000106.jpg,n02089867
n0208986700000107.jpg,n02089867
n0208986700000108.jpg,n02089867
n0208986700000114.jpg,n02089867
n0208986700000115.jpg,n02089867
n0208986700000117.jpg,n02089867
n0208986700000119.jpg,n02089867
n0208986700000120.jpg,n02089867
n0208986700000121.jpg,n02089867
n0208986700000124.jpg,n02089867
n0208986700000125.jpg,n02089867
n0208986700000126.jpg,n02089867
n0208986700000130.jpg,n02089867
n0208986700000132.jpg,n02089867
n0208986700000133.jpg,n02089867
n0208986700000134.jpg,n02089867
n0208986700000135.jpg,n02089867
n0208986700000142.jpg,n02089867
n0208986700000145.jpg,n02089867
n0208986700000146.jpg,n02089867
n0208986700000148.jpg,n02089867
n0208986700000151.jpg,n02089867
n0208986700000153.jpg,n02089867
n0208986700000154.jpg,n02089867
n0208986700000155.jpg,n02089867
n0208986700000157.jpg,n02089867
n0208986700000160.jpg,n02089867
n0208986700000161.jpg,n02089867
n0208986700000162.jpg,n02089867
n0208986700000164.jpg,n02089867
n0208986700000165.jpg,n02089867
n0208986700000167.jpg,n02089867
n0208986700000169.jpg,n02089867
n0208986700000170.jpg,n02089867
n0208986700000171.jpg,n02089867
n0208986700000172.jpg,n02089867
n0208986700000173.jpg,n02089867
n0208986700000174.jpg,n02089867
n0208986700000176.jpg,n02089867
n0208986700000179.jpg,n02089867
n0208986700000180.jpg,n02089867
n0208986700000183.jpg,n02089867
n0208986700000184.jpg,n02089867
n0208986700000185.jpg,n02089867
n0208986700000186.jpg,n02089867
n0208986700000187.jpg,n02089867
n0208986700000188.jpg,n02089867
n0208986700000189.jpg,n02089867
n0208986700000191.jpg,n02089867
n0208986700000192.jpg,n02089867
n0208986700000193.jpg,n02089867
n0208986700000195.jpg,n02089867
n0208986700000196.jpg,n02089867
n0208986700000197.jpg,n02089867
n0208986700000198.jpg,n02089867
n0208986700000200.jpg,n02089867
n0208986700000202.jpg,n02089867
n0208986700000203.jpg,n02089867
n0208986700000204.jpg,n02089867
n0208986700000205.jpg,n02089867
n0208986700000207.jpg,n02089867
n0208986700000208.jpg,n02089867
n0208986700000209.jpg,n02089867
n0208986700000210.jpg,n02089867
n0208986700000211.jpg,n02089867
n0208986700000212.jpg,n02089867
n0208986700000213.jpg,n02089867
n0208986700000214.jpg,n02089867
n0208986700000216.jpg,n02089867
n0208986700000217.jpg,n02089867
n0208986700000218.jpg,n02089867
n0208986700000219.jpg,n02089867
n0208986700000220.jpg,n02089867
n0208986700000221.jpg,n02089867
n0208986700000222.jpg,n02089867
n0208986700000224.jpg,n02089867
n0208986700000226.jpg,n02089867
n0208986700000227.jpg,n02089867
n0208986700000228.jpg,n02089867
n0208986700000230.jpg,n02089867
n0208986700000233.jpg,n02089867
n0208986700000235.jpg,n02089867
n0208986700000237.jpg,n02089867
n0208986700000239.jpg,n02089867
n0208986700000240.jpg,n02089867
n0208986700000241.jpg,n02089867
n0208986700000244.jpg,n02089867
n0208986700000246.jpg,n02089867
n0208986700000248.jpg,n02089867
n0208986700000251.jpg,n02089867
n0208986700000252.jpg,n02089867
n0208986700000253.jpg,n02089867
n0208986700000254.jpg,n02089867
n0208986700000255.jpg,n02089867
n0208986700000257.jpg,n02089867
n0208986700000258.jpg,n02089867
n0208986700000259.jpg,n02089867
n0208986700000263.jpg,n02089867
n0208986700000265.jpg,n02089867
n0208986700000266.jpg,n02089867
n0208986700000268.jpg,n02089867
n0208986700000272.jpg,n02089867
n0208986700000273.jpg,n02089867
n0208986700000274.jpg,n02089867
n0208986700000275.jpg,n02089867
n0208986700000277.jpg,n02089867
n0208986700000280.jpg,n02089867
n0208986700000281.jpg,n02089867
n0208986700000283.jpg,n02089867
n0208986700000285.jpg,n02089867
n0208986700000286.jpg,n02089867
n0208986700000289.jpg,n02089867
n0208986700000291.jpg,n02089867
n0208986700000292.jpg,n02089867
n0208986700000293.jpg,n02089867
n0208986700000295.jpg,n02089867
n0208986700000297.jpg,n02089867
n0208986700000299.jpg,n02089867
n0208986700000300.jpg,n02089867
n0208986700000301.jpg,n02089867
n0208986700000302.jpg,n02089867
n0208986700000309.jpg,n02089867
n0208986700000311.jpg,n02089867
n0208986700000313.jpg,n02089867
n0208986700000314.jpg,n02089867
n0208986700000317.jpg,n02089867
n0208986700000318.jpg,n02089867
n0208986700000319.jpg,n02089867
n0208986700000320.jpg,n02089867
n0208986700000321.jpg,n02089867
n0208986700000322.jpg,n02089867
n0208986700000329.jpg,n02089867
n0208986700000330.jpg,n02089867
n0208986700000334.jpg,n02089867
n0208986700000335.jpg,n02089867
n0208986700000336.jpg,n02089867
n0208986700000337.jpg,n02089867
n0208986700000340.jpg,n02089867
n0208986700000344.jpg,n02089867
n0208986700000348.jpg,n02089867
n0208986700000350.jpg,n02089867
n0208986700000352.jpg,n02089867
n0208986700000356.jpg,n02089867
n0208986700000359.jpg,n02089867
n0208986700000360.jpg,n02089867
n0208986700000363.jpg,n02089867
n0208986700000364.jpg,n02089867
n0208986700000366.jpg,n02089867
n0208986700000368.jpg,n02089867
n0208986700000369.jpg,n02089867
n0208986700000370.jpg,n02089867
n0208986700000371.jpg,n02089867
n0208986700000372.jpg,n02089867
n0208986700000374.jpg,n02089867
n0208986700000375.jpg,n02089867
n0208986700000376.jpg,n02089867
n0208986700000380.jpg,n02089867
n0208986700000381.jpg,n02089867
n0208986700000386.jpg,n02089867
n0208986700000389.jpg,n02089867
n0208986700000391.jpg,n02089867
n0208986700000392.jpg,n02089867
n0208986700000394.jpg,n02089867
n0208986700000397.jpg,n02089867
n0208986700000399.jpg,n02089867
n0208986700000400.jpg,n02089867
n0208986700000403.jpg,n02089867
n0208986700000404.jpg,n02089867
n0208986700000405.jpg,n02089867
n0208986700000408.jpg,n02089867
n0208986700000409.jpg,n02089867
n0208986700000410.jpg,n02089867
n0208986700000412.jpg,n02089867
n0208986700000414.jpg,n02089867
n0208986700000416.jpg,n02089867
n0208986700000417.jpg,n02089867
n0208986700000418.jpg,n02089867
n0208986700000419.jpg,n02089867
n0208986700000420.jpg,n02089867
n0208986700000422.jpg,n02089867
n0208986700000423.jpg,n02089867
n0208986700000425.jpg,n02089867
n0208986700000426.jpg,n02089867
n0208986700000427.jpg,n02089867
n0208986700000428.jpg,n02089867
n0208986700000429.jpg,n02089867
n0208986700000430.jpg,n02089867
n0208986700000431.jpg,n02089867
n0208986700000432.jpg,n02089867
n0208986700000433.jpg,n02089867
n0208986700000434.jpg,n02089867
n0208986700000435.jpg,n02089867
n0208986700000436.jpg,n02089867
n0208986700000441.jpg,n02089867
n0208986700000442.jpg,n02089867
n0208986700000443.jpg,n02089867
n0208986700000444.jpg,n02089867
n0208986700000446.jpg,n02089867
n0208986700000447.jpg,n02089867
n0208986700000448.jpg,n02089867
n0208986700000450.jpg,n02089867
n0208986700000451.jpg,n02089867
n0208986700000454.jpg,n02089867
n0208986700000461.jpg,n02089867
n0208986700000463.jpg,n02089867
n0208986700000464.jpg,n02089867
n0208986700000465.jpg,n02089867
n0208986700000466.jpg,n02089867
n0208986700000468.jpg,n02089867
n0208986700000469.jpg,n02089867
n0208986700000470.jpg,n02089867
n0208986700000471.jpg,n02089867
n0208986700000472.jpg,n02089867
n0208986700000476.jpg,n02089867
n0208986700000477.jpg,n02089867
n0208986700000482.jpg,n02089867
n0208986700000483.jpg,n02089867
n0208986700000484.jpg,n02089867
n0208986700000486.jpg,n02089867
n0208986700000487.jpg,n02089867
n0208986700000490.jpg,n02089867
n0208986700000492.jpg,n02089867
n0208986700000493.jpg,n02089867
n0208986700000494.jpg,n02089867
n0208986700000497.jpg,n02089867
n0208986700000499.jpg,n02089867
n0208986700000501.jpg,n02089867
n0208986700000502.jpg,n02089867
n0208986700000503.jpg,n02089867
n0208986700000504.jpg,n02089867
n0208986700000505.jpg,n02089867
n0208986700000506.jpg,n02089867
n0208986700000507.jpg,n02089867
n0208986700000510.jpg,n02089867
n0208986700000512.jpg,n02089867
n0208986700000513.jpg,n02089867
n0208986700000514.jpg,n02089867
n0208986700000515.jpg,n02089867
n0208986700000516.jpg,n02089867
n0208986700000518.jpg,n02089867
n0208986700000520.jpg,n02089867
n0208986700000521.jpg,n02089867
n0208986700000522.jpg,n02089867
n0208986700000523.jpg,n02089867
n0208986700000527.jpg,n02089867
n0208986700000530.jpg,n02089867
n0208986700000532.jpg,n02089867
n0208986700000535.jpg,n02089867
n0208986700000538.jpg,n02089867
n0208986700000539.jpg,n02089867
n0208986700000540.jpg,n02089867
n0208986700000541.jpg,n02089867
n0208986700000544.jpg,n02089867
n0208986700000546.jpg,n02089867
n0208986700000548.jpg,n02089867
n0208986700000550.jpg,n02089867
n0208986700000551.jpg,n02089867
n0208986700000553.jpg,n02089867
n0208986700000554.jpg,n02089867
n0208986700000555.jpg,n02089867
n0208986700000562.jpg,n02089867
n0208986700000564.jpg,n02089867
n0208986700000566.jpg,n02089867
n0208986700000567.jpg,n02089867
n0208986700000568.jpg,n02089867
n0208986700000569.jpg,n02089867
n0208986700000570.jpg,n02089867
n0208986700000571.jpg,n02089867
n0208986700000574.jpg,n02089867
n0208986700000575.jpg,n02089867
n0208986700000578.jpg,n02089867
n0208986700000580.jpg,n02089867
n0208986700000581.jpg,n02089867
n0208986700000583.jpg,n02089867
n0208986700000585.jpg,n02089867
n0208986700000586.jpg,n02089867
n0208986700000587.jpg,n02089867
n0208986700000588.jpg,n02089867
n0208986700000591.jpg,n02089867
n0208986700000593.jpg,n02089867
n0208986700000594.jpg,n02089867
n0208986700000596.jpg,n02089867
n0208986700000598.jpg,n02089867
n0208986700000599.jpg,n02089867
n0208986700000601.jpg,n02089867
n0208986700000602.jpg,n02089867
n0208986700000606.jpg,n02089867
n0208986700000608.jpg,n02089867
n0208986700000611.jpg,n02089867
n0208986700000612.jpg,n02089867
n0208986700000614.jpg,n02089867
n0208986700000615.jpg,n02089867
n0208986700000616.jpg,n02089867
n0208986700000617.jpg,n02089867
n0208986700000619.jpg,n02089867
n0208986700000620.jpg,n02089867
n0208986700000623.jpg,n02089867
n0208986700000624.jpg,n02089867
n0208986700000625.jpg,n02089867
n0208986700000627.jpg,n02089867
n0208986700000628.jpg,n02089867
n0208986700000629.jpg,n02089867
n0208986700000631.jpg,n02089867
n0208986700000632.jpg,n02089867
n0208986700000634.jpg,n02089867
n0208986700000636.jpg,n02089867
n0208986700000637.jpg,n02089867
n0208986700000638.jpg,n02089867
n0208986700000639.jpg,n02089867
n0208986700000640.jpg,n02089867
n0208986700000641.jpg,n02089867
n0208986700000642.jpg,n02089867
n0208986700000645.jpg,n02089867
n0208986700000647.jpg,n02089867
n0208986700000650.jpg,n02089867
n0208986700000653.jpg,n02089867
n0208986700000654.jpg,n02089867
n0208986700000658.jpg,n02089867
n0208986700000659.jpg,n02089867
n0208986700000660.jpg,n02089867
n0208986700000661.jpg,n02089867
n0208986700000664.jpg,n02089867
n0208986700000665.jpg,n02089867
n0208986700000666.jpg,n02089867
n0208986700000668.jpg,n02089867
n0208986700000671.jpg,n02089867
n0208986700000672.jpg,n02089867
n0208986700000673.jpg,n02089867
n0208986700000674.jpg,n02089867
n0208986700000675.jpg,n02089867
n0208986700000677.jpg,n02089867
n0208986700000678.jpg,n02089867
n0208986700000679.jpg,n02089867
n0208986700000681.jpg,n02089867
n0208986700000682.jpg,n02089867
n0208986700000683.jpg,n02089867
n0208986700000685.jpg,n02089867
n0208986700000686.jpg,n02089867
n0208986700000687.jpg,n02089867
n0208986700000688.jpg,n02089867
n0208986700000690.jpg,n02089867
n0208986700000691.jpg,n02089867
n0208986700000692.jpg,n02089867
n0208986700000694.jpg,n02089867
n0208986700000695.jpg,n02089867
n0208986700000696.jpg,n02089867
n0208986700000697.jpg,n02089867
n0208986700000699.jpg,n02089867
n0208986700000700.jpg,n02089867
n0208986700000702.jpg,n02089867
n0208986700000703.jpg,n02089867
n0208986700000705.jpg,n02089867
n0208986700000707.jpg,n02089867
n0208986700000708.jpg,n02089867
n0208986700000709.jpg,n02089867
n0208986700000710.jpg,n02089867
n0208986700000713.jpg,n02089867
n0208986700000715.jpg,n02089867
n0208986700000716.jpg,n02089867
n0208986700000717.jpg,n02089867
n0208986700000719.jpg,n02089867
n0208986700000724.jpg,n02089867
n0208986700000726.jpg,n02089867
n0208986700000728.jpg,n02089867
n0208986700000729.jpg,n02089867
n0208986700000733.jpg,n02089867
n0208986700000736.jpg,n02089867
n0208986700000737.jpg,n02089867
n0208986700000739.jpg,n02089867
n0208986700000740.jpg,n02089867
n0208986700000741.jpg,n02089867
n0208986700000743.jpg,n02089867
n0208986700000744.jpg,n02089867
n0208986700000745.jpg,n02089867
n0208986700000746.jpg,n02089867
n0208986700000747.jpg,n02089867
n0208986700000748.jpg,n02089867
n0208986700000749.jpg,n02089867
n0208986700000752.jpg,n02089867
n0208986700000753.jpg,n02089867
n0208986700000754.jpg,n02089867
n0208986700000757.jpg,n02089867
n0208986700000758.jpg,n02089867
n0208986700000759.jpg,n02089867
n0208986700000760.jpg,n02089867
n0208986700000765.jpg,n02089867
n0208986700000768.jpg,n02089867
n0208986700000769.jpg,n02089867
n0208986700000771.jpg,n02089867
n0208986700000773.jpg,n02089867
n0208986700000774.jpg,n02089867
n0208986700000775.jpg,n02089867
n0208986700000776.jpg,n02089867
n0208986700000777.jpg,n02089867
n0208986700000779.jpg,n02089867
n0208986700000781.jpg,n02089867
n0208986700000784.jpg,n02089867
n0208986700000785.jpg,n02089867
n0208986700000788.jpg,n02089867
n0208986700000789.jpg,n02089867
n0208986700000791.jpg,n02089867
n0208986700000793.jpg,n02089867
n0208986700000794.jpg,n02089867
n0208986700000795.jpg,n02089867
n0208986700000796.jpg,n02089867
n0208986700000797.jpg,n02089867
n0208986700000798.jpg,n02089867
n0208986700000799.jpg,n02089867
n0208986700000803.jpg,n02089867
n0208986700000804.jpg,n02089867
n0208986700000805.jpg,n02089867
n0208986700000806.jpg,n02089867
n0208986700000808.jpg,n02089867
n0208986700000810.jpg,n02089867
n0208986700000812.jpg,n02089867
n0208986700000816.jpg,n02089867
n0208986700000817.jpg,n02089867
n0208986700000818.jpg,n02089867
n0208986700000819.jpg,n02089867
n0208986700000821.jpg,n02089867
n0208986700000822.jpg,n02089867
n0208986700000823.jpg,n02089867
n0208986700000827.jpg,n02089867
n0208986700000828.jpg,n02089867
n0208986700000829.jpg,n02089867
n0208986700000830.jpg,n02089867
n0208986700000832.jpg,n02089867
n0208986700000833.jpg,n02089867
n0208986700000834.jpg,n02089867
n0208986700000836.jpg,n02089867
n0208986700000837.jpg,n02089867
n0208986700000839.jpg,n02089867
n0208986700000842.jpg,n02089867
n0208986700000844.jpg,n02089867
n0208986700000845.jpg,n02089867
n0208986700000846.jpg,n02089867
n0208986700000848.jpg,n02089867
n0208986700000850.jpg,n02089867
n0208986700000854.jpg,n02089867
n0208986700000855.jpg,n02089867
n0208986700000856.jpg,n02089867
n0208986700000859.jpg,n02089867
n0208986700000863.jpg,n02089867
n0208986700000865.jpg,n02089867
n0208986700000866.jpg,n02089867
n0208986700000868.jpg,n02089867
n0208986700000870.jpg,n02089867
n0208986700000871.jpg,n02089867
n0208986700000874.jpg,n02089867
n0208986700000875.jpg,n02089867
n0208986700000880.jpg,n02089867
n0208986700000882.jpg,n02089867
n0208986700000883.jpg,n02089867
n0208986700000884.jpg,n02089867
n0208986700000888.jpg,n02089867
n0208986700000890.jpg,n02089867
n0208986700000894.jpg,n02089867
n0208986700000898.jpg,n02089867
n0208986700000899.jpg,n02089867
n0208986700000900.jpg,n02089867
n0208986700000902.jpg,n02089867
n0208986700000903.jpg,n02089867
n0208986700000905.jpg,n02089867
n0208986700000906.jpg,n02089867
n0208986700000907.jpg,n02089867
n0208986700000908.jpg,n02089867
n0208986700000910.jpg,n02089867
n0208986700000911.jpg,n02089867
n0208986700000912.jpg,n02089867
n0208986700000913.jpg,n02089867
n0208986700000915.jpg,n02089867
n0208986700000916.jpg,n02089867
n0208986700000918.jpg,n02089867
n0208986700000921.jpg,n02089867
n0208986700000922.jpg,n02089867
n0208986700000923.jpg,n02089867
n0208986700000926.jpg,n02089867
n0208986700000927.jpg,n02089867
n0208986700000928.jpg,n02089867
n0208986700000930.jpg,n02089867
n0208986700000931.jpg,n02089867
n0208986700000933.jpg,n02089867
n0208986700000935.jpg,n02089867
n0208986700000937.jpg,n02089867
n0208986700000938.jpg,n02089867
n0208986700000940.jpg,n02089867
n0208986700000941.jpg,n02089867
n0208986700000945.jpg,n02089867
n0208986700000946.jpg,n02089867
n0208986700000947.jpg,n02089867
n0208986700000948.jpg,n02089867
n0208986700000949.jpg,n02089867
n0208986700000953.jpg,n02089867
n0208986700000957.jpg,n02089867
n0208986700000962.jpg,n02089867
n0208986700000964.jpg,n02089867
n0208986700000965.jpg,n02089867
n0208986700000966.jpg,n02089867
n0208986700000967.jpg,n02089867
n0208986700000969.jpg,n02089867
n0208986700000974.jpg,n02089867
n0208986700000975.jpg,n02089867
n0208986700000977.jpg,n02089867
n0208986700000980.jpg,n02089867
n0208986700000982.jpg,n02089867
n0208986700000983.jpg,n02089867
n0208986700000984.jpg,n02089867
n0208986700000986.jpg,n02089867
n0208986700000987.jpg,n02089867
n0208986700000989.jpg,n02089867
n0208986700000990.jpg,n02089867
n0208986700000992.jpg,n02089867
n0208986700000994.jpg,n02089867
n0208986700000995.jpg,n02089867
n0208986700000996.jpg,n02089867
n0208986700000998.jpg,n02089867
n0208986700001000.jpg,n02089867
n0208986700001001.jpg,n02089867
n0208986700001002.jpg,n02089867
n0208986700001003.jpg,n02089867
n0208986700001004.jpg,n02089867
n0208986700001006.jpg,n02089867
n0208986700001007.jpg,n02089867
n0208986700001009.jpg,n02089867
n0208986700001010.jpg,n02089867
n0208986700001011.jpg,n02089867
n0208986700001012.jpg,n02089867
n0208986700001013.jpg,n02089867
n0208986700001014.jpg,n02089867
n0208986700001015.jpg,n02089867
n0208986700001016.jpg,n02089867
n0208986700001018.jpg,n02089867
n0208986700001019.jpg,n02089867
n0208986700001021.jpg,n02089867
n0208986700001023.jpg,n02089867
n0210100600000001.jpg,n02101006
n0210100600000002.jpg,n02101006
n0210100600000003.jpg,n02101006
n0210100600000006.jpg,n02101006
n0210100600000007.jpg,n02101006
n0210100600000009.jpg,n02101006
n0210100600000010.jpg,n02101006
n0210100600000015.jpg,n02101006
n0210100600000017.jpg,n02101006
n0210100600000018.jpg,n02101006
n0210100600000022.jpg,n02101006
n0210100600000025.jpg,n02101006
n0210100600000026.jpg,n02101006
n0210100600000027.jpg,n02101006
n0210100600000029.jpg,n02101006
n0210100600000030.jpg,n02101006
n0210100600000031.jpg,n02101006
n0210100600000032.jpg,n02101006
n0210100600000034.jpg,n02101006
n0210100600000036.jpg,n02101006
n0210100600000040.jpg,n02101006
n0210100600000042.jpg,n02101006
n0210100600000043.jpg,n02101006
n0210100600000044.jpg,n02101006
n0210100600000045.jpg,n02101006
n0210100600000048.jpg,n02101006
n0210100600000051.jpg,n02101006
n0210100600000053.jpg,n02101006
n0210100600000055.jpg,n02101006
n0210100600000058.jpg,n02101006
n0210100600000061.jpg,n02101006
n0210100600000062.jpg,n02101006
n0210100600000065.jpg,n02101006
n0210100600000067.jpg,n02101006
n0210100600000069.jpg,n02101006
n0210100600000071.jpg,n02101006
n0210100600000072.jpg,n02101006
n0210100600000073.jpg,n02101006
n0210100600000075.jpg,n02101006
n0210100600000080.jpg,n02101006
n0210100600000081.jpg,n02101006
n0210100600000090.jpg,n02101006
n0210100600000091.jpg,n02101006
n0210100600000092.jpg,n02101006
n0210100600000093.jpg,n02101006
n0210100600000094.jpg,n02101006
n0210100600000095.jpg,n02101006
n0210100600000096.jpg,n02101006
n0210100600000097.jpg,n02101006
n0210100600000098.jpg,n02101006
n0210100600000101.jpg,n02101006
n0210100600000102.jpg,n02101006
n0210100600000104.jpg,n02101006
n0210100600000106.jpg,n02101006
n0210100600000107.jpg,n02101006
n0210100600000108.jpg,n02101006
n0210100600000109.jpg,n02101006
n0210100600000110.jpg,n02101006
n0210100600000113.jpg,n02101006
n0210100600000114.jpg,n02101006
n0210100600000115.jpg,n02101006
n0210100600000116.jpg,n02101006
n0210100600000117.jpg,n02101006
n0210100600000118.jpg,n02101006
n0210100600000119.jpg,n02101006
n0210100600000123.jpg,n02101006
n0210100600000126.jpg,n02101006
n0210100600000132.jpg,n02101006
n0210100600000134.jpg,n02101006
n0210100600000139.jpg,n02101006
n0210100600000140.jpg,n02101006
n0210100600000141.jpg,n02101006
n0210100600000142.jpg,n02101006
n0210100600000144.jpg,n02101006
n0210100600000145.jpg,n02101006
n0210100600000146.jpg,n02101006
n0210100600000147.jpg,n02101006
n0210100600000150.jpg,n02101006
n0210100600000155.jpg,n02101006
n0210100600000161.jpg,n02101006
n0210100600000165.jpg,n02101006
n0210100600000166.jpg,n02101006
n0210100600000168.jpg,n02101006
n0210100600000170.jpg,n02101006
n0210100600000176.jpg,n02101006
n0210100600000177.jpg,n02101006
n0210100600000179.jpg,n02101006
n0210100600000180.jpg,n02101006
n0210100600000182.jpg,n02101006
n0210100600000184.jpg,n02101006
n0210100600000186.jpg,n02101006
n0210100600000187.jpg,n02101006
n0210100600000190.jpg,n02101006
n0210100600000192.jpg,n02101006
n0210100600000193.jpg,n02101006
n0210100600000195.jpg,n02101006
n0210100600000197.jpg,n02101006
n0210100600000200.jpg,n02101006
n0210100600000201.jpg,n02101006
n0210100600000203.jpg,n02101006
n0210100600000205.jpg,n02101006
n0210100600000206.jpg,n02101006
n0210100600000207.jpg,n02101006
n0210100600000208.jpg,n02101006
n0210100600000209.jpg,n02101006
n0210100600000210.jpg,n02101006
n0210100600000212.jpg,n02101006
n0210100600000213.jpg,n02101006
n0210100600000215.jpg,n02101006
n0210100600000221.jpg,n02101006
n0210100600000222.jpg,n02101006
n0210100600000227.jpg,n02101006
n0210100600000230.jpg,n02101006
n0210100600000231.jpg,n02101006
n0210100600000235.jpg,n02101006
n0210100600000236.jpg,n02101006
n0210100600000238.jpg,n02101006
n0210100600000239.jpg,n02101006
n0210100600000241.jpg,n02101006
n0210100600000243.jpg,n02101006
n0210100600000244.jpg,n02101006
n0210100600000245.jpg,n02101006
n0210100600000247.jpg,n02101006
n0210100600000249.jpg,n02101006
n0210100600000250.jpg,n02101006
n0210100600000252.jpg,n02101006
n0210100600000254.jpg,n02101006
n0210100600000255.jpg,n02101006
n0210100600000259.jpg,n02101006
n0210100600000260.jpg,n02101006
n0210100600000261.jpg,n02101006
n0210100600000265.jpg,n02101006
n0210100600000267.jpg,n02101006
n0210100600000269.jpg,n02101006
n0210100600000270.jpg,n02101006
n0210100600000274.jpg,n02101006
n0210100600000275.jpg,n02101006
n0210100600000279.jpg,n02101006
n0210100600000281.jpg,n02101006
n0210100600000282.jpg,n02101006
n0210100600000296.jpg,n02101006
n0210100600000297.jpg,n02101006
n0210100600000298.jpg,n02101006
n0210100600000300.jpg,n02101006
n0210100600000303.jpg,n02101006
n0210100600000304.jpg,n02101006
n0210100600000306.jpg,n02101006
n0210100600000308.jpg,n02101006
n0210100600000309.jpg,n02101006
n0210100600000310.jpg,n02101006
n0210100600000316.jpg,n02101006
n0210100600000317.jpg,n02101006
n0210100600000318.jpg,n02101006
n0210100600000320.jpg,n02101006
n0210100600000322.jpg,n02101006
n0210100600000323.jpg,n02101006
n0210100600000327.jpg,n02101006
n0210100600000328.jpg,n02101006
n0210100600000329.jpg,n02101006
n0210100600000330.jpg,n02101006
n0210100600000331.jpg,n02101006
n0210100600000337.jpg,n02101006
n0210100600000338.jpg,n02101006
n0210100600000339.jpg,n02101006
n0210100600000341.jpg,n02101006
n0210100600000343.jpg,n02101006
n0210100600000345.jpg,n02101006
n0210100600000348.jpg,n02101006
n0210100600000354.jpg,n02101006
n0210100600000356.jpg,n02101006
n0210100600000358.jpg,n02101006
n0210100600000361.jpg,n02101006
n0210100600000363.jpg,n02101006
n0210100600000365.jpg,n02101006
n0210100600000371.jpg,n02101006
n0210100600000372.jpg,n02101006
n0210100600000373.jpg,n02101006
n0210100600000379.jpg,n02101006
n0210100600000381.jpg,n02101006
n0210100600000382.jpg,n02101006
n0210100600000383.jpg,n02101006
n0210100600000385.jpg,n02101006
n0210100600000389.jpg,n02101006
n0210100600000393.jpg,n02101006
n0210100600000394.jpg,n02101006
n0210100600000398.jpg,n02101006
n0210100600000400.jpg,n02101006
n0210100600000401.jpg,n02101006
n0210100600000404.jpg,n02101006
n0210100600000406.jpg,n02101006
n0210100600000407.jpg,n02101006
n0210100600000410.jpg,n02101006
n0210100600000414.jpg,n02101006
n0210100600000415.jpg,n02101006
n0210100600000416.jpg,n02101006
n0210100600000417.jpg,n02101006
n0210100600000418.jpg,n02101006
n0210100600000431.jpg,n02101006
n0210100600000432.jpg,n02101006
n0210100600000433.jpg,n02101006
n0210100600000434.jpg,n02101006
n0210100600000435.jpg,n02101006
n0210100600000436.jpg,n02101006
n0210100600000438.jpg,n02101006
n0210100600000439.jpg,n02101006
n0210100600000446.jpg,n02101006
n0210100600000447.jpg,n02101006
n0210100600000449.jpg,n02101006
n0210100600000450.jpg,n02101006
n0210100600000451.jpg,n02101006
n0210100600000457.jpg,n02101006
n0210100600000458.jpg,n02101006
n0210100600000465.jpg,n02101006
n0210100600000466.jpg,n02101006
n0210100600000469.jpg,n02101006
n0210100600000472.jpg,n02101006
n0210100600000475.jpg,n02101006
n0210100600000477.jpg,n02101006
n0210100600000486.jpg,n02101006
n0210100600000487.jpg,n02101006
n0210100600000492.jpg,n02101006
n0210100600000495.jpg,n02101006
n0210100600000496.jpg,n02101006
n0210100600000498.jpg,n02101006
n0210100600000499.jpg,n02101006
n0210100600000500.jpg,n02101006
n0210100600000501.jpg,n02101006
n0210100600000502.jpg,n02101006
n0210100600000503.jpg,n02101006
n0210100600000504.jpg,n02101006
n0210100600000505.jpg,n02101006
n0210100600000507.jpg,n02101006
n0210100600000509.jpg,n02101006
n0210100600000511.jpg,n02101006
n0210100600000513.jpg,n02101006
n0210100600000516.jpg,n02101006
n0210100600000518.jpg,n02101006
n0210100600000520.jpg,n02101006
n0210100600000522.jpg,n02101006
n0210100600000525.jpg,n02101006
n0210100600000526.jpg,n02101006
n0210100600000529.jpg,n02101006
n0210100600000530.jpg,n02101006
n0210100600000531.jpg,n02101006
n0210100600000532.jpg,n02101006
n0210100600000533.jpg,n02101006
n0210100600000535.jpg,n02101006
n0210100600000537.jpg,n02101006
n0210100600000538.jpg,n02101006
n0210100600000540.jpg,n02101006
n0210100600000541.jpg,n02101006
n0210100600000542.jpg,n02101006
n0210100600000544.jpg,n02101006
n0210100600000545.jpg,n02101006
n0210100600000550.jpg,n02101006
n0210100600000551.jpg,n02101006
n0210100600000556.jpg,n02101006
n0210100600000560.jpg,n02101006
n0210100600000562.jpg,n02101006
n0210100600000563.jpg,n02101006
n0210100600000564.jpg,n02101006
n0210100600000566.jpg,n02101006
n0210100600000567.jpg,n02101006
n0210100600000569.jpg,n02101006
n0210100600000573.jpg,n02101006
n0210100600000574.jpg,n02101006
n0210100600000575.jpg,n02101006
n0210100600000576.jpg,n02101006
n0210100600000577.jpg,n02101006
n0210100600000578.jpg,n02101006
n0210100600000579.jpg,n02101006
n0210100600000582.jpg,n02101006
n0210100600000586.jpg,n02101006
n0210100600000588.jpg,n02101006
n0210100600000589.jpg,n02101006
n0210100600000590.jpg,n02101006
n0210100600000596.jpg,n02101006
n0210100600000599.jpg,n02101006
n0210100600000601.jpg,n02101006
n0210100600000602.jpg,n02101006
n0210100600000606.jpg,n02101006
n0210100600000608.jpg,n02101006
n0210100600000610.jpg,n02101006
n0210100600000611.jpg,n02101006
n0210100600000612.jpg,n02101006
n0210100600000616.jpg,n02101006
n0210100600000618.jpg,n02101006
n0210100600000619.jpg,n02101006
n0210100600000620.jpg,n02101006
n0210100600000622.jpg,n02101006
n0210100600000623.jpg,n02101006
n0210100600000625.jpg,n02101006
n0210100600000627.jpg,n02101006
n0210100600000628.jpg,n02101006
n0210100600000629.jpg,n02101006
n0210100600000630.jpg,n02101006
n0210100600000632.jpg,n02101006
n0210100600000633.jpg,n02101006
n0210100600000634.jpg,n02101006
n0210100600000639.jpg,n02101006
n0210100600000640.jpg,n02101006
n0210100600000641.jpg,n02101006
n0210100600000642.jpg,n02101006
n0210100600000643.jpg,n02101006
n0210100600000646.jpg,n02101006
n0210100600000647.jpg,n02101006
n0210100600000648.jpg,n02101006
n0210100600000649.jpg,n02101006
n0210100600000650.jpg,n02101006
n0210100600000653.jpg,n02101006
n0210100600000654.jpg,n02101006
n0210100600000656.jpg,n02101006
n0210100600000658.jpg,n02101006
n0210100600000661.jpg,n02101006
n0210100600000662.jpg,n02101006
n0210100600000668.jpg,n02101006
n0210100600000669.jpg,n02101006
n0210100600000672.jpg,n02101006
n0210100600000673.jpg,n02101006
n0210100600000675.jpg,n02101006
n0210100600000683.jpg,n02101006
n0210100600000684.jpg,n02101006
n0210100600000688.jpg,n02101006
n0210100600000689.jpg,n02101006
n0210100600000693.jpg,n02101006
n0210100600000695.jpg,n02101006
n0210100600000696.jpg,n02101006
n0210100600000698.jpg,n02101006
n0210100600000702.jpg,n02101006
n0210100600000705.jpg,n02101006
n0210100600000707.jpg,n02101006
n0210100600000711.jpg,n02101006
n0210100600000712.jpg,n02101006
n0210100600000715.jpg,n02101006
n0210100600000716.jpg,n02101006
n0210100600000719.jpg,n02101006
n0210100600000721.jpg,n02101006
n0210100600000722.jpg,n02101006
n0210100600000723.jpg,n02101006
n0210100600000725.jpg,n02101006
n0210100600000726.jpg,n02101006
n0210100600000727.jpg,n02101006
n0210100600000729.jpg,n02101006
n0210100600000730.jpg,n02101006
n0210100600000736.jpg,n02101006
n0210100600000738.jpg,n02101006
n0210100600000740.jpg,n02101006
n0210100600000742.jpg,n02101006
n0210100600000745.jpg,n02101006
n0210100600000746.jpg,n02101006
n0210100600000748.jpg,n02101006
n0210100600000753.jpg,n02101006
n0210100600000754.jpg,n02101006
n0210100600000758.jpg,n02101006
n0210100600000760.jpg,n02101006
n0210100600000761.jpg,n02101006
n0210100600000762.jpg,n02101006
n0210100600000765.jpg,n02101006
n0210100600000768.jpg,n02101006
n0210100600000771.jpg,n02101006
n0210100600000772.jpg,n02101006
n0210100600000773.jpg,n02101006
n0210100600000774.jpg,n02101006
n0210100600000775.jpg,n02101006
n0210100600000777.jpg,n02101006
n0210100600000778.jpg,n02101006
n0210100600000781.jpg,n02101006
n0210100600000782.jpg,n02101006
n0210100600000783.jpg,n02101006
n0210100600000787.jpg,n02101006
n0210100600000788.jpg,n02101006
n0210100600000789.jpg,n02101006
n0210100600000791.jpg,n02101006
n0210100600000794.jpg,n02101006
n0210100600000795.jpg,n02101006
n0210100600000797.jpg,n02101006
n0210100600000798.jpg,n02101006
n0210100600000800.jpg,n02101006
n0210100600000801.jpg,n02101006
n0210100600000803.jpg,n02101006
n0210100600000808.jpg,n02101006
n0210100600000810.jpg,n02101006
n0210100600000811.jpg,n02101006
n0210100600000816.jpg,n02101006
n0210100600000817.jpg,n02101006
n0210100600000820.jpg,n02101006
n0210100600000821.jpg,n02101006
n0210100600000822.jpg,n02101006
n0210100600000825.jpg,n02101006
n0210100600000826.jpg,n02101006
n0210100600000827.jpg,n02101006
n0210100600000828.jpg,n02101006
n0210100600000830.jpg,n02101006
n0210100600000831.jpg,n02101006
n0210100600000837.jpg,n02101006
n0210100600000840.jpg,n02101006
n0210100600000841.jpg,n02101006
n0210100600000843.jpg,n02101006
n0210100600000844.jpg,n02101006
n0210100600000846.jpg,n02101006
n0210100600000847.jpg,n02101006
n0210100600000849.jpg,n02101006
n0210100600000850.jpg,n02101006
n0210100600000851.jpg,n02101006
n0210100600000852.jpg,n02101006
n0210100600000853.jpg,n02101006
n0210100600000855.jpg,n02101006
n0210100600000857.jpg,n02101006
n0210100600000859.jpg,n02101006
n0210100600000861.jpg,n02101006
n0210100600000862.jpg,n02101006
n0210100600000865.jpg,n02101006
n0210100600000867.jpg,n02101006
n0210100600000868.jpg,n02101006
n0210100600000869.jpg,n02101006
n0210100600000871.jpg,n02101006
n0210100600000872.jpg,n02101006
n0210100600000876.jpg,n02101006
n0210100600000882.jpg,n02101006
n0210100600000886.jpg,n02101006
n0210100600000891.jpg,n02101006
n0210100600000893.jpg,n02101006
n0210100600000894.jpg,n02101006
n0210100600000896.jpg,n02101006
n0210100600000897.jpg,n02101006
n0210100600000902.jpg,n02101006
n0210100600000904.jpg,n02101006
n0210100600000906.jpg,n02101006
n0210100600000908.jpg,n02101006
n0210100600000909.jpg,n02101006
n0210100600000915.jpg,n02101006
n0210100600000918.jpg,n02101006
n0210100600000919.jpg,n02101006
n0210100600000920.jpg,n02101006
n0210100600000921.jpg,n02101006
n0210100600000923.jpg,n02101006
n0210100600000924.jpg,n02101006
n0210100600000927.jpg,n02101006
n0210100600000928.jpg,n02101006
n0210100600000930.jpg,n02101006
n0210100600000932.jpg,n02101006
n0210100600000934.jpg,n02101006
n0210100600000935.jpg,n02101006
n0210100600000936.jpg,n02101006
n0210100600000937.jpg,n02101006
n0210100600000938.jpg,n02101006
n0210100600000941.jpg,n02101006
n0210100600000944.jpg,n02101006
n0210100600000945.jpg,n02101006
n0210100600000948.jpg,n02101006
n0210100600000949.jpg,n02101006
n0210100600000951.jpg,n02101006
n0210100600000958.jpg,n02101006
n0210100600000963.jpg,n02101006
n0210100600000966.jpg,n02101006
n0210100600000967.jpg,n02101006
n0210100600000968.jpg,n02101006
n0210100600000971.jpg,n02101006
n0210100600000976.jpg,n02101006
n0210100600000977.jpg,n02101006
n0210100600000979.jpg,n02101006
n0210100600000980.jpg,n02101006
n0210100600000982.jpg,n02101006
n0210100600000983.jpg,n02101006
n0210100600000984.jpg,n02101006
n0210100600000985.jpg,n02101006
n0210100600000991.jpg,n02101006
n0210100600000992.jpg,n02101006
n0210100600000994.jpg,n02101006
n0210100600000998.jpg,n02101006
n0210100600001000.jpg,n02101006
n0210100600001004.jpg,n02101006
n0210100600001005.jpg,n02101006
n0210100600001008.jpg,n02101006
n0210100600001013.jpg,n02101006
n0210100600001014.jpg,n02101006
n0210100600001016.jpg,n02101006
n0210100600001017.jpg,n02101006
n0210100600001020.jpg,n02101006
n0210100600001031.jpg,n02101006
n0210100600001033.jpg,n02101006
n0210100600001037.jpg,n02101006
n0210100600001041.jpg,n02101006
n0210100600001044.jpg,n02101006
n0210100600001045.jpg,n02101006
n0210100600001051.jpg,n02101006
n0210100600001052.jpg,n02101006
n0210100600001055.jpg,n02101006
n0210100600001056.jpg,n02101006
n0210100600001059.jpg,n02101006
n0210100600001060.jpg,n02101006
n0210100600001061.jpg,n02101006
n0210100600001062.jpg,n02101006
n0210100600001063.jpg,n02101006
n0210100600001066.jpg,n02101006
n0210100600001069.jpg,n02101006
n0210100600001071.jpg,n02101006
n0210100600001072.jpg,n02101006
n0210100600001073.jpg,n02101006
n0210100600001080.jpg,n02101006
n0210100600001082.jpg,n02101006
n0210100600001087.jpg,n02101006
n0210100600001088.jpg,n02101006
n0210100600001090.jpg,n02101006
n0210100600001092.jpg,n02101006
n0210100600001093.jpg,n02101006
n0210100600001096.jpg,n02101006
n0210100600001098.jpg,n02101006
n0210100600001101.jpg,n02101006
n0210100600001103.jpg,n02101006
n0210100600001104.jpg,n02101006
n0210100600001105.jpg,n02101006
n0210100600001107.jpg,n02101006
n0210100600001109.jpg,n02101006
n0210100600001116.jpg,n02101006
n0210100600001117.jpg,n02101006
n0210100600001119.jpg,n02101006
n0210100600001121.jpg,n02101006
n0210100600001122.jpg,n02101006
n0210100600001124.jpg,n02101006
n0210100600001126.jpg,n02101006
n0210100600001127.jpg,n02101006
n0210100600001128.jpg,n02101006
n0210100600001129.jpg,n02101006
n0210100600001134.jpg,n02101006
n0210100600001135.jpg,n02101006
n0210100600001136.jpg,n02101006
n0210100600001139.jpg,n02101006
n0210100600001142.jpg,n02101006
n0210100600001143.jpg,n02101006
n0210100600001144.jpg,n02101006
n0210100600001147.jpg,n02101006
n0210100600001151.jpg,n02101006
n0210100600001153.jpg,n02101006
n0210100600001156.jpg,n02101006
n0210100600001159.jpg,n02101006
n0210100600001160.jpg,n02101006
n0210100600001163.jpg,n02101006
n0210100600001164.jpg,n02101006
n0210100600001165.jpg,n02101006
n0210100600001166.jpg,n02101006
n0210100600001168.jpg,n02101006
n0210100600001170.jpg,n02101006
n0210100600001172.jpg,n02101006
n0210100600001173.jpg,n02101006
n0210100600001175.jpg,n02101006
n0210100600001177.jpg,n02101006
n0210100600001179.jpg,n02101006
n0210100600001180.jpg,n02101006
n0210100600001181.jpg,n02101006
n0210100600001182.jpg,n02101006
n0210100600001184.jpg,n02101006
n0210100600001187.jpg,n02101006
n0210100600001188.jpg,n02101006
n0210100600001191.jpg,n02101006
n0210100600001198.jpg,n02101006
n0210100600001203.jpg,n02101006
n0210100600001206.jpg,n02101006
n0210100600001207.jpg,n02101006
n0210100600001209.jpg,n02101006
n0210100600001211.jpg,n02101006
n0210100600001212.jpg,n02101006
n0210100600001214.jpg,n02101006
n0210100600001216.jpg,n02101006
n0210100600001218.jpg,n02101006
n0210100600001222.jpg,n02101006
n0210100600001224.jpg,n02101006
n0210100600001225.jpg,n02101006
n0210100600001230.jpg,n02101006
n0210100600001231.jpg,n02101006
n0210100600001232.jpg,n02101006
n0210100600001238.jpg,n02101006
n0210100600001239.jpg,n02101006
n0210100600001240.jpg,n02101006
n0210100600001242.jpg,n02101006
n0210100600001243.jpg,n02101006
n0210100600001245.jpg,n02101006
n0210100600001247.jpg,n02101006
n0210100600001251.jpg,n02101006
n0210100600001252.jpg,n02101006
n0210100600001253.jpg,n02101006
n0210100600001255.jpg,n02101006
n0210100600001256.jpg,n02101006
n0210100600001257.jpg,n02101006
n0210100600001263.jpg,n02101006
n0210100600001266.jpg,n02101006
n0210100600001267.jpg,n02101006
n0210100600001271.jpg,n02101006
n0210100600001281.jpg,n02101006
n0210100600001284.jpg,n02101006
n0210100600001286.jpg,n02101006
n0210100600001287.jpg,n02101006
n0210100600001288.jpg,n02101006
n0210100600001290.jpg,n02101006
n0210100600001292.jpg,n02101006
n0210100600001294.jpg,n02101006
n0210100600001295.jpg,n02101006
n0210100600001297.jpg,n02101006
n0210100600001299.jpg,n02101006
n0210100600001300.jpg,n02101006
n0174993900000001.jpg,n01749939
n0174993900000004.jpg,n01749939
n0174993900000006.jpg,n01749939
n0174993900000008.jpg,n01749939
n0174993900000011.jpg,n01749939
n0174993900000016.jpg,n01749939
n0174993900000017.jpg,n01749939
n0174993900000020.jpg,n01749939
n0174993900000021.jpg,n01749939
n0174993900000023.jpg,n01749939
n0174993900000024.jpg,n01749939
n0174993900000025.jpg,n01749939
n0174993900000027.jpg,n01749939
n0174993900000028.jpg,n01749939
n0174993900000030.jpg,n01749939
n0174993900000033.jpg,n01749939
n0174993900000035.jpg,n01749939
n0174993900000036.jpg,n01749939
n0174993900000040.jpg,n01749939
n0174993900000042.jpg,n01749939
n0174993900000043.jpg,n01749939
n0174993900000045.jpg,n01749939
n0174993900000046.jpg,n01749939
n0174993900000049.jpg,n01749939
n0174993900000050.jpg,n01749939
n0174993900000051.jpg,n01749939
n0174993900000052.jpg,n01749939
n0174993900000055.jpg,n01749939
n0174993900000056.jpg,n01749939
n0174993900000057.jpg,n01749939
n0174993900000059.jpg,n01749939
n0174993900000060.jpg,n01749939
n0174993900000061.jpg,n01749939
n0174993900000063.jpg,n01749939
n0174993900000064.jpg,n01749939
n0174993900000067.jpg,n01749939
n0174993900000068.jpg,n01749939
n0174993900000070.jpg,n01749939
n0174993900000071.jpg,n01749939
n0174993900000075.jpg,n01749939
n0174993900000076.jpg,n01749939
n0174993900000079.jpg,n01749939
n0174993900000080.jpg,n01749939
n0174993900000089.jpg,n01749939
n0174993900000090.jpg,n01749939
n0174993900000091.jpg,n01749939
n0174993900000094.jpg,n01749939
n0174993900000095.jpg,n01749939
n0174993900000097.jpg,n01749939
n0174993900000098.jpg,n01749939
n0174993900000100.jpg,n01749939
n0174993900000104.jpg,n01749939
n0174993900000106.jpg,n01749939
n0174993900000107.jpg,n01749939
n0174993900000108.jpg,n01749939
n0174993900000109.jpg,n01749939
n0174993900000111.jpg,n01749939
n0174993900000112.jpg,n01749939
n0174993900000115.jpg,n01749939
n0174993900000118.jpg,n01749939
n0174993900000119.jpg,n01749939
n0174993900000123.jpg,n01749939
n0174993900000125.jpg,n01749939
n0174993900000128.jpg,n01749939
n0174993900000131.jpg,n01749939
n0174993900000132.jpg,n01749939
n0174993900000134.jpg,n01749939
n0174993900000135.jpg,n01749939
n0174993900000136.jpg,n01749939
n0174993900000137.jpg,n01749939
n0174993900000139.jpg,n01749939
n0174993900000140.jpg,n01749939
n0174993900000141.jpg,n01749939
n0174993900000146.jpg,n01749939
n0174993900000148.jpg,n01749939
n0174993900000149.jpg,n01749939
n0174993900000150.jpg,n01749939
n0174993900000152.jpg,n01749939
n0174993900000155.jpg,n01749939
n0174993900000156.jpg,n01749939
n0174993900000164.jpg,n01749939
n0174993900000168.jpg,n01749939
n0174993900000170.jpg,n01749939
n0174993900000172.jpg,n01749939
n0174993900000175.jpg,n01749939
n0174993900000180.jpg,n01749939
n0174993900000185.jpg,n01749939
n0174993900000189.jpg,n01749939
n0174993900000195.jpg,n01749939
n0174993900000197.jpg,n01749939
n0174993900000198.jpg,n01749939
n0174993900000200.jpg,n01749939
n0174993900000201.jpg,n01749939
n0174993900000202.jpg,n01749939
n0174993900000203.jpg,n01749939
n0174993900000204.jpg,n01749939
n0174993900000206.jpg,n01749939
n0174993900000207.jpg,n01749939
n0174993900000209.jpg,n01749939
n0174993900000210.jpg,n01749939
n0174993900000211.jpg,n01749939
n0174993900000212.jpg,n01749939
n0174993900000213.jpg,n01749939
n0174993900000214.jpg,n01749939
n0174993900000218.jpg,n01749939
n0174993900000219.jpg,n01749939
n0174993900000220.jpg,n01749939
n0174993900000225.jpg,n01749939
n0174993900000230.jpg,n01749939
n0174993900000232.jpg,n01749939
n0174993900000235.jpg,n01749939
n0174993900000237.jpg,n01749939
n0174993900000241.jpg,n01749939
n0174993900000243.jpg,n01749939
n0174993900000245.jpg,n01749939
n0174993900000246.jpg,n01749939
n0174993900000251.jpg,n01749939
n0174993900000252.jpg,n01749939
n0174993900000254.jpg,n01749939
n0174993900000255.jpg,n01749939
n0174993900000256.jpg,n01749939
n0174993900000260.jpg,n01749939
n0174993900000261.jpg,n01749939
n0174993900000263.jpg,n01749939
n0174993900000267.jpg,n01749939
n0174993900000269.jpg,n01749939
n0174993900000270.jpg,n01749939
n0174993900000271.jpg,n01749939
n0174993900000275.jpg,n01749939
n0174993900000279.jpg,n01749939
n0174993900000286.jpg,n01749939
n0174993900000287.jpg,n01749939
n0174993900000288.jpg,n01749939
n0174993900000291.jpg,n01749939
n0174993900000294.jpg,n01749939
n0174993900000298.jpg,n01749939
n0174993900000302.jpg,n01749939
n0174993900000304.jpg,n01749939
n0174993900000305.jpg,n01749939
n0174993900000306.jpg,n01749939
n0174993900000307.jpg,n01749939
n0174993900000309.jpg,n01749939
n0174993900000310.jpg,n01749939
n0174993900000312.jpg,n01749939
n0174993900000314.jpg,n01749939
n0174993900000316.jpg,n01749939
n0174993900000322.jpg,n01749939
n0174993900000323.jpg,n01749939
n0174993900000326.jpg,n01749939
n0174993900000328.jpg,n01749939
n0174993900000330.jpg,n01749939
n0174993900000331.jpg,n01749939
n0174993900000332.jpg,n01749939
n0174993900000333.jpg,n01749939
n0174993900000334.jpg,n01749939
n0174993900000340.jpg,n01749939
n0174993900000343.jpg,n01749939
n0174993900000345.jpg,n01749939
n0174993900000346.jpg,n01749939
n0174993900000350.jpg,n01749939
n0174993900000351.jpg,n01749939
n0174993900000353.jpg,n01749939
n0174993900000354.jpg,n01749939
n0174993900000355.jpg,n01749939
n0174993900000356.jpg,n01749939
n0174993900000357.jpg,n01749939
n0174993900000359.jpg,n01749939
n0174993900000362.jpg,n01749939
n0174993900000364.jpg,n01749939
n0174993900000368.jpg,n01749939
n0174993900000370.jpg,n01749939
n0174993900000371.jpg,n01749939
n0174993900000372.jpg,n01749939
n0174993900000373.jpg,n01749939
n0174993900000374.jpg,n01749939
n0174993900000375.jpg,n01749939
n0174993900000378.jpg,n01749939
n0174993900000379.jpg,n01749939
n0174993900000380.jpg,n01749939
n0174993900000383.jpg,n01749939
n0174993900000384.jpg,n01749939
n0174993900000385.jpg,n01749939
n0174993900000388.jpg,n01749939
n0174993900000390.jpg,n01749939
n0174993900000392.jpg,n01749939
n0174993900000394.jpg,n01749939
n0174993900000397.jpg,n01749939
n0174993900000398.jpg,n01749939
n0174993900000399.jpg,n01749939
n0174993900000400.jpg,n01749939
n0174993900000402.jpg,n01749939
n0174993900000404.jpg,n01749939
n0174993900000406.jpg,n01749939
n0174993900000412.jpg,n01749939
n0174993900000414.jpg,n01749939
n0174993900000415.jpg,n01749939
n0174993900000416.jpg,n01749939
n0174993900000417.jpg,n01749939
n0174993900000418.jpg,n01749939
n0174993900000419.jpg,n01749939
n0174993900000420.jpg,n01749939
n0174993900000421.jpg,n01749939
n0174993900000422.jpg,n01749939
n0174993900000423.jpg,n01749939
n0174993900000430.jpg,n01749939
n0174993900000431.jpg,n01749939
n0174993900000434.jpg,n01749939
n0174993900000435.jpg,n01749939
n0174993900000439.jpg,n01749939
n0174993900000443.jpg,n01749939
n0174993900000447.jpg,n01749939
n0174993900000450.jpg,n01749939
n0174993900000455.jpg,n01749939
n0174993900000456.jpg,n01749939
n0174993900000457.jpg,n01749939
n0174993900000459.jpg,n01749939
n0174993900000462.jpg,n01749939
n0174993900000464.jpg,n01749939
n0174993900000465.jpg,n01749939
n0174993900000466.jpg,n01749939
n0174993900000467.jpg,n01749939
n0174993900000472.jpg,n01749939
n0174993900000473.jpg,n01749939
n0174993900000477.jpg,n01749939
n0174993900000478.jpg,n01749939
n0174993900000479.jpg,n01749939
n0174993900000489.jpg,n01749939
n0174993900000491.jpg,n01749939
n0174993900000492.jpg,n01749939
n0174993900000494.jpg,n01749939
n0174993900000499.jpg,n01749939
n0174993900000500.jpg,n01749939
n0174993900000509.jpg,n01749939
n0174993900000513.jpg,n01749939
n0174993900000514.jpg,n01749939
n0174993900000516.jpg,n01749939
n0174993900000517.jpg,n01749939
n0174993900000520.jpg,n01749939
n0174993900000528.jpg,n01749939
n0174993900000529.jpg,n01749939
n0174993900000533.jpg,n01749939
n0174993900000534.jpg,n01749939
n0174993900000535.jpg,n01749939
n0174993900000536.jpg,n01749939
n0174993900000537.jpg,n01749939
n0174993900000540.jpg,n01749939
n0174993900000541.jpg,n01749939
n0174993900000544.jpg,n01749939
n0174993900000545.jpg,n01749939
n0174993900000546.jpg,n01749939
n0174993900000547.jpg,n01749939
n0174993900000552.jpg,n01749939
n0174993900000553.jpg,n01749939
n0174993900000556.jpg,n01749939
n0174993900000557.jpg,n01749939
n0174993900000559.jpg,n01749939
n0174993900000565.jpg,n01749939
n0174993900000566.jpg,n01749939
n0174993900000567.jpg,n01749939
n0174993900000568.jpg,n01749939
n0174993900000570.jpg,n01749939
n0174993900000572.jpg,n01749939
n0174993900000576.jpg,n01749939
n0174993900000578.jpg,n01749939
n0174993900000579.jpg,n01749939
n0174993900000581.jpg,n01749939
n0174993900000582.jpg,n01749939
n0174993900000583.jpg,n01749939
n0174993900000584.jpg,n01749939
n0174993900000586.jpg,n01749939
n0174993900000588.jpg,n01749939
n0174993900000590.jpg,n01749939
n0174993900000592.jpg,n01749939
n0174993900000595.jpg,n01749939
n0174993900000598.jpg,n01749939
n0174993900000604.jpg,n01749939
n0174993900000605.jpg,n01749939
n0174993900000608.jpg,n01749939
n0174993900000610.jpg,n01749939
n0174993900000611.jpg,n01749939
n0174993900000613.jpg,n01749939
n0174993900000614.jpg,n01749939
n0174993900000615.jpg,n01749939
n0174993900000617.jpg,n01749939
n0174993900000619.jpg,n01749939
n0174993900000621.jpg,n01749939
n0174993900000622.jpg,n01749939
n0174993900000623.jpg,n01749939
n0174993900000626.jpg,n01749939
n0174993900000628.jpg,n01749939
n0174993900000629.jpg,n01749939
n0174993900000630.jpg,n01749939
n0174993900000632.jpg,n01749939
n0174993900000634.jpg,n01749939
n0174993900000637.jpg,n01749939
n0174993900000638.jpg,n01749939
n0174993900000642.jpg,n01749939
n0174993900000643.jpg,n01749939
n0174993900000649.jpg,n01749939
n0174993900000651.jpg,n01749939
n0174993900000652.jpg,n01749939
n0174993900000655.jpg,n01749939
n0174993900000662.jpg,n01749939
n0174993900000665.jpg,n01749939
n0174993900000666.jpg,n01749939
n0174993900000669.jpg,n01749939
n0174993900000672.jpg,n01749939
n0174993900000673.jpg,n01749939
n0174993900000674.jpg,n01749939
n0174993900000675.jpg,n01749939
n0174993900000679.jpg,n01749939
n0174993900000680.jpg,n01749939
n0174993900000681.jpg,n01749939
n0174993900000685.jpg,n01749939
n0174993900000686.jpg,n01749939
n0174993900000687.jpg,n01749939
n0174993900000689.jpg,n01749939
n0174993900000691.jpg,n01749939
n0174993900000692.jpg,n01749939
n0174993900000693.jpg,n01749939
n0174993900000694.jpg,n01749939
n0174993900000696.jpg,n01749939
n0174993900000699.jpg,n01749939
n0174993900000700.jpg,n01749939
n0174993900000702.jpg,n01749939
n0174993900000703.jpg,n01749939
n0174993900000704.jpg,n01749939
n0174993900000710.jpg,n01749939
n0174993900000713.jpg,n01749939
n0174993900000716.jpg,n01749939
n0174993900000717.jpg,n01749939
n0174993900000718.jpg,n01749939
n0174993900000722.jpg,n01749939
n0174993900000726.jpg,n01749939
n0174993900000727.jpg,n01749939
n0174993900000728.jpg,n01749939
n0174993900000729.jpg,n01749939
n0174993900000731.jpg,n01749939
n0174993900000734.jpg,n01749939
n0174993900000735.jpg,n01749939
n0174993900000736.jpg,n01749939
n0174993900000738.jpg,n01749939
n0174993900000739.jpg,n01749939
n0174993900000748.jpg,n01749939
n0174993900000751.jpg,n01749939
n0174993900000755.jpg,n01749939
n0174993900000758.jpg,n01749939
n0174993900000759.jpg,n01749939
n0174993900000761.jpg,n01749939
n0174993900000762.jpg,n01749939
n0174993900000763.jpg,n01749939
n0174993900000768.jpg,n01749939
n0174993900000769.jpg,n01749939
n0174993900000772.jpg,n01749939
n0174993900000773.jpg,n01749939
n0174993900000774.jpg,n01749939
n0174993900000775.jpg,n01749939
n0174993900000776.jpg,n01749939
n0174993900000779.jpg,n01749939
n0174993900000780.jpg,n01749939
n0174993900000781.jpg,n01749939
n0174993900000782.jpg,n01749939
n0174993900000786.jpg,n01749939
n0174993900000788.jpg,n01749939
n0174993900000789.jpg,n01749939
n0174993900000790.jpg,n01749939
n0174993900000791.jpg,n01749939
n0174993900000792.jpg,n01749939
n0174993900000793.jpg,n01749939
n0174993900000796.jpg,n01749939
n0174993900000797.jpg,n01749939
n0174993900000798.jpg,n01749939
n0174993900000799.jpg,n01749939
n0174993900000803.jpg,n01749939
n0174993900000804.jpg,n01749939
n0174993900000806.jpg,n01749939
n0174993900000808.jpg,n01749939
n0174993900000813.jpg,n01749939
n0174993900000814.jpg,n01749939
n0174993900000817.jpg,n01749939
n0174993900000818.jpg,n01749939
n0174993900000819.jpg,n01749939
n0174993900000821.jpg,n01749939
n0174993900000824.jpg,n01749939
n0174993900000825.jpg,n01749939
n0174993900000832.jpg,n01749939
n0174993900000833.jpg,n01749939
n0174993900000837.jpg,n01749939
n0174993900000839.jpg,n01749939
n0174993900000840.jpg,n01749939
n0174993900000843.jpg,n01749939
n0174993900000845.jpg,n01749939
n0174993900000846.jpg,n01749939
n0174993900000847.jpg,n01749939
n0174993900000851.jpg,n01749939
n0174993900000853.jpg,n01749939
n0174993900000854.jpg,n01749939
n0174993900000855.jpg,n01749939
n0174993900000857.jpg,n01749939
n0174993900000858.jpg,n01749939
n0174993900000859.jpg,n01749939
n0174993900000861.jpg,n01749939
n0174993900000862.jpg,n01749939
n0174993900000863.jpg,n01749939
n0174993900000864.jpg,n01749939
n0174993900000865.jpg,n01749939
n0174993900000866.jpg,n01749939
n0174993900000869.jpg,n01749939
n0174993900000870.jpg,n01749939
n0174993900000872.jpg,n01749939
n0174993900000873.jpg,n01749939
n0174993900000874.jpg,n01749939
n0174993900000875.jpg,n01749939
n0174993900000878.jpg,n01749939
n0174993900000879.jpg,n01749939
n0174993900000880.jpg,n01749939
n0174993900000881.jpg,n01749939
n0174993900000883.jpg,n01749939
n0174993900000884.jpg,n01749939
n0174993900000885.jpg,n01749939
n0174993900000886.jpg,n01749939
n0174993900000893.jpg,n01749939
n0174993900000894.jpg,n01749939
n0174993900000896.jpg,n01749939
n0174993900000897.jpg,n01749939
n0174993900000898.jpg,n01749939
n0174993900000901.jpg,n01749939
n0174993900000902.jpg,n01749939
n0174993900000903.jpg,n01749939
n0174993900000907.jpg,n01749939
n0174993900000908.jpg,n01749939
n0174993900000909.jpg,n01749939
n0174993900000918.jpg,n01749939
n0174993900000919.jpg,n01749939
n0174993900000921.jpg,n01749939
n0174993900000923.jpg,n01749939
n0174993900000925.jpg,n01749939
n0174993900000931.jpg,n01749939
n0174993900000934.jpg,n01749939
n0174993900000939.jpg,n01749939
n0174993900000940.jpg,n01749939
n0174993900000942.jpg,n01749939
n0174993900000943.jpg,n01749939
n0174993900000946.jpg,n01749939
n0174993900000950.jpg,n01749939
n0174993900000952.jpg,n01749939
n0174993900000953.jpg,n01749939
n0174993900000956.jpg,n01749939
n0174993900000957.jpg,n01749939
n0174993900000959.jpg,n01749939
n0174993900000960.jpg,n01749939
n0174993900000961.jpg,n01749939
n0174993900000962.jpg,n01749939
n0174993900000963.jpg,n01749939
n0174993900000966.jpg,n01749939
n0174993900000967.jpg,n01749939
n0174993900000970.jpg,n01749939
n0174993900000974.jpg,n01749939
n0174993900000975.jpg,n01749939
n0174993900000979.jpg,n01749939
n0174993900000980.jpg,n01749939
n0174993900000983.jpg,n01749939
n0174993900000984.jpg,n01749939
n0174993900000985.jpg,n01749939
n0174993900000987.jpg,n01749939
n0174993900000988.jpg,n01749939
n0174993900000991.jpg,n01749939
n0174993900000993.jpg,n01749939
n0174993900000994.jpg,n01749939
n0174993900000996.jpg,n01749939
n0174993900000997.jpg,n01749939
n0174993900000998.jpg,n01749939
n0174993900001004.jpg,n01749939
n0174993900001005.jpg,n01749939
n0174993900001006.jpg,n01749939
n0174993900001009.jpg,n01749939
n0174993900001012.jpg,n01749939
n0174993900001014.jpg,n01749939
n0174993900001015.jpg,n01749939
n0174993900001017.jpg,n01749939
n0174993900001021.jpg,n01749939
n0174993900001024.jpg,n01749939
n0174993900001025.jpg,n01749939
n0174993900001027.jpg,n01749939
n0174993900001030.jpg,n01749939
n0174993900001033.jpg,n01749939
n0174993900001034.jpg,n01749939
n0174993900001035.jpg,n01749939
n0174993900001036.jpg,n01749939
n0174993900001037.jpg,n01749939
n0174993900001038.jpg,n01749939
n0174993900001040.jpg,n01749939
n0174993900001043.jpg,n01749939
n0174993900001044.jpg,n01749939
n0174993900001046.jpg,n01749939
n0174993900001047.jpg,n01749939
n0174993900001048.jpg,n01749939
n0174993900001050.jpg,n01749939
n0174993900001051.jpg,n01749939
n0174993900001055.jpg,n01749939
n0174993900001058.jpg,n01749939
n0174993900001068.jpg,n01749939
n0174993900001069.jpg,n01749939
n0174993900001072.jpg,n01749939
n0174993900001073.jpg,n01749939
n0174993900001079.jpg,n01749939
n0174993900001081.jpg,n01749939
n0174993900001084.jpg,n01749939
n0174993900001087.jpg,n01749939
n0174993900001088.jpg,n01749939
n0174993900001089.jpg,n01749939
n0174993900001090.jpg,n01749939
n0174993900001092.jpg,n01749939
n0174993900001094.jpg,n01749939
n0174993900001095.jpg,n01749939
n0174993900001096.jpg,n01749939
n0174993900001098.jpg,n01749939
n0174993900001101.jpg,n01749939
n0174993900001103.jpg,n01749939
n0174993900001104.jpg,n01749939
n0174993900001105.jpg,n01749939
n0174993900001108.jpg,n01749939
n0174993900001109.jpg,n01749939
n0174993900001114.jpg,n01749939
n0174993900001118.jpg,n01749939
n0174993900001119.jpg,n01749939
n0174993900001124.jpg,n01749939
n0174993900001126.jpg,n01749939
n0174993900001134.jpg,n01749939
n0174993900001138.jpg,n01749939
n0174993900001139.jpg,n01749939
n0174993900001141.jpg,n01749939
n0174993900001142.jpg,n01749939
n0174993900001144.jpg,n01749939
n0174993900001147.jpg,n01749939
n0174993900001149.jpg,n01749939
n0174993900001150.jpg,n01749939
n0174993900001151.jpg,n01749939
n0174993900001153.jpg,n01749939
n0174993900001154.jpg,n01749939
n0174993900001156.jpg,n01749939
n0174993900001157.jpg,n01749939
n0174993900001158.jpg,n01749939
n0174993900001162.jpg,n01749939
n0174993900001166.jpg,n01749939
n0174993900001169.jpg,n01749939
n0174993900001174.jpg,n01749939
n0174993900001175.jpg,n01749939
n0174993900001176.jpg,n01749939
n0174993900001178.jpg,n01749939
n0174993900001183.jpg,n01749939
n0174993900001184.jpg,n01749939
n0174993900001185.jpg,n01749939
n0174993900001187.jpg,n01749939
n0174993900001188.jpg,n01749939
n0174993900001190.jpg,n01749939
n0174993900001192.jpg,n01749939
n0174993900001193.jpg,n01749939
n0174993900001196.jpg,n01749939
n0174993900001197.jpg,n01749939
n0174993900001198.jpg,n01749939
n0174993900001199.jpg,n01749939
n0174993900001202.jpg,n01749939
n0174993900001203.jpg,n01749939
n0174993900001207.jpg,n01749939
n0174993900001209.jpg,n01749939
n0174993900001213.jpg,n01749939
n0174993900001214.jpg,n01749939
n0174993900001215.jpg,n01749939
n0174993900001219.jpg,n01749939
n0174993900001220.jpg,n01749939
n0174993900001221.jpg,n01749939
n0174993900001224.jpg,n01749939
n0174993900001225.jpg,n01749939
n0174993900001226.jpg,n01749939
n0174993900001232.jpg,n01749939
n0174993900001234.jpg,n01749939
n0174993900001243.jpg,n01749939
n0174993900001247.jpg,n01749939
n0174993900001250.jpg,n01749939
n0174993900001251.jpg,n01749939
n0174993900001254.jpg,n01749939
n0174993900001255.jpg,n01749939
n0174993900001257.jpg,n01749939
n0174993900001259.jpg,n01749939
n0174993900001265.jpg,n01749939
n0174993900001269.jpg,n01749939
n0174993900001272.jpg,n01749939
n0174993900001274.jpg,n01749939
n0174993900001275.jpg,n01749939
n0174993900001276.jpg,n01749939
n0174993900001280.jpg,n01749939
n0174993900001285.jpg,n01749939
n0174993900001287.jpg,n01749939
n0174993900001288.jpg,n01749939
n0174993900001290.jpg,n01749939
n0174993900001293.jpg,n01749939
n0174993900001296.jpg,n01749939
n0174993900001299.jpg,n01749939
n0174993900001300.jpg,n01749939
n0443565300000005.jpg,n04435653
n0443565300000007.jpg,n04435653
n0443565300000009.jpg,n04435653
n0443565300000011.jpg,n04435653
n0443565300000014.jpg,n04435653
n0443565300000015.jpg,n04435653
n0443565300000016.jpg,n04435653
n0443565300000018.jpg,n04435653
n0443565300000023.jpg,n04435653
n0443565300000024.jpg,n04435653
n0443565300000026.jpg,n04435653
n0443565300000027.jpg,n04435653
n0443565300000029.jpg,n04435653
n0443565300000031.jpg,n04435653
n0443565300000032.jpg,n04435653
n0443565300000033.jpg,n04435653
n0443565300000034.jpg,n04435653
n0443565300000035.jpg,n04435653
n0443565300000036.jpg,n04435653
n0443565300000037.jpg,n04435653
n0443565300000044.jpg,n04435653
n0443565300000049.jpg,n04435653
n0443565300000053.jpg,n04435653
n0443565300000056.jpg,n04435653
n0443565300000058.jpg,n04435653
n0443565300000059.jpg,n04435653
n0443565300000060.jpg,n04435653
n0443565300000063.jpg,n04435653
n0443565300000067.jpg,n04435653
n0443565300000068.jpg,n04435653
n0443565300000069.jpg,n04435653
n0443565300000070.jpg,n04435653
n0443565300000071.jpg,n04435653
n0443565300000072.jpg,n04435653
n0443565300000075.jpg,n04435653
n0443565300000077.jpg,n04435653
n0443565300000079.jpg,n04435653
n0443565300000080.jpg,n04435653
n0443565300000081.jpg,n04435653
n0443565300000082.jpg,n04435653
n0443565300000085.jpg,n04435653
n0443565300000086.jpg,n04435653
n0443565300000089.jpg,n04435653
n0443565300000097.jpg,n04435653
n0443565300000099.jpg,n04435653
n0443565300000101.jpg,n04435653
n0443565300000102.jpg,n04435653
n0443565300000105.jpg,n04435653
n0443565300000107.jpg,n04435653
n0443565300000108.jpg,n04435653
n0443565300000113.jpg,n04435653
n0443565300000116.jpg,n04435653
n0443565300000117.jpg,n04435653
n0443565300000119.jpg,n04435653
n0443565300000122.jpg,n04435653
n0443565300000124.jpg,n04435653
n0443565300000126.jpg,n04435653
n0443565300000127.jpg,n04435653
n0443565300000128.jpg,n04435653
n0443565300000130.jpg,n04435653
n0443565300000132.jpg,n04435653
n0443565300000133.jpg,n04435653
n0443565300000134.jpg,n04435653
n0443565300000135.jpg,n04435653
n0443565300000137.jpg,n04435653
n0443565300000139.jpg,n04435653
n0443565300000140.jpg,n04435653
n0443565300000142.jpg,n04435653
n0443565300000145.jpg,n04435653
n0443565300000148.jpg,n04435653
n0443565300000149.jpg,n04435653
n0443565300000153.jpg,n04435653
n0443565300000156.jpg,n04435653
n0443565300000157.jpg,n04435653
n0443565300000159.jpg,n04435653
n0443565300000163.jpg,n04435653
n0443565300000171.jpg,n04435653
n0443565300000173.jpg,n04435653
n0443565300000174.jpg,n04435653
n0443565300000176.jpg,n04435653
n0443565300000177.jpg,n04435653
n0443565300000179.jpg,n04435653
n0443565300000180.jpg,n04435653
n0443565300000182.jpg,n04435653
n0443565300000184.jpg,n04435653
n0443565300000185.jpg,n04435653
n0443565300000188.jpg,n04435653
n0443565300000189.jpg,n04435653
n0443565300000191.jpg,n04435653
n0443565300000192.jpg,n04435653
n0443565300000195.jpg,n04435653
n0443565300000198.jpg,n04435653
n0443565300000203.jpg,n04435653
n0443565300000205.jpg,n04435653
n0443565300000206.jpg,n04435653
n0443565300000207.jpg,n04435653
n0443565300000211.jpg,n04435653
n0443565300000214.jpg,n04435653
n0443565300000215.jpg,n04435653
n0443565300000216.jpg,n04435653
n0443565300000217.jpg,n04435653
n0443565300000218.jpg,n04435653
n0443565300000219.jpg,n04435653
n0443565300000223.jpg,n04435653
n0443565300000226.jpg,n04435653
n0443565300000227.jpg,n04435653
n0443565300000231.jpg,n04435653
n0443565300000233.jpg,n04435653
n0443565300000234.jpg,n04435653
n0443565300000235.jpg,n04435653
n0443565300000236.jpg,n04435653
n0443565300000239.jpg,n04435653
n0443565300000241.jpg,n04435653
n0443565300000242.jpg,n04435653
n0443565300000243.jpg,n04435653
n0443565300000244.jpg,n04435653
n0443565300000245.jpg,n04435653
n0443565300000247.jpg,n04435653
n0443565300000248.jpg,n04435653
n0443565300000250.jpg,n04435653
n0443565300000253.jpg,n04435653
n0443565300000255.jpg,n04435653
n0443565300000260.jpg,n04435653
n0443565300000261.jpg,n04435653
n0443565300000265.jpg,n04435653
n0443565300000267.jpg,n04435653
n0443565300000268.jpg,n04435653
n0443565300000269.jpg,n04435653
n0443565300000273.jpg,n04435653
n0443565300000276.jpg,n04435653
n0443565300000281.jpg,n04435653
n0443565300000286.jpg,n04435653
n0443565300000288.jpg,n04435653
n0443565300000295.jpg,n04435653
n0443565300000296.jpg,n04435653
n0443565300000297.jpg,n04435653
n0443565300000300.jpg,n04435653
n0443565300000302.jpg,n04435653
n0443565300000306.jpg,n04435653
n0443565300000311.jpg,n04435653
n0443565300000313.jpg,n04435653
n0443565300000314.jpg,n04435653
n0443565300000315.jpg,n04435653
n0443565300000317.jpg,n04435653
n0443565300000323.jpg,n04435653
n0443565300000324.jpg,n04435653
n0443565300000325.jpg,n04435653
n0443565300000327.jpg,n04435653
n0443565300000329.jpg,n04435653
n0443565300000331.jpg,n04435653
n0443565300000337.jpg,n04435653
n0443565300000338.jpg,n04435653
n0443565300000339.jpg,n04435653
n0443565300000340.jpg,n04435653
n0443565300000341.jpg,n04435653
n0443565300000344.jpg,n04435653
n0443565300000348.jpg,n04435653
n0443565300000349.jpg,n04435653
n0443565300000350.jpg,n04435653
n0443565300000351.jpg,n04435653
n0443565300000355.jpg,n04435653
n0443565300000356.jpg,n04435653
n0443565300000358.jpg,n04435653
n0443565300000360.jpg,n04435653
n0443565300000361.jpg,n04435653
n0443565300000363.jpg,n04435653
n0443565300000364.jpg,n04435653
n0443565300000365.jpg,n04435653
n0443565300000369.jpg,n04435653
n0443565300000370.jpg,n04435653
n0443565300000371.jpg,n04435653
n0443565300000374.jpg,n04435653
n0443565300000378.jpg,n04435653
n0443565300000379.jpg,n04435653
n0443565300000383.jpg,n04435653
n0443565300000385.jpg,n04435653
n0443565300000388.jpg,n04435653
n0443565300000389.jpg,n04435653
n0443565300000391.jpg,n04435653
n0443565300000393.jpg,n04435653
n0443565300000395.jpg,n04435653
n0443565300000396.jpg,n04435653
n0443565300000399.jpg,n04435653
n0443565300000400.jpg,n04435653
n0443565300000404.jpg,n04435653
n0443565300000405.jpg,n04435653
n0443565300000406.jpg,n04435653
n0443565300000408.jpg,n04435653
n0443565300000411.jpg,n04435653
n0443565300000412.jpg,n04435653
n0443565300000415.jpg,n04435653
n0443565300000416.jpg,n04435653
n0443565300000421.jpg,n04435653
n0443565300000422.jpg,n04435653
n0443565300000423.jpg,n04435653
n0443565300000425.jpg,n04435653
n0443565300000427.jpg,n04435653
n0443565300000428.jpg,n04435653
n0443565300000436.jpg,n04435653
n0443565300000438.jpg,n04435653
n0443565300000440.jpg,n04435653
n0443565300000442.jpg,n04435653
n0443565300000446.jpg,n04435653
n0443565300000451.jpg,n04435653
n0443565300000455.jpg,n04435653
n0443565300000456.jpg,n04435653
n0443565300000459.jpg,n04435653
n0443565300000461.jpg,n04435653
n0443565300000462.jpg,n04435653
n0443565300000465.jpg,n04435653
n0443565300000469.jpg,n04435653
n0443565300000481.jpg,n04435653
n0443565300000482.jpg,n04435653
n0443565300000483.jpg,n04435653
n0443565300000485.jpg,n04435653
n0443565300000487.jpg,n04435653
n0443565300000488.jpg,n04435653
n0443565300000489.jpg,n04435653
n0443565300000490.jpg,n04435653
n0443565300000492.jpg,n04435653
n0443565300000493.jpg,n04435653
n0443565300000497.jpg,n04435653
n0443565300000500.jpg,n04435653
n0443565300000501.jpg,n04435653
n0443565300000502.jpg,n04435653
n0443565300000503.jpg,n04435653
n0443565300000506.jpg,n04435653
n0443565300000507.jpg,n04435653
n0443565300000511.jpg,n04435653
n0443565300000515.jpg,n04435653
n0443565300000517.jpg,n04435653
n0443565300000523.jpg,n04435653
n0443565300000525.jpg,n04435653
n0443565300000526.jpg,n04435653
n0443565300000527.jpg,n04435653
n0443565300000529.jpg,n04435653
n0443565300000533.jpg,n04435653
n0443565300000534.jpg,n04435653
n0443565300000537.jpg,n04435653
n0443565300000543.jpg,n04435653
n0443565300000544.jpg,n04435653
n0443565300000547.jpg,n04435653
n0443565300000548.jpg,n04435653
n0443565300000549.jpg,n04435653
n0443565300000550.jpg,n04435653
n0443565300000552.jpg,n04435653
n0443565300000555.jpg,n04435653
n0443565300000558.jpg,n04435653
n0443565300000560.jpg,n04435653
n0443565300000561.jpg,n04435653
n0443565300000563.jpg,n04435653
n0443565300000569.jpg,n04435653
n0443565300000570.jpg,n04435653
n0443565300000571.jpg,n04435653
n0443565300000574.jpg,n04435653
n0443565300000575.jpg,n04435653
n0443565300000583.jpg,n04435653
n0443565300000587.jpg,n04435653
n0443565300000588.jpg,n04435653
n0443565300000590.jpg,n04435653
n0443565300000592.jpg,n04435653
n0443565300000593.jpg,n04435653
n0443565300000596.jpg,n04435653
n0443565300000600.jpg,n04435653
n0443565300000603.jpg,n04435653
n0443565300000604.jpg,n04435653
n0443565300000606.jpg,n04435653
n0443565300000607.jpg,n04435653
n0443565300000608.jpg,n04435653
n0443565300000609.jpg,n04435653
n0443565300000611.jpg,n04435653
n0443565300000612.jpg,n04435653
n0443565300000613.jpg,n04435653
n0443565300000614.jpg,n04435653
n0443565300000615.jpg,n04435653
n0443565300000616.jpg,n04435653
n0443565300000618.jpg,n04435653
n0443565300000622.jpg,n04435653
n0443565300000623.jpg,n04435653
n0443565300000624.jpg,n04435653
n0443565300000625.jpg,n04435653
n0443565300000626.jpg,n04435653
n0443565300000627.jpg,n04435653
n0443565300000630.jpg,n04435653
n0443565300000637.jpg,n04435653
n0443565300000638.jpg,n04435653
n0443565300000639.jpg,n04435653
n0443565300000641.jpg,n04435653
n0443565300000642.jpg,n04435653
n0443565300000645.jpg,n04435653
n0443565300000647.jpg,n04435653
n0443565300000650.jpg,n04435653
n0443565300000652.jpg,n04435653
n0443565300000656.jpg,n04435653
n0443565300000657.jpg,n04435653
n0443565300000658.jpg,n04435653
n0443565300000659.jpg,n04435653
n0443565300000660.jpg,n04435653
n0443565300000663.jpg,n04435653
n0443565300000669.jpg,n04435653
n0443565300000671.jpg,n04435653
n0443565300000674.jpg,n04435653
n0443565300000676.jpg,n04435653
n0443565300000677.jpg,n04435653
n0443565300000679.jpg,n04435653
n0443565300000683.jpg,n04435653
n0443565300000685.jpg,n04435653
n0443565300000686.jpg,n04435653
n0443565300000687.jpg,n04435653
n0443565300000688.jpg,n04435653
n0443565300000689.jpg,n04435653
n0443565300000691.jpg,n04435653
n0443565300000694.jpg,n04435653
n0443565300000695.jpg,n04435653
n0443565300000697.jpg,n04435653
n0443565300000699.jpg,n04435653
n0443565300000708.jpg,n04435653
n0443565300000710.jpg,n04435653
n0443565300000714.jpg,n04435653
n0443565300000715.jpg,n04435653
n0443565300000716.jpg,n04435653
n0443565300000719.jpg,n04435653
n0443565300000721.jpg,n04435653
n0443565300000723.jpg,n04435653
n0443565300000726.jpg,n04435653
n0443565300000729.jpg,n04435653
n0443565300000736.jpg,n04435653
n0443565300000739.jpg,n04435653
n0443565300000740.jpg,n04435653
n0443565300000741.jpg,n04435653
n0443565300000745.jpg,n04435653
n0443565300000746.jpg,n04435653
n0443565300000752.jpg,n04435653
n0443565300000753.jpg,n04435653
n0443565300000755.jpg,n04435653
n0443565300000756.jpg,n04435653
n0443565300000757.jpg,n04435653
n0443565300000759.jpg,n04435653
n0443565300000761.jpg,n04435653
n0443565300000764.jpg,n04435653
n0443565300000769.jpg,n04435653
n0443565300000772.jpg,n04435653
n0443565300000773.jpg,n04435653
n0443565300000775.jpg,n04435653
n0443565300000776.jpg,n04435653
n0443565300000777.jpg,n04435653
n0443565300000778.jpg,n04435653
n0443565300000779.jpg,n04435653
n0443565300000781.jpg,n04435653
n0443565300000782.jpg,n04435653
n0443565300000783.jpg,n04435653
n0443565300000785.jpg,n04435653
n0443565300000787.jpg,n04435653
n0443565300000788.jpg,n04435653
n0443565300000790.jpg,n04435653
n0443565300000791.jpg,n04435653
n0443565300000792.jpg,n04435653
n0443565300000793.jpg,n04435653
n0443565300000794.jpg,n04435653
n0443565300000795.jpg,n04435653
n0443565300000796.jpg,n04435653
n0443565300000803.jpg,n04435653
n0443565300000804.jpg,n04435653
n0443565300000805.jpg,n04435653
n0443565300000806.jpg,n04435653
n0443565300000808.jpg,n04435653
n0443565300000809.jpg,n04435653
n0443565300000811.jpg,n04435653
n0443565300000812.jpg,n04435653
n0443565300000813.jpg,n04435653
n0443565300000821.jpg,n04435653
n0443565300000828.jpg,n04435653
n0443565300000830.jpg,n04435653
n0443565300000833.jpg,n04435653
n0443565300000834.jpg,n04435653
n0443565300000835.jpg,n04435653
n0443565300000838.jpg,n04435653
n0443565300000843.jpg,n04435653
n0443565300000844.jpg,n04435653
n0443565300000845.jpg,n04435653
n0443565300000849.jpg,n04435653
n0443565300000850.jpg,n04435653
n0443565300000851.jpg,n04435653
n0443565300000852.jpg,n04435653
n0443565300000856.jpg,n04435653
n0443565300000857.jpg,n04435653
n0443565300000858.jpg,n04435653
n0443565300000860.jpg,n04435653
n0443565300000861.jpg,n04435653
n0443565300000862.jpg,n04435653
n0443565300000870.jpg,n04435653
n0443565300000872.jpg,n04435653
n0443565300000873.jpg,n04435653
n0443565300000875.jpg,n04435653
n0443565300000876.jpg,n04435653
n0443565300000879.jpg,n04435653
n0443565300000881.jpg,n04435653
n0443565300000885.jpg,n04435653
n0443565300000889.jpg,n04435653
n0443565300000895.jpg,n04435653
n0443565300000899.jpg,n04435653
n0443565300000900.jpg,n04435653
n0443565300000905.jpg,n04435653
n0443565300000906.jpg,n04435653
n0443565300000907.jpg,n04435653
n0443565300000908.jpg,n04435653
n0443565300000909.jpg,n04435653
n0443565300000911.jpg,n04435653
n0443565300000912.jpg,n04435653
n0443565300000913.jpg,n04435653
n0443565300000914.jpg,n04435653
n0443565300000916.jpg,n04435653
n0443565300000918.jpg,n04435653
n0443565300000919.jpg,n04435653
n0443565300000921.jpg,n04435653
n0443565300000925.jpg,n04435653
n0443565300000927.jpg,n04435653
n0443565300000928.jpg,n04435653
n0443565300000932.jpg,n04435653
n0443565300000933.jpg,n04435653
n0443565300000940.jpg,n04435653
n0443565300000947.jpg,n04435653
n0443565300000950.jpg,n04435653
n0443565300000953.jpg,n04435653
n0443565300000955.jpg,n04435653
n0443565300000956.jpg,n04435653
n0443565300000958.jpg,n04435653
n0443565300000959.jpg,n04435653
n0443565300000960.jpg,n04435653
n0443565300000961.jpg,n04435653
n0443565300000965.jpg,n04435653
n0443565300000966.jpg,n04435653
n0443565300000967.jpg,n04435653
n0443565300000970.jpg,n04435653
n0443565300000971.jpg,n04435653
n0443565300000972.jpg,n04435653
n0443565300000975.jpg,n04435653
n0443565300000978.jpg,n04435653
n0443565300000979.jpg,n04435653
n0443565300000980.jpg,n04435653
n0443565300000982.jpg,n04435653
n0443565300000987.jpg,n04435653
n0443565300000989.jpg,n04435653
n0443565300000991.jpg,n04435653
n0443565300000996.jpg,n04435653
n0443565300000997.jpg,n04435653
n0443565300000999.jpg,n04435653
n0443565300001000.jpg,n04435653
n0443565300001003.jpg,n04435653
n0443565300001006.jpg,n04435653
n0443565300001009.jpg,n04435653
n0443565300001010.jpg,n04435653
n0443565300001013.jpg,n04435653
n0443565300001014.jpg,n04435653
n0443565300001015.jpg,n04435653
n0443565300001017.jpg,n04435653
n0443565300001018.jpg,n04435653
n0443565300001019.jpg,n04435653
n0443565300001020.jpg,n04435653
n0443565300001022.jpg,n04435653
n0443565300001023.jpg,n04435653
n0443565300001029.jpg,n04435653
n0443565300001031.jpg,n04435653
n0443565300001037.jpg,n04435653
n0443565300001041.jpg,n04435653
n0443565300001044.jpg,n04435653
n0443565300001045.jpg,n04435653
n0443565300001048.jpg,n04435653
n0443565300001051.jpg,n04435653
n0443565300001052.jpg,n04435653
n0443565300001056.jpg,n04435653
n0443565300001057.jpg,n04435653
n0443565300001063.jpg,n04435653
n0443565300001064.jpg,n04435653
n0443565300001065.jpg,n04435653
n0443565300001068.jpg,n04435653
n0443565300001069.jpg,n04435653
n0443565300001070.jpg,n04435653
n0443565300001072.jpg,n04435653
n0443565300001073.jpg,n04435653
n0443565300001074.jpg,n04435653
n0443565300001075.jpg,n04435653
n0443565300001076.jpg,n04435653
n0443565300001077.jpg,n04435653
n0443565300001079.jpg,n04435653
n0443565300001080.jpg,n04435653
n0443565300001082.jpg,n04435653
n0443565300001084.jpg,n04435653
n0443565300001086.jpg,n04435653
n0443565300001087.jpg,n04435653
n0443565300001088.jpg,n04435653
n0443565300001089.jpg,n04435653
n0443565300001090.jpg,n04435653
n0443565300001091.jpg,n04435653
n0443565300001093.jpg,n04435653
n0443565300001094.jpg,n04435653
n0443565300001096.jpg,n04435653
n0443565300001099.jpg,n04435653
n0443565300001100.jpg,n04435653
n0443565300001103.jpg,n04435653
n0443565300001104.jpg,n04435653
n0443565300001105.jpg,n04435653
n0443565300001106.jpg,n04435653
n0443565300001107.jpg,n04435653
n0443565300001113.jpg,n04435653
n0443565300001120.jpg,n04435653
n0443565300001123.jpg,n04435653
n0443565300001126.jpg,n04435653
n0443565300001127.jpg,n04435653
n0443565300001128.jpg,n04435653
n0443565300001132.jpg,n04435653
n0443565300001134.jpg,n04435653
n0443565300001137.jpg,n04435653
n0443565300001139.jpg,n04435653
n0443565300001143.jpg,n04435653
n0443565300001144.jpg,n04435653
n0443565300001147.jpg,n04435653
n0443565300001149.jpg,n04435653
n0443565300001150.jpg,n04435653
n0443565300001155.jpg,n04435653
n0443565300001157.jpg,n04435653
n0443565300001158.jpg,n04435653
n0443565300001161.jpg,n04435653
n0443565300001162.jpg,n04435653
n0443565300001164.jpg,n04435653
n0443565300001166.jpg,n04435653
n0443565300001168.jpg,n04435653
n0443565300001170.jpg,n04435653
n0443565300001171.jpg,n04435653
n0443565300001172.jpg,n04435653
n0443565300001174.jpg,n04435653
n0443565300001177.jpg,n04435653
n0443565300001179.jpg,n04435653
n0443565300001180.jpg,n04435653
n0443565300001181.jpg,n04435653
n0443565300001184.jpg,n04435653
n0443565300001185.jpg,n04435653
n0443565300001187.jpg,n04435653
n0443565300001188.jpg,n04435653
n0443565300001190.jpg,n04435653
n0443565300001192.jpg,n04435653
n0443565300001193.jpg,n04435653
n0443565300001194.jpg,n04435653
n0443565300001195.jpg,n04435653
n0443565300001197.jpg,n04435653
n0443565300001198.jpg,n04435653
n0443565300001200.jpg,n04435653
n0443565300001202.jpg,n04435653
n0443565300001204.jpg,n04435653
n0443565300001205.jpg,n04435653
n0443565300001211.jpg,n04435653
n0443565300001213.jpg,n04435653
n0443565300001214.jpg,n04435653
n0443565300001215.jpg,n04435653
n0443565300001216.jpg,n04435653
n0443565300001217.jpg,n04435653
n0443565300001219.jpg,n04435653
n0443565300001224.jpg,n04435653
n0443565300001227.jpg,n04435653
n0443565300001228.jpg,n04435653
n0443565300001229.jpg,n04435653
n0443565300001233.jpg,n04435653
n0443565300001234.jpg,n04435653
n0443565300001235.jpg,n04435653
n0443565300001238.jpg,n04435653
n0443565300001239.jpg,n04435653
n0443565300001241.jpg,n04435653
n0443565300001242.jpg,n04435653
n0443565300001243.jpg,n04435653
n0443565300001244.jpg,n04435653
n0443565300001245.jpg,n04435653
n0443565300001246.jpg,n04435653
n0443565300001249.jpg,n04435653
n0443565300001252.jpg,n04435653
n0443565300001254.jpg,n04435653
n0443565300001255.jpg,n04435653
n0443565300001258.jpg,n04435653
n0443565300001259.jpg,n04435653
n0443565300001260.jpg,n04435653
n0443565300001267.jpg,n04435653
n0443565300001268.jpg,n04435653
n0443565300001271.jpg,n04435653
n0443565300001272.jpg,n04435653
n0443565300001274.jpg,n04435653
n0443565300001275.jpg,n04435653
n0443565300001279.jpg,n04435653
n0443565300001281.jpg,n04435653
n0443565300001283.jpg,n04435653
n0443565300001284.jpg,n04435653
n0443565300001285.jpg,n04435653
n0443565300001286.jpg,n04435653
n0443565300001289.jpg,n04435653
n0443565300001290.jpg,n04435653
n0443565300001291.jpg,n04435653
n0443565300001294.jpg,n04435653
n0443565300001295.jpg,n04435653
n0443565300001296.jpg,n04435653
n0443565300001297.jpg,n04435653
n0443565300001298.jpg,n04435653
n0443565300001299.jpg,n04435653
n0268717200000001.jpg,n02687172
n0268717200000002.jpg,n02687172
n0268717200000003.jpg,n02687172
n0268717200000004.jpg,n02687172
n0268717200000013.jpg,n02687172
n0268717200000014.jpg,n02687172
n0268717200000015.jpg,n02687172
n0268717200000016.jpg,n02687172
n0268717200000018.jpg,n02687172
n0268717200000019.jpg,n02687172
n0268717200000021.jpg,n02687172
n0268717200000022.jpg,n02687172
n0268717200000023.jpg,n02687172
n0268717200000024.jpg,n02687172
n0268717200000026.jpg,n02687172
n0268717200000027.jpg,n02687172
n0268717200000029.jpg,n02687172
n0268717200000030.jpg,n02687172
n0268717200000032.jpg,n02687172
n0268717200000034.jpg,n02687172
n0268717200000037.jpg,n02687172
n0268717200000039.jpg,n02687172
n0268717200000040.jpg,n02687172
n0268717200000045.jpg,n02687172
n0268717200000049.jpg,n02687172
n0268717200000050.jpg,n02687172
n0268717200000051.jpg,n02687172
n0268717200000053.jpg,n02687172
n0268717200000057.jpg,n02687172
n0268717200000059.jpg,n02687172
n0268717200000061.jpg,n02687172
n0268717200000066.jpg,n02687172
n0268717200000067.jpg,n02687172
n0268717200000071.jpg,n02687172
n0268717200000072.jpg,n02687172
n0268717200000075.jpg,n02687172
n0268717200000076.jpg,n02687172
n0268717200000082.jpg,n02687172
n0268717200000085.jpg,n02687172
n0268717200000090.jpg,n02687172
n0268717200000091.jpg,n02687172
n0268717200000092.jpg,n02687172
n0268717200000093.jpg,n02687172
n0268717200000094.jpg,n02687172
n0268717200000097.jpg,n02687172
n0268717200000100.jpg,n02687172
n0268717200000103.jpg,n02687172
n0268717200000104.jpg,n02687172
n0268717200000105.jpg,n02687172
n0268717200000106.jpg,n02687172
n0268717200000109.jpg,n02687172
n0268717200000110.jpg,n02687172
n0268717200000111.jpg,n02687172
n0268717200000115.jpg,n02687172
n0268717200000117.jpg,n02687172
n0268717200000118.jpg,n02687172
n0268717200000120.jpg,n02687172
n0268717200000122.jpg,n02687172
n0268717200000123.jpg,n02687172
n0268717200000124.jpg,n02687172
n0268717200000126.jpg,n02687172
n0268717200000128.jpg,n02687172
n0268717200000129.jpg,n02687172
n0268717200000132.jpg,n02687172
n0268717200000138.jpg,n02687172
n0268717200000139.jpg,n02687172
n0268717200000140.jpg,n02687172
n0268717200000141.jpg,n02687172
n0268717200000143.jpg,n02687172
n0268717200000147.jpg,n02687172
n0268717200000150.jpg,n02687172
n0268717200000151.jpg,n02687172
n0268717200000152.jpg,n02687172
n0268717200000155.jpg,n02687172
n0268717200000156.jpg,n02687172
n0268717200000157.jpg,n02687172
n0268717200000158.jpg,n02687172
n0268717200000161.jpg,n02687172
n0268717200000162.jpg,n02687172
n0268717200000163.jpg,n02687172
n0268717200000164.jpg,n02687172
n0268717200000166.jpg,n02687172
n0268717200000167.jpg,n02687172
n0268717200000169.jpg,n02687172
n0268717200000170.jpg,n02687172
n0268717200000172.jpg,n02687172
n0268717200000173.jpg,n02687172
n0268717200000174.jpg,n02687172
n0268717200000175.jpg,n02687172
n0268717200000176.jpg,n02687172
n0268717200000179.jpg,n02687172
n0268717200000180.jpg,n02687172
n0268717200000181.jpg,n02687172
n0268717200000190.jpg,n02687172
n0268717200000191.jpg,n02687172
n0268717200000192.jpg,n02687172
n0268717200000193.jpg,n02687172
n0268717200000197.jpg,n02687172
n0268717200000203.jpg,n02687172
n0268717200000204.jpg,n02687172
n0268717200000213.jpg,n02687172
n0268717200000214.jpg,n02687172
n0268717200000220.jpg,n02687172
n0268717200000223.jpg,n02687172
n0268717200000230.jpg,n02687172
n0268717200000231.jpg,n02687172
n0268717200000233.jpg,n02687172
n0268717200000235.jpg,n02687172
n0268717200000238.jpg,n02687172
n0268717200000240.jpg,n02687172
n0268717200000245.jpg,n02687172
n0268717200000248.jpg,n02687172
n0268717200000249.jpg,n02687172
n0268717200000251.jpg,n02687172
n0268717200000252.jpg,n02687172
n0268717200000253.jpg,n02687172
n0268717200000254.jpg,n02687172
n0268717200000258.jpg,n02687172
n0268717200000259.jpg,n02687172
n0268717200000262.jpg,n02687172
n0268717200000263.jpg,n02687172
n0268717200000265.jpg,n02687172
n0268717200000266.jpg,n02687172
n0268717200000267.jpg,n02687172
n0268717200000269.jpg,n02687172
n0268717200000270.jpg,n02687172
n0268717200000271.jpg,n02687172
n0268717200000273.jpg,n02687172
n0268717200000278.jpg,n02687172
n0268717200000280.jpg,n02687172
n0268717200000281.jpg,n02687172
n0268717200000284.jpg,n02687172
n0268717200000285.jpg,n02687172
n0268717200000286.jpg,n02687172
n0268717200000288.jpg,n02687172
n0268717200000289.jpg,n02687172
n0268717200000290.jpg,n02687172
n0268717200000292.jpg,n02687172
n0268717200000294.jpg,n02687172
n0268717200000295.jpg,n02687172
n0268717200000296.jpg,n02687172
n0268717200000297.jpg,n02687172
n0268717200000303.jpg,n02687172
n0268717200000304.jpg,n02687172
n0268717200000308.jpg,n02687172
n0268717200000310.jpg,n02687172
n0268717200000312.jpg,n02687172
n0268717200000317.jpg,n02687172
n0268717200000319.jpg,n02687172
n0268717200000322.jpg,n02687172
n0268717200000323.jpg,n02687172
n0268717200000324.jpg,n02687172
n0268717200000325.jpg,n02687172
n0268717200000327.jpg,n02687172
n0268717200000330.jpg,n02687172
n0268717200000331.jpg,n02687172
n0268717200000335.jpg,n02687172
n0268717200000336.jpg,n02687172
n0268717200000339.jpg,n02687172
n0268717200000342.jpg,n02687172
n0268717200000343.jpg,n02687172
n0268717200000344.jpg,n02687172
n0268717200000346.jpg,n02687172
n0268717200000349.jpg,n02687172
n0268717200000350.jpg,n02687172
n0268717200000351.jpg,n02687172
n0268717200000356.jpg,n02687172
n0268717200000357.jpg,n02687172
n0268717200000358.jpg,n02687172
n0268717200000359.jpg,n02687172
n0268717200000363.jpg,n02687172
n0268717200000365.jpg,n02687172
n0268717200000366.jpg,n02687172
n0268717200000368.jpg,n02687172
n0268717200000369.jpg,n02687172
n0268717200000370.jpg,n02687172
n0268717200000371.jpg,n02687172
n0268717200000374.jpg,n02687172
n0268717200000376.jpg,n02687172
n0268717200000377.jpg,n02687172
n0268717200000382.jpg,n02687172
n0268717200000383.jpg,n02687172
n0268717200000385.jpg,n02687172
n0268717200000386.jpg,n02687172
n0268717200000395.jpg,n02687172
n0268717200000396.jpg,n02687172
n0268717200000397.jpg,n02687172
n0268717200000398.jpg,n02687172
n0268717200000401.jpg,n02687172
n0268717200000404.jpg,n02687172
n0268717200000407.jpg,n02687172
n0268717200000409.jpg,n02687172
n0268717200000411.jpg,n02687172
n0268717200000412.jpg,n02687172
n0268717200000413.jpg,n02687172
n0268717200000414.jpg,n02687172
n0268717200000415.jpg,n02687172
n0268717200000420.jpg,n02687172
n0268717200000427.jpg,n02687172
n0268717200000428.jpg,n02687172
n0268717200000430.jpg,n02687172
n0268717200000433.jpg,n02687172
n0268717200000434.jpg,n02687172
n0268717200000436.jpg,n02687172
n0268717200000438.jpg,n02687172
n0268717200000439.jpg,n02687172
n0268717200000440.jpg,n02687172
n0268717200000441.jpg,n02687172
n0268717200000443.jpg,n02687172
n0268717200000444.jpg,n02687172
n0268717200000445.jpg,n02687172
n0268717200000446.jpg,n02687172
n0268717200000448.jpg,n02687172
n0268717200000452.jpg,n02687172
n0268717200000456.jpg,n02687172
n0268717200000457.jpg,n02687172
n0268717200000460.jpg,n02687172
n0268717200000461.jpg,n02687172
n0268717200000465.jpg,n02687172
n0268717200000467.jpg,n02687172
n0268717200000469.jpg,n02687172
n0268717200000472.jpg,n02687172
n0268717200000473.jpg,n02687172
n0268717200000474.jpg,n02687172
n0268717200000478.jpg,n02687172
n0268717200000482.jpg,n02687172
n0268717200000484.jpg,n02687172
n0268717200000485.jpg,n02687172
n0268717200000486.jpg,n02687172
n0268717200000488.jpg,n02687172
n0268717200000489.jpg,n02687172
n0268717200000490.jpg,n02687172
n0268717200000491.jpg,n02687172
n0268717200000493.jpg,n02687172
n0268717200000496.jpg,n02687172
n0268717200000500.jpg,n02687172
n0268717200000501.jpg,n02687172
n0268717200000502.jpg,n02687172
n0268717200000505.jpg,n02687172
n0268717200000506.jpg,n02687172
n0268717200000507.jpg,n02687172
n0268717200000510.jpg,n02687172
n0268717200000513.jpg,n02687172
n0268717200000516.jpg,n02687172
n0268717200000517.jpg,n02687172
n0268717200000518.jpg,n02687172
n0268717200000520.jpg,n02687172
n0268717200000523.jpg,n02687172
n0268717200000524.jpg,n02687172
n0268717200000525.jpg,n02687172
n0268717200000526.jpg,n02687172
n0268717200000527.jpg,n02687172
n0268717200000529.jpg,n02687172
n0268717200000532.jpg,n02687172
n0268717200000533.jpg,n02687172
n0268717200000536.jpg,n02687172
n0268717200000539.jpg,n02687172
n0268717200000540.jpg,n02687172
n0268717200000541.jpg,n02687172
n0268717200000545.jpg,n02687172
n0268717200000547.jpg,n02687172
n0268717200000548.jpg,n02687172
n0268717200000549.jpg,n02687172
n0268717200000551.jpg,n02687172
n0268717200000555.jpg,n02687172
n0268717200000558.jpg,n02687172
n0268717200000562.jpg,n02687172
n0268717200000564.jpg,n02687172
n0268717200000569.jpg,n02687172
n0268717200000574.jpg,n02687172
n0268717200000576.jpg,n02687172
n0268717200000577.jpg,n02687172
n0268717200000579.jpg,n02687172
n0268717200000580.jpg,n02687172
n0268717200000583.jpg,n02687172
n0268717200000584.jpg,n02687172
n0268717200000585.jpg,n02687172
n0268717200000588.jpg,n02687172
n0268717200000589.jpg,n02687172
n0268717200000590.jpg,n02687172
n0268717200000591.jpg,n02687172
n0268717200000594.jpg,n02687172
n0268717200000595.jpg,n02687172
n0268717200000596.jpg,n02687172
n0268717200000598.jpg,n02687172
n0268717200000601.jpg,n02687172
n0268717200000602.jpg,n02687172
n0268717200000604.jpg,n02687172
n0268717200000605.jpg,n02687172
n0268717200000606.jpg,n02687172
n0268717200000608.jpg,n02687172
n0268717200000613.jpg,n02687172
n0268717200000619.jpg,n02687172
n0268717200000620.jpg,n02687172
n0268717200000621.jpg,n02687172
n0268717200000623.jpg,n02687172
n0268717200000630.jpg,n02687172
n0268717200000634.jpg,n02687172
n0268717200000636.jpg,n02687172
n0268717200000641.jpg,n02687172
n0268717200000643.jpg,n02687172
n0268717200000645.jpg,n02687172
n0268717200000647.jpg,n02687172
n0268717200000652.jpg,n02687172
n0268717200000653.jpg,n02687172
n0268717200000654.jpg,n02687172
n0268717200000656.jpg,n02687172
n0268717200000657.jpg,n02687172
n0268717200000658.jpg,n02687172
n0268717200000659.jpg,n02687172
n0268717200000663.jpg,n02687172
n0268717200000669.jpg,n02687172
n0268717200000671.jpg,n02687172
n0268717200000672.jpg,n02687172
n0268717200000676.jpg,n02687172
n0268717200000677.jpg,n02687172
n0268717200000679.jpg,n02687172
n0268717200000680.jpg,n02687172
n0268717200000685.jpg,n02687172
n0268717200000687.jpg,n02687172
n0268717200000688.jpg,n02687172
n0268717200000689.jpg,n02687172
n0268717200000691.jpg,n02687172
n0268717200000692.jpg,n02687172
n0268717200000694.jpg,n02687172
n0268717200000695.jpg,n02687172
n0268717200000696.jpg,n02687172
n0268717200000698.jpg,n02687172
n0268717200000700.jpg,n02687172
n0268717200000702.jpg,n02687172
n0268717200000703.jpg,n02687172
n0268717200000704.jpg,n02687172
n0268717200000705.jpg,n02687172
n0268717200000708.jpg,n02687172
n0268717200000711.jpg,n02687172
n0268717200000712.jpg,n02687172
n0268717200000713.jpg,n02687172
n0268717200000714.jpg,n02687172
n0268717200000716.jpg,n02687172
n0268717200000719.jpg,n02687172
n0268717200000720.jpg,n02687172
n0268717200000722.jpg,n02687172
n0268717200000725.jpg,n02687172
n0268717200000726.jpg,n02687172
n0268717200000728.jpg,n02687172
n0268717200000733.jpg,n02687172
n0268717200000734.jpg,n02687172
n0268717200000736.jpg,n02687172
n0268717200000751.jpg,n02687172
n0268717200000752.jpg,n02687172
n0268717200000753.jpg,n02687172
n0268717200000755.jpg,n02687172
n0268717200000760.jpg,n02687172
n0268717200000762.jpg,n02687172
n0268717200000766.jpg,n02687172
n0268717200000771.jpg,n02687172
n0268717200000772.jpg,n02687172
n0268717200000773.jpg,n02687172
n0268717200000774.jpg,n02687172
n0268717200000777.jpg,n02687172
n0268717200000778.jpg,n02687172
n0268717200000779.jpg,n02687172
n0268717200000780.jpg,n02687172
n0268717200000782.jpg,n02687172
n0268717200000783.jpg,n02687172
n0268717200000784.jpg,n02687172
n0268717200000786.jpg,n02687172
n0268717200000788.jpg,n02687172
n0268717200000789.jpg,n02687172
n0268717200000792.jpg,n02687172
n0268717200000793.jpg,n02687172
n0268717200000794.jpg,n02687172
n0268717200000796.jpg,n02687172
n0268717200000797.jpg,n02687172
n0268717200000798.jpg,n02687172
n0268717200000799.jpg,n02687172
n0268717200000800.jpg,n02687172
n0268717200000802.jpg,n02687172
n0268717200000805.jpg,n02687172
n0268717200000806.jpg,n02687172
n0268717200000810.jpg,n02687172
n0268717200000812.jpg,n02687172
n0268717200000814.jpg,n02687172
n0268717200000815.jpg,n02687172
n0268717200000816.jpg,n02687172
n0268717200000817.jpg,n02687172
n0268717200000818.jpg,n02687172
n0268717200000819.jpg,n02687172
n0268717200000820.jpg,n02687172
n0268717200000822.jpg,n02687172
n0268717200000823.jpg,n02687172
n0268717200000825.jpg,n02687172
n0268717200000826.jpg,n02687172
n0268717200000829.jpg,n02687172
n0268717200000835.jpg,n02687172
n0268717200000837.jpg,n02687172
n0268717200000838.jpg,n02687172
n0268717200000840.jpg,n02687172
n0268717200000843.jpg,n02687172
n0268717200000844.jpg,n02687172
n0268717200000846.jpg,n02687172
n0268717200000850.jpg,n02687172
n0268717200000853.jpg,n02687172
n0268717200000860.jpg,n02687172
n0268717200000865.jpg,n02687172
n0268717200000866.jpg,n02687172
n0268717200000868.jpg,n02687172
n0268717200000870.jpg,n02687172
n0268717200000871.jpg,n02687172
n0268717200000877.jpg,n02687172
n0268717200000878.jpg,n02687172
n0268717200000879.jpg,n02687172
n0268717200000882.jpg,n02687172
n0268717200000883.jpg,n02687172
n0268717200000884.jpg,n02687172
n0268717200000886.jpg,n02687172
n0268717200000888.jpg,n02687172
n0268717200000893.jpg,n02687172
n0268717200000900.jpg,n02687172
n0268717200000901.jpg,n02687172
n0268717200000903.jpg,n02687172
n0268717200000904.jpg,n02687172
n0268717200000908.jpg,n02687172
n0268717200000909.jpg,n02687172
n0268717200000910.jpg,n02687172
n0268717200000912.jpg,n02687172
n0268717200000915.jpg,n02687172
n0268717200000916.jpg,n02687172
n0268717200000919.jpg,n02687172
n0268717200000920.jpg,n02687172
n0268717200000921.jpg,n02687172
n0268717200000922.jpg,n02687172
n0268717200000923.jpg,n02687172
n0268717200000924.jpg,n02687172
n0268717200000928.jpg,n02687172
n0268717200000930.jpg,n02687172
n0268717200000931.jpg,n02687172
n0268717200000932.jpg,n02687172
n0268717200000936.jpg,n02687172
n0268717200000937.jpg,n02687172
n0268717200000938.jpg,n02687172
n0268717200000939.jpg,n02687172
n0268717200000942.jpg,n02687172
n0268717200000946.jpg,n02687172
n0268717200000947.jpg,n02687172
n0268717200000949.jpg,n02687172
n0268717200000952.jpg,n02687172
n0268717200000953.jpg,n02687172
n0268717200000955.jpg,n02687172
n0268717200000963.jpg,n02687172
n0268717200000965.jpg,n02687172
n0268717200000967.jpg,n02687172
n0268717200000968.jpg,n02687172
n0268717200000969.jpg,n02687172
n0268717200000970.jpg,n02687172
n0268717200000975.jpg,n02687172
n0268717200000976.jpg,n02687172
n0268717200000978.jpg,n02687172
n0268717200000980.jpg,n02687172
n0268717200000982.jpg,n02687172
n0268717200000983.jpg,n02687172
n0268717200000985.jpg,n02687172
n0268717200000990.jpg,n02687172
n0268717200000993.jpg,n02687172
n0268717200000994.jpg,n02687172
n0268717200000995.jpg,n02687172
n0268717200000996.jpg,n02687172
n0268717200000997.jpg,n02687172
n0268717200001004.jpg,n02687172
n0268717200001006.jpg,n02687172
n0268717200001008.jpg,n02687172
n0268717200001010.jpg,n02687172
n0268717200001011.jpg,n02687172
n0268717200001015.jpg,n02687172
n0268717200001016.jpg,n02687172
n0268717200001017.jpg,n02687172
n0268717200001021.jpg,n02687172
n0268717200001023.jpg,n02687172
n0268717200001025.jpg,n02687172
n0268717200001026.jpg,n02687172
n0268717200001027.jpg,n02687172
n0268717200001029.jpg,n02687172
n0268717200001030.jpg,n02687172
n0268717200001032.jpg,n02687172
n0268717200001033.jpg,n02687172
n0268717200001034.jpg,n02687172
n0268717200001036.jpg,n02687172
n0268717200001040.jpg,n02687172
n0268717200001041.jpg,n02687172
n0268717200001045.jpg,n02687172
n0268717200001048.jpg,n02687172
n0268717200001049.jpg,n02687172
n0268717200001054.jpg,n02687172
n0268717200001056.jpg,n02687172
n0268717200001057.jpg,n02687172
n0268717200001059.jpg,n02687172
n0268717200001062.jpg,n02687172
n0268717200001066.jpg,n02687172
n0268717200001067.jpg,n02687172
n0268717200001071.jpg,n02687172
n0268717200001074.jpg,n02687172
n0268717200001075.jpg,n02687172
n0268717200001079.jpg,n02687172
n0268717200001080.jpg,n02687172
n0268717200001085.jpg,n02687172
n0268717200001086.jpg,n02687172
n0268717200001090.jpg,n02687172
n0268717200001092.jpg,n02687172
n0268717200001097.jpg,n02687172
n0268717200001099.jpg,n02687172
n0268717200001101.jpg,n02687172
n0268717200001105.jpg,n02687172
n0268717200001107.jpg,n02687172
n0268717200001108.jpg,n02687172
n0268717200001109.jpg,n02687172
n0268717200001110.jpg,n02687172
n0268717200001113.jpg,n02687172
n0268717200001115.jpg,n02687172
n0268717200001119.jpg,n02687172
n0268717200001121.jpg,n02687172
n0268717200001122.jpg,n02687172
n0268717200001127.jpg,n02687172
n0268717200001130.jpg,n02687172
n0268717200001133.jpg,n02687172
n0268717200001136.jpg,n02687172
n0268717200001137.jpg,n02687172
n0268717200001139.jpg,n02687172
n0268717200001144.jpg,n02687172
n0268717200001145.jpg,n02687172
n0268717200001153.jpg,n02687172
n0268717200001154.jpg,n02687172
n0268717200001155.jpg,n02687172
n0268717200001156.jpg,n02687172
n0268717200001158.jpg,n02687172
n0268717200001159.jpg,n02687172
n0268717200001160.jpg,n02687172
n0268717200001163.jpg,n02687172
n0268717200001164.jpg,n02687172
n0268717200001167.jpg,n02687172
n0268717200001169.jpg,n02687172
n0268717200001173.jpg,n02687172
n0268717200001175.jpg,n02687172
n0268717200001176.jpg,n02687172
n0268717200001177.jpg,n02687172
n0268717200001178.jpg,n02687172
n0268717200001179.jpg,n02687172
n0268717200001182.jpg,n02687172
n0268717200001183.jpg,n02687172
n0268717200001185.jpg,n02687172
n0268717200001189.jpg,n02687172
n0268717200001190.jpg,n02687172
n0268717200001191.jpg,n02687172
n0268717200001198.jpg,n02687172
n0268717200001199.jpg,n02687172
n0268717200001204.jpg,n02687172
n0268717200001208.jpg,n02687172
n0268717200001209.jpg,n02687172
n0268717200001210.jpg,n02687172
n0268717200001214.jpg,n02687172
n0268717200001215.jpg,n02687172
n0268717200001216.jpg,n02687172
n0268717200001218.jpg,n02687172
n0268717200001219.jpg,n02687172
n0268717200001222.jpg,n02687172
n0268717200001224.jpg,n02687172
n0268717200001225.jpg,n02687172
n0268717200001226.jpg,n02687172
n0268717200001229.jpg,n02687172
n0268717200001235.jpg,n02687172
n0268717200001236.jpg,n02687172
n0268717200001243.jpg,n02687172
n0268717200001248.jpg,n02687172
n0268717200001249.jpg,n02687172
n0268717200001250.jpg,n02687172
n0268717200001251.jpg,n02687172
n0268717200001253.jpg,n02687172
n0268717200001254.jpg,n02687172
n0268717200001258.jpg,n02687172
n0268717200001261.jpg,n02687172
n0268717200001264.jpg,n02687172
n0268717200001266.jpg,n02687172
n0268717200001267.jpg,n02687172
n0268717200001270.jpg,n02687172
n0268717200001272.jpg,n02687172
n0268717200001274.jpg,n02687172
n0268717200001275.jpg,n02687172
n0268717200001276.jpg,n02687172
n0268717200001277.jpg,n02687172
n0268717200001280.jpg,n02687172
n0268717200001282.jpg,n02687172
n0268717200001283.jpg,n02687172
n0268717200001288.jpg,n02687172
n0268717200001289.jpg,n02687172
n0268717200001290.jpg,n02687172
n0268717200001291.jpg,n02687172
n0268717200001293.jpg,n02687172
n0268717200001296.jpg,n02687172
n0268717200001297.jpg,n02687172
n0268717200001299.jpg,n02687172
n0268717200001300.jpg,n02687172
n0352744400000002.jpg,n03527444
n0352744400000003.jpg,n03527444
n0352744400000004.jpg,n03527444
n0352744400000007.jpg,n03527444
n0352744400000008.jpg,n03527444
n0352744400000010.jpg,n03527444
n0352744400000011.jpg,n03527444
n0352744400000013.jpg,n03527444
n0352744400000014.jpg,n03527444
n0352744400000015.jpg,n03527444
n0352744400000016.jpg,n03527444
n0352744400000022.jpg,n03527444
n0352744400000027.jpg,n03527444
n0352744400000028.jpg,n03527444
n0352744400000029.jpg,n03527444
n0352744400000031.jpg,n03527444
n0352744400000032.jpg,n03527444
n0352744400000036.jpg,n03527444
n0352744400000039.jpg,n03527444
n0352744400000042.jpg,n03527444
n0352744400000043.jpg,n03527444
n0352744400000044.jpg,n03527444
n0352744400000046.jpg,n03527444
n0352744400000048.jpg,n03527444
n0352744400000049.jpg,n03527444
n0352744400000050.jpg,n03527444
n0352744400000053.jpg,n03527444
n0352744400000056.jpg,n03527444
n0352744400000059.jpg,n03527444
n0352744400000061.jpg,n03527444
n0352744400000062.jpg,n03527444
n0352744400000064.jpg,n03527444
n0352744400000065.jpg,n03527444
n0352744400000068.jpg,n03527444
n0352744400000070.jpg,n03527444
n0352744400000071.jpg,n03527444
n0352744400000073.jpg,n03527444
n0352744400000075.jpg,n03527444
n0352744400000079.jpg,n03527444
n0352744400000080.jpg,n03527444
n0352744400000081.jpg,n03527444
n0352744400000082.jpg,n03527444
n0352744400000083.jpg,n03527444
n0352744400000088.jpg,n03527444
n0352744400000092.jpg,n03527444
n0352744400000094.jpg,n03527444
n0352744400000096.jpg,n03527444
n0352744400000097.jpg,n03527444
n0352744400000100.jpg,n03527444
n0352744400000103.jpg,n03527444
n0352744400000110.jpg,n03527444
n0352744400000112.jpg,n03527444
n0352744400000117.jpg,n03527444
n0352744400000124.jpg,n03527444
n0352744400000125.jpg,n03527444
n0352744400000130.jpg,n03527444
n0352744400000132.jpg,n03527444
n0352744400000134.jpg,n03527444
n0352744400000136.jpg,n03527444
n0352744400000137.jpg,n03527444
n0352744400000144.jpg,n03527444
n0352744400000145.jpg,n03527444
n0352744400000146.jpg,n03527444
n0352744400000147.jpg,n03527444
n0352744400000151.jpg,n03527444
n0352744400000152.jpg,n03527444
n0352744400000155.jpg,n03527444
n0352744400000158.jpg,n03527444
n0352744400000159.jpg,n03527444
n0352744400000160.jpg,n03527444
n0352744400000161.jpg,n03527444
n0352744400000162.jpg,n03527444
n0352744400000164.jpg,n03527444
n0352744400000165.jpg,n03527444
n0352744400000168.jpg,n03527444
n0352744400000172.jpg,n03527444
n0352744400000173.jpg,n03527444
n0352744400000177.jpg,n03527444
n0352744400000181.jpg,n03527444
n0352744400000184.jpg,n03527444
n0352744400000186.jpg,n03527444
n0352744400000188.jpg,n03527444
n0352744400000190.jpg,n03527444
n0352744400000194.jpg,n03527444
n0352744400000195.jpg,n03527444
n0352744400000196.jpg,n03527444
n0352744400000197.jpg,n03527444
n0352744400000199.jpg,n03527444
n0352744400000200.jpg,n03527444
n0352744400000201.jpg,n03527444
n0352744400000202.jpg,n03527444
n0352744400000203.jpg,n03527444
n0352744400000205.jpg,n03527444
n0352744400000208.jpg,n03527444
n0352744400000209.jpg,n03527444
n0352744400000210.jpg,n03527444
n0352744400000213.jpg,n03527444
n0352744400000214.jpg,n03527444
n0352744400000218.jpg,n03527444
n0352744400000219.jpg,n03527444
n0352744400000220.jpg,n03527444
n0352744400000221.jpg,n03527444
n0352744400000224.jpg,n03527444
n0352744400000226.jpg,n03527444
n0352744400000228.jpg,n03527444
n0352744400000229.jpg,n03527444
n0352744400000230.jpg,n03527444
n0352744400000231.jpg,n03527444
n0352744400000240.jpg,n03527444
n0352744400000242.jpg,n03527444
n0352744400000245.jpg,n03527444
n0352744400000246.jpg,n03527444
n0352744400000250.jpg,n03527444
n0352744400000252.jpg,n03527444
n0352744400000253.jpg,n03527444
n0352744400000255.jpg,n03527444
n0352744400000256.jpg,n03527444
n0352744400000258.jpg,n03527444
n0352744400000259.jpg,n03527444
n0352744400000260.jpg,n03527444
n0352744400000263.jpg,n03527444
n0352744400000264.jpg,n03527444
n0352744400000265.jpg,n03527444
n0352744400000268.jpg,n03527444
n0352744400000274.jpg,n03527444
n0352744400000276.jpg,n03527444
n0352744400000280.jpg,n03527444
n0352744400000282.jpg,n03527444
n0352744400000284.jpg,n03527444
n0352744400000285.jpg,n03527444
n0352744400000287.jpg,n03527444
n0352744400000289.jpg,n03527444
n0352744400000290.jpg,n03527444
n0352744400000291.jpg,n03527444
n0352744400000293.jpg,n03527444
n0352744400000294.jpg,n03527444
n0352744400000299.jpg,n03527444
n0352744400000304.jpg,n03527444
n0352744400000306.jpg,n03527444
n0352744400000307.jpg,n03527444
n0352744400000308.jpg,n03527444
n0352744400000309.jpg,n03527444
n0352744400000314.jpg,n03527444
n0352744400000315.jpg,n03527444
n0352744400000317.jpg,n03527444
n0352744400000318.jpg,n03527444
n0352744400000320.jpg,n03527444
n0352744400000322.jpg,n03527444
n0352744400000323.jpg,n03527444
n0352744400000325.jpg,n03527444
n0352744400000326.jpg,n03527444
n0352744400000327.jpg,n03527444
n0352744400000333.jpg,n03527444
n0352744400000335.jpg,n03527444
n0352744400000337.jpg,n03527444
n0352744400000341.jpg,n03527444
n0352744400000342.jpg,n03527444
n0352744400000343.jpg,n03527444
n0352744400000344.jpg,n03527444
n0352744400000347.jpg,n03527444
n0352744400000348.jpg,n03527444
n0352744400000352.jpg,n03527444
n0352744400000354.jpg,n03527444
n0352744400000356.jpg,n03527444
n0352744400000358.jpg,n03527444
n0352744400000359.jpg,n03527444
n0352744400000361.jpg,n03527444
n0352744400000365.jpg,n03527444
n0352744400000366.jpg,n03527444
n0352744400000371.jpg,n03527444
n0352744400000373.jpg,n03527444
n0352744400000378.jpg,n03527444
n0352744400000379.jpg,n03527444
n0352744400000381.jpg,n03527444
n0352744400000388.jpg,n03527444
n0352744400000389.jpg,n03527444
n0352744400000392.jpg,n03527444
n0352744400000395.jpg,n03527444
n0352744400000398.jpg,n03527444
n0352744400000400.jpg,n03527444
n0352744400000401.jpg,n03527444
n0352744400000402.jpg,n03527444
n0352744400000405.jpg,n03527444
n0352744400000407.jpg,n03527444
n0352744400000408.jpg,n03527444
n0352744400000410.jpg,n03527444
n0352744400000411.jpg,n03527444
n0352744400000412.jpg,n03527444
n0352744400000413.jpg,n03527444
n0352744400000414.jpg,n03527444
n0352744400000415.jpg,n03527444
n0352744400000417.jpg,n03527444
n0352744400000419.jpg,n03527444
n0352744400000420.jpg,n03527444
n0352744400000423.jpg,n03527444
n0352744400000426.jpg,n03527444
n0352744400000429.jpg,n03527444
n0352744400000431.jpg,n03527444
n0352744400000432.jpg,n03527444
n0352744400000433.jpg,n03527444
n0352744400000434.jpg,n03527444
n0352744400000436.jpg,n03527444
n0352744400000437.jpg,n03527444
n0352744400000440.jpg,n03527444
n0352744400000441.jpg,n03527444
n0352744400000442.jpg,n03527444
n0352744400000443.jpg,n03527444
n0352744400000444.jpg,n03527444
n0352744400000446.jpg,n03527444
n0352744400000448.jpg,n03527444
n0352744400000450.jpg,n03527444
n0352744400000452.jpg,n03527444
n0352744400000456.jpg,n03527444
n0352744400000457.jpg,n03527444
n0352744400000459.jpg,n03527444
n0352744400000460.jpg,n03527444
n0352744400000461.jpg,n03527444
n0352744400000462.jpg,n03527444
n0352744400000463.jpg,n03527444
n0352744400000465.jpg,n03527444
n0352744400000466.jpg,n03527444
n0352744400000467.jpg,n03527444
n0352744400000473.jpg,n03527444
n0352744400000475.jpg,n03527444
n0352744400000478.jpg,n03527444
n0352744400000480.jpg,n03527444
n0352744400000482.jpg,n03527444
n0352744400000483.jpg,n03527444
n0352744400000484.jpg,n03527444
n0352744400000487.jpg,n03527444
n0352744400000491.jpg,n03527444
n0352744400000493.jpg,n03527444
n0352744400000496.jpg,n03527444
n0352744400000500.jpg,n03527444
n0352744400000509.jpg,n03527444
n0352744400000513.jpg,n03527444
n0352744400000514.jpg,n03527444
n0352744400000516.jpg,n03527444
n0352744400000517.jpg,n03527444
n0352744400000519.jpg,n03527444
n0352744400000520.jpg,n03527444
n0352744400000523.jpg,n03527444
n0352744400000532.jpg,n03527444
n0352744400000535.jpg,n03527444
n0352744400000536.jpg,n03527444
n0352744400000537.jpg,n03527444
n0352744400000538.jpg,n03527444
n0352744400000540.jpg,n03527444
n0352744400000541.jpg,n03527444
n0352744400000542.jpg,n03527444
n0352744400000544.jpg,n03527444
n0352744400000550.jpg,n03527444
n0352744400000553.jpg,n03527444
n0352744400000555.jpg,n03527444
n0352744400000556.jpg,n03527444
n0352744400000557.jpg,n03527444
n0352744400000558.jpg,n03527444
n0352744400000560.jpg,n03527444
n0352744400000562.jpg,n03527444
n0352744400000563.jpg,n03527444
n0352744400000565.jpg,n03527444
n0352744400000571.jpg,n03527444
n0352744400000573.jpg,n03527444
n0352744400000574.jpg,n03527444
n0352744400000579.jpg,n03527444
n0352744400000580.jpg,n03527444
n0352744400000582.jpg,n03527444
n0352744400000583.jpg,n03527444
n0352744400000585.jpg,n03527444
n0352744400000587.jpg,n03527444
n0352744400000592.jpg,n03527444
n0352744400000593.jpg,n03527444
n0352744400000594.jpg,n03527444
n0352744400000599.jpg,n03527444
n0352744400000601.jpg,n03527444
n0352744400000602.jpg,n03527444
n0352744400000606.jpg,n03527444
n0352744400000607.jpg,n03527444
n0352744400000608.jpg,n03527444
n0352744400000610.jpg,n03527444
n0352744400000611.jpg,n03527444
n0352744400000613.jpg,n03527444
n0352744400000614.jpg,n03527444
n0352744400000615.jpg,n03527444
n0352744400000619.jpg,n03527444
n0352744400000620.jpg,n03527444
n0352744400000624.jpg,n03527444
n0352744400000627.jpg,n03527444
n0352744400000629.jpg,n03527444
n0352744400000631.jpg,n03527444
n0352744400000633.jpg,n03527444
n0352744400000634.jpg,n03527444
n0352744400000636.jpg,n03527444
n0352744400000637.jpg,n03527444
n0352744400000638.jpg,n03527444
n0352744400000639.jpg,n03527444
n0352744400000640.jpg,n03527444
n0352744400000643.jpg,n03527444
n0352744400000645.jpg,n03527444
n0352744400000647.jpg,n03527444
n0352744400000648.jpg,n03527444
n0352744400000649.jpg,n03527444
n0352744400000651.jpg,n03527444
n0352744400000653.jpg,n03527444
n0352744400000654.jpg,n03527444
n0352744400000657.jpg,n03527444
n0352744400000658.jpg,n03527444
n0352744400000659.jpg,n03527444
n0352744400000661.jpg,n03527444
n0352744400000663.jpg,n03527444
n0352744400000665.jpg,n03527444
n0352744400000666.jpg,n03527444
n0352744400000667.jpg,n03527444
n0352744400000669.jpg,n03527444
n0352744400000670.jpg,n03527444
n0352744400000671.jpg,n03527444
n0352744400000673.jpg,n03527444
n0352744400000677.jpg,n03527444
n0352744400000678.jpg,n03527444
n0352744400000680.jpg,n03527444
n0352744400000681.jpg,n03527444
n0352744400000684.jpg,n03527444
n0352744400000688.jpg,n03527444
n0352744400000689.jpg,n03527444
n0352744400000690.jpg,n03527444
n0352744400000691.jpg,n03527444
n0352744400000692.jpg,n03527444
n0352744400000694.jpg,n03527444
n0352744400000695.jpg,n03527444
n0352744400000699.jpg,n03527444
n0352744400000702.jpg,n03527444
n0352744400000706.jpg,n03527444
n0352744400000714.jpg,n03527444
n0352744400000715.jpg,n03527444
n0352744400000716.jpg,n03527444
n0352744400000718.jpg,n03527444
n0352744400000720.jpg,n03527444
n0352744400000723.jpg,n03527444
n0352744400000724.jpg,n03527444
n0352744400000729.jpg,n03527444
n0352744400000730.jpg,n03527444
n0352744400000732.jpg,n03527444
n0352744400000733.jpg,n03527444
n0352744400000737.jpg,n03527444
n0352744400000738.jpg,n03527444
n0352744400000741.jpg,n03527444
n0352744400000742.jpg,n03527444
n0352744400000744.jpg,n03527444
n0352744400000747.jpg,n03527444
n0352744400000749.jpg,n03527444
n0352744400000750.jpg,n03527444
n0352744400000751.jpg,n03527444
n0352744400000753.jpg,n03527444
n0352744400000754.jpg,n03527444
n0352744400000755.jpg,n03527444
n0352744400000757.jpg,n03527444
n0352744400000761.jpg,n03527444
n0352744400000764.jpg,n03527444
n0352744400000765.jpg,n03527444
n0352744400000766.jpg,n03527444
n0352744400000770.jpg,n03527444
n0352744400000771.jpg,n03527444
n0352744400000773.jpg,n03527444
n0352744400000774.jpg,n03527444
n0352744400000775.jpg,n03527444
n0352744400000776.jpg,n03527444
n0352744400000778.jpg,n03527444
n0352744400000783.jpg,n03527444
n0352744400000785.jpg,n03527444
n0352744400000786.jpg,n03527444
n0352744400000788.jpg,n03527444
n0352744400000792.jpg,n03527444
n0352744400000793.jpg,n03527444
n0352744400000794.jpg,n03527444
n0352744400000795.jpg,n03527444
n0352744400000796.jpg,n03527444
n0352744400000798.jpg,n03527444
n0352744400000800.jpg,n03527444
n0352744400000801.jpg,n03527444
n0352744400000803.jpg,n03527444
n0352744400000805.jpg,n03527444
n0352744400000806.jpg,n03527444
n0352744400000808.jpg,n03527444
n0352744400000810.jpg,n03527444
n0352744400000814.jpg,n03527444
n0352744400000816.jpg,n03527444
n0352744400000818.jpg,n03527444
n0352744400000821.jpg,n03527444
n0352744400000822.jpg,n03527444
n0352744400000833.jpg,n03527444
n0352744400000834.jpg,n03527444
n0352744400000835.jpg,n03527444
n0352744400000838.jpg,n03527444
n0352744400000839.jpg,n03527444
n0352744400000840.jpg,n03527444
n0352744400000841.jpg,n03527444
n0352744400000842.jpg,n03527444
n0352744400000844.jpg,n03527444
n0352744400000847.jpg,n03527444
n0352744400000849.jpg,n03527444
n0352744400000855.jpg,n03527444
n0352744400000856.jpg,n03527444
n0352744400000860.jpg,n03527444
n0352744400000861.jpg,n03527444
n0352744400000862.jpg,n03527444
n0352744400000863.jpg,n03527444
n0352744400000864.jpg,n03527444
n0352744400000867.jpg,n03527444
n0352744400000868.jpg,n03527444
n0352744400000869.jpg,n03527444
n0352744400000870.jpg,n03527444
n0352744400000872.jpg,n03527444
n0352744400000873.jpg,n03527444
n0352744400000874.jpg,n03527444
n0352744400000880.jpg,n03527444
n0352744400000884.jpg,n03527444
n0352744400000885.jpg,n03527444
n0352744400000886.jpg,n03527444
n0352744400000887.jpg,n03527444
n0352744400000893.jpg,n03527444
n0352744400000894.jpg,n03527444
n0352744400000896.jpg,n03527444
n0352744400000897.jpg,n03527444
n0352744400000898.jpg,n03527444
n0352744400000899.jpg,n03527444
n0352744400000900.jpg,n03527444
n0352744400000901.jpg,n03527444
n0352744400000904.jpg,n03527444
n0352744400000907.jpg,n03527444
n0352744400000910.jpg,n03527444
n0352744400000913.jpg,n03527444
n0352744400000914.jpg,n03527444
n0352744400000917.jpg,n03527444
n0352744400000920.jpg,n03527444
n0352744400000921.jpg,n03527444
n0352744400000922.jpg,n03527444
n0352744400000927.jpg,n03527444
n0352744400000928.jpg,n03527444
n0352744400000930.jpg,n03527444
n0352744400000935.jpg,n03527444
n0352744400000937.jpg,n03527444
n0352744400000940.jpg,n03527444
n0352744400000941.jpg,n03527444
n0352744400000947.jpg,n03527444
n0352744400000954.jpg,n03527444
n0352744400000955.jpg,n03527444
n0352744400000956.jpg,n03527444
n0352744400000958.jpg,n03527444
n0352744400000961.jpg,n03527444
n0352744400000967.jpg,n03527444
n0352744400000968.jpg,n03527444
n0352744400000974.jpg,n03527444
n0352744400000978.jpg,n03527444
n0352744400000983.jpg,n03527444
n0352744400000987.jpg,n03527444
n0352744400000989.jpg,n03527444
n0352744400000990.jpg,n03527444
n0352744400000991.jpg,n03527444
n0352744400000993.jpg,n03527444
n0352744400000996.jpg,n03527444
n0352744400000998.jpg,n03527444
n0352744400001000.jpg,n03527444
n0352744400001002.jpg,n03527444
n0352744400001007.jpg,n03527444
n0352744400001009.jpg,n03527444
n0352744400001010.jpg,n03527444
n0352744400001012.jpg,n03527444
n0352744400001013.jpg,n03527444
n0352744400001014.jpg,n03527444
n0352744400001018.jpg,n03527444
n0352744400001021.jpg,n03527444
n0352744400001022.jpg,n03527444
n0352744400001023.jpg,n03527444
n0352744400001024.jpg,n03527444
n0352744400001028.jpg,n03527444
n0352744400001032.jpg,n03527444
n0352744400001034.jpg,n03527444
n0352744400001037.jpg,n03527444
n0352744400001040.jpg,n03527444
n0352744400001041.jpg,n03527444
n0352744400001042.jpg,n03527444
n0352744400001044.jpg,n03527444
n0352744400001048.jpg,n03527444
n0352744400001051.jpg,n03527444
n0352744400001053.jpg,n03527444
n0352744400001055.jpg,n03527444
n0352744400001057.jpg,n03527444
n0352744400001063.jpg,n03527444
n0352744400001066.jpg,n03527444
n0352744400001067.jpg,n03527444
n0352744400001068.jpg,n03527444
n0352744400001069.jpg,n03527444
n0352744400001071.jpg,n03527444
n0352744400001074.jpg,n03527444
n0352744400001075.jpg,n03527444
n0352744400001076.jpg,n03527444
n0352744400001077.jpg,n03527444
n0352744400001078.jpg,n03527444
n0352744400001080.jpg,n03527444
n0352744400001082.jpg,n03527444
n0352744400001084.jpg,n03527444
n0352744400001086.jpg,n03527444
n0352744400001087.jpg,n03527444
n0352744400001089.jpg,n03527444
n0352744400001090.jpg,n03527444
n0352744400001092.jpg,n03527444
n0352744400001093.jpg,n03527444
n0352744400001094.jpg,n03527444
n0352744400001095.jpg,n03527444
n0352744400001096.jpg,n03527444
n0352744400001097.jpg,n03527444
n0352744400001102.jpg,n03527444
n0352744400001104.jpg,n03527444
n0352744400001109.jpg,n03527444
n0352744400001111.jpg,n03527444
n0352744400001113.jpg,n03527444
n0352744400001114.jpg,n03527444
n0352744400001115.jpg,n03527444
n0352744400001116.jpg,n03527444
n0352744400001117.jpg,n03527444
n0352744400001118.jpg,n03527444
n0352744400001122.jpg,n03527444
n0352744400001123.jpg,n03527444
n0352744400001125.jpg,n03527444
n0352744400001126.jpg,n03527444
n0352744400001128.jpg,n03527444
n0352744400001129.jpg,n03527444
n0352744400001131.jpg,n03527444
n0352744400001132.jpg,n03527444
n0352744400001138.jpg,n03527444
n0352744400001141.jpg,n03527444
n0352744400001142.jpg,n03527444
n0352744400001145.jpg,n03527444
n0352744400001147.jpg,n03527444
n0352744400001149.jpg,n03527444
n0352744400001151.jpg,n03527444
n0352744400001154.jpg,n03527444
n0352744400001156.jpg,n03527444
n0352744400001159.jpg,n03527444
n0352744400001161.jpg,n03527444
n0352744400001163.jpg,n03527444
n0352744400001164.jpg,n03527444
n0352744400001165.jpg,n03527444
n0352744400001166.jpg,n03527444
n0352744400001167.jpg,n03527444
n0352744400001172.jpg,n03527444
n0352744400001173.jpg,n03527444
n0352744400001174.jpg,n03527444
n0352744400001175.jpg,n03527444
n0352744400001177.jpg,n03527444
n0352744400001179.jpg,n03527444
n0352744400001180.jpg,n03527444
n0352744400001182.jpg,n03527444
n0352744400001183.jpg,n03527444
n0352744400001186.jpg,n03527444
n0352744400001192.jpg,n03527444
n0352744400001193.jpg,n03527444
n0352744400001194.jpg,n03527444
n0352744400001195.jpg,n03527444
n0352744400001196.jpg,n03527444
n0352744400001197.jpg,n03527444
n0352744400001199.jpg,n03527444
n0352744400001201.jpg,n03527444
n0352744400001204.jpg,n03527444
n0352744400001206.jpg,n03527444
n0352744400001208.jpg,n03527444
n0352744400001209.jpg,n03527444
n0352744400001211.jpg,n03527444
n0352744400001212.jpg,n03527444
n0352744400001214.jpg,n03527444
n0352744400001216.jpg,n03527444
n0352744400001218.jpg,n03527444
n0352744400001222.jpg,n03527444
n0352744400001225.jpg,n03527444
n0352744400001226.jpg,n03527444
n0352744400001227.jpg,n03527444
n0352744400001228.jpg,n03527444
n0352744400001229.jpg,n03527444
n0352744400001232.jpg,n03527444
n0352744400001234.jpg,n03527444
n0352744400001235.jpg,n03527444
n0352744400001237.jpg,n03527444
n0352744400001240.jpg,n03527444
n0352744400001242.jpg,n03527444
n0352744400001243.jpg,n03527444
n0352744400001248.jpg,n03527444
n0352744400001252.jpg,n03527444
n0352744400001253.jpg,n03527444
n0352744400001259.jpg,n03527444
n0352744400001260.jpg,n03527444
n0352744400001263.jpg,n03527444
n0352744400001265.jpg,n03527444
n0352744400001271.jpg,n03527444
n0352744400001275.jpg,n03527444
n0352744400001280.jpg,n03527444
n0352744400001283.jpg,n03527444
n0352744400001284.jpg,n03527444
n0352744400001287.jpg,n03527444
n0352744400001294.jpg,n03527444
n0352744400001295.jpg,n03527444
n0347668400000006.jpg,n03476684
n0347668400000007.jpg,n03476684
n0347668400000008.jpg,n03476684
n0347668400000016.jpg,n03476684
n0347668400000018.jpg,n03476684
n0347668400000019.jpg,n03476684
n0347668400000021.jpg,n03476684
n0347668400000025.jpg,n03476684
n0347668400000026.jpg,n03476684
n0347668400000029.jpg,n03476684
n0347668400000030.jpg,n03476684
n0347668400000032.jpg,n03476684
n0347668400000036.jpg,n03476684
n0347668400000037.jpg,n03476684
n0347668400000039.jpg,n03476684
n0347668400000042.jpg,n03476684
n0347668400000043.jpg,n03476684
n0347668400000044.jpg,n03476684
n0347668400000053.jpg,n03476684
n0347668400000054.jpg,n03476684
n0347668400000061.jpg,n03476684
n0347668400000063.jpg,n03476684
n0347668400000065.jpg,n03476684
n0347668400000067.jpg,n03476684
n0347668400000068.jpg,n03476684
n0347668400000071.jpg,n03476684
n0347668400000072.jpg,n03476684
n0347668400000073.jpg,n03476684
n0347668400000077.jpg,n03476684
n0347668400000078.jpg,n03476684
n0347668400000080.jpg,n03476684
n0347668400000081.jpg,n03476684
n0347668400000083.jpg,n03476684
n0347668400000084.jpg,n03476684
n0347668400000085.jpg,n03476684
n0347668400000086.jpg,n03476684
n0347668400000087.jpg,n03476684
n0347668400000088.jpg,n03476684
n0347668400000090.jpg,n03476684
n0347668400000092.jpg,n03476684
n0347668400000096.jpg,n03476684
n0347668400000100.jpg,n03476684
n0347668400000101.jpg,n03476684
n0347668400000102.jpg,n03476684
n0347668400000106.jpg,n03476684
n0347668400000108.jpg,n03476684
n0347668400000110.jpg,n03476684
n0347668400000112.jpg,n03476684
n0347668400000114.jpg,n03476684
n0347668400000119.jpg,n03476684
n0347668400000121.jpg,n03476684
n0347668400000122.jpg,n03476684
n0347668400000125.jpg,n03476684
n0347668400000127.jpg,n03476684
n0347668400000129.jpg,n03476684
n0347668400000133.jpg,n03476684
n0347668400000135.jpg,n03476684
n0347668400000144.jpg,n03476684
n0347668400000147.jpg,n03476684
n0347668400000149.jpg,n03476684
n0347668400000151.jpg,n03476684
n0347668400000152.jpg,n03476684
n0347668400000153.jpg,n03476684
n0347668400000154.jpg,n03476684
n0347668400000156.jpg,n03476684
n0347668400000157.jpg,n03476684
n0347668400000158.jpg,n03476684
n0347668400000160.jpg,n03476684
n0347668400000162.jpg,n03476684
n0347668400000163.jpg,n03476684
n0347668400000165.jpg,n03476684
n0347668400000166.jpg,n03476684
n0347668400000168.jpg,n03476684
n0347668400000171.jpg,n03476684
n0347668400000174.jpg,n03476684
n0347668400000176.jpg,n03476684
n0347668400000177.jpg,n03476684
n0347668400000178.jpg,n03476684
n0347668400000180.jpg,n03476684
n0347668400000181.jpg,n03476684
n0347668400000182.jpg,n03476684
n0347668400000185.jpg,n03476684
n0347668400000190.jpg,n03476684
n0347668400000191.jpg,n03476684
n0347668400000195.jpg,n03476684
n0347668400000197.jpg,n03476684
n0347668400000199.jpg,n03476684
n0347668400000200.jpg,n03476684
n0347668400000201.jpg,n03476684
n0347668400000202.jpg,n03476684
n0347668400000203.jpg,n03476684
n0347668400000206.jpg,n03476684
n0347668400000207.jpg,n03476684
n0347668400000212.jpg,n03476684
n0347668400000213.jpg,n03476684
n0347668400000216.jpg,n03476684
n0347668400000220.jpg,n03476684
n0347668400000221.jpg,n03476684
n0347668400000224.jpg,n03476684
n0347668400000230.jpg,n03476684
n0347668400000231.jpg,n03476684
n0347668400000232.jpg,n03476684
n0347668400000233.jpg,n03476684
n0347668400000234.jpg,n03476684
n0347668400000235.jpg,n03476684
n0347668400000237.jpg,n03476684
n0347668400000238.jpg,n03476684
n0347668400000241.jpg,n03476684
n0347668400000242.jpg,n03476684
n0347668400000243.jpg,n03476684
n0347668400000245.jpg,n03476684
n0347668400000248.jpg,n03476684
n0347668400000252.jpg,n03476684
n0347668400000253.jpg,n03476684
n0347668400000254.jpg,n03476684
n0347668400000257.jpg,n03476684
n0347668400000258.jpg,n03476684
n0347668400000262.jpg,n03476684
n0347668400000265.jpg,n03476684
n0347668400000268.jpg,n03476684
n0347668400000269.jpg,n03476684
n0347668400000272.jpg,n03476684
n0347668400000273.jpg,n03476684
n0347668400000274.jpg,n03476684
n0347668400000277.jpg,n03476684
n0347668400000279.jpg,n03476684
n0347668400000280.jpg,n03476684
n0347668400000281.jpg,n03476684
n0347668400000282.jpg,n03476684
n0347668400000286.jpg,n03476684
n0347668400000287.jpg,n03476684
n0347668400000292.jpg,n03476684
n0347668400000293.jpg,n03476684
n0347668400000294.jpg,n03476684
n0347668400000296.jpg,n03476684
n0347668400000298.jpg,n03476684
n0347668400000299.jpg,n03476684
n0347668400000301.jpg,n03476684
n0347668400000302.jpg,n03476684
n0347668400000303.jpg,n03476684
n0347668400000305.jpg,n03476684
n0347668400000307.jpg,n03476684
n0347668400000310.jpg,n03476684
n0347668400000315.jpg,n03476684
n0347668400000317.jpg,n03476684
n0347668400000318.jpg,n03476684
n0347668400000319.jpg,n03476684
n0347668400000320.jpg,n03476684
n0347668400000322.jpg,n03476684
n0347668400000324.jpg,n03476684
n0347668400000326.jpg,n03476684
n0347668400000327.jpg,n03476684
n0347668400000329.jpg,n03476684
n0347668400000330.jpg,n03476684
n0347668400000331.jpg,n03476684
n0347668400000332.jpg,n03476684
n0347668400000334.jpg,n03476684
n0347668400000340.jpg,n03476684
n0347668400000343.jpg,n03476684
n0347668400000344.jpg,n03476684
n0347668400000345.jpg,n03476684
n0347668400000346.jpg,n03476684
n0347668400000348.jpg,n03476684
n0347668400000349.jpg,n03476684
n0347668400000351.jpg,n03476684
n0347668400000353.jpg,n03476684
n0347668400000354.jpg,n03476684
n0347668400000355.jpg,n03476684
n0347668400000356.jpg,n03476684
n0347668400000357.jpg,n03476684
n0347668400000359.jpg,n03476684
n0347668400000360.jpg,n03476684
n0347668400000361.jpg,n03476684
n0347668400000363.jpg,n03476684
n0347668400000365.jpg,n03476684
n0347668400000367.jpg,n03476684
n0347668400000369.jpg,n03476684
n0347668400000370.jpg,n03476684
n0347668400000371.jpg,n03476684
n0347668400000372.jpg,n03476684
n0347668400000376.jpg,n03476684
n0347668400000377.jpg,n03476684
n0347668400000378.jpg,n03476684
n0347668400000379.jpg,n03476684
n0347668400000380.jpg,n03476684
n0347668400000381.jpg,n03476684
n0347668400000383.jpg,n03476684
n0347668400000384.jpg,n03476684
n0347668400000387.jpg,n03476684
n0347668400000389.jpg,n03476684
n0347668400000392.jpg,n03476684
n0347668400000394.jpg,n03476684
n0347668400000396.jpg,n03476684
n0347668400000397.jpg,n03476684
n0347668400000398.jpg,n03476684
n0347668400000399.jpg,n03476684
n0347668400000400.jpg,n03476684
n0347668400000405.jpg,n03476684
n0347668400000406.jpg,n03476684
n0347668400000409.jpg,n03476684
n0347668400000412.jpg,n03476684
n0347668400000419.jpg,n03476684
n0347668400000420.jpg,n03476684
n0347668400000423.jpg,n03476684
n0347668400000424.jpg,n03476684
n0347668400000425.jpg,n03476684
n0347668400000427.jpg,n03476684
n0347668400000428.jpg,n03476684
n0347668400000431.jpg,n03476684
n0347668400000432.jpg,n03476684
n0347668400000433.jpg,n03476684
n0347668400000435.jpg,n03476684
n0347668400000436.jpg,n03476684
n0347668400000437.jpg,n03476684
n0347668400000438.jpg,n03476684
n0347668400000439.jpg,n03476684
n0347668400000441.jpg,n03476684
n0347668400000442.jpg,n03476684
n0347668400000444.jpg,n03476684
n0347668400000446.jpg,n03476684
n0347668400000447.jpg,n03476684
n0347668400000449.jpg,n03476684
n0347668400000452.jpg,n03476684
n0347668400000463.jpg,n03476684
n0347668400000470.jpg,n03476684
n0347668400000472.jpg,n03476684
n0347668400000474.jpg,n03476684
n0347668400000475.jpg,n03476684
n0347668400000477.jpg,n03476684
n0347668400000482.jpg,n03476684
n0347668400000485.jpg,n03476684
n0347668400000488.jpg,n03476684
n0347668400000489.jpg,n03476684
n0347668400000491.jpg,n03476684
n0347668400000493.jpg,n03476684
n0347668400000494.jpg,n03476684
n0347668400000495.jpg,n03476684
n0347668400000498.jpg,n03476684
n0347668400000499.jpg,n03476684
n0347668400000501.jpg,n03476684
n0347668400000504.jpg,n03476684
n0347668400000508.jpg,n03476684
n0347668400000510.jpg,n03476684
n0347668400000511.jpg,n03476684
n0347668400000512.jpg,n03476684
n0347668400000513.jpg,n03476684
n0347668400000515.jpg,n03476684
n0347668400000517.jpg,n03476684
n0347668400000518.jpg,n03476684
n0347668400000519.jpg,n03476684
n0347668400000520.jpg,n03476684
n0347668400000522.jpg,n03476684
n0347668400000523.jpg,n03476684
n0347668400000524.jpg,n03476684
n0347668400000525.jpg,n03476684
n0347668400000528.jpg,n03476684
n0347668400000529.jpg,n03476684
n0347668400000533.jpg,n03476684
n0347668400000536.jpg,n03476684
n0347668400000537.jpg,n03476684
n0347668400000539.jpg,n03476684
n0347668400000540.jpg,n03476684
n0347668400000542.jpg,n03476684
n0347668400000544.jpg,n03476684
n0347668400000545.jpg,n03476684
n0347668400000546.jpg,n03476684
n0347668400000547.jpg,n03476684
n0347668400000548.jpg,n03476684
n0347668400000550.jpg,n03476684
n0347668400000552.jpg,n03476684
n0347668400000553.jpg,n03476684
n0347668400000554.jpg,n03476684
n0347668400000555.jpg,n03476684
n0347668400000556.jpg,n03476684
n0347668400000557.jpg,n03476684
n0347668400000559.jpg,n03476684
n0347668400000560.jpg,n03476684
n0347668400000565.jpg,n03476684
n0347668400000566.jpg,n03476684
n0347668400000567.jpg,n03476684
n0347668400000569.jpg,n03476684
n0347668400000574.jpg,n03476684
n0347668400000577.jpg,n03476684
n0347668400000579.jpg,n03476684
n0347668400000582.jpg,n03476684
n0347668400000583.jpg,n03476684
n0347668400000585.jpg,n03476684
n0347668400000587.jpg,n03476684
n0347668400000588.jpg,n03476684
n0347668400000589.jpg,n03476684
n0347668400000593.jpg,n03476684
n0347668400000594.jpg,n03476684
n0347668400000597.jpg,n03476684
n0347668400000602.jpg,n03476684
n0347668400000607.jpg,n03476684
n0347668400000611.jpg,n03476684
n0347668400000613.jpg,n03476684
n0347668400000615.jpg,n03476684
n0347668400000616.jpg,n03476684
n0347668400000620.jpg,n03476684
n0347668400000621.jpg,n03476684
n0347668400000624.jpg,n03476684
n0347668400000625.jpg,n03476684
n0347668400000626.jpg,n03476684
n0347668400000632.jpg,n03476684
n0347668400000634.jpg,n03476684
n0347668400000637.jpg,n03476684
n0347668400000640.jpg,n03476684
n0347668400000642.jpg,n03476684
n0347668400000644.jpg,n03476684
n0347668400000645.jpg,n03476684
n0347668400000646.jpg,n03476684
n0347668400000648.jpg,n03476684
n0347668400000649.jpg,n03476684
n0347668400000651.jpg,n03476684
n0347668400000652.jpg,n03476684
n0347668400000653.jpg,n03476684
n0347668400000656.jpg,n03476684
n0347668400000657.jpg,n03476684
n0347668400000660.jpg,n03476684
n0347668400000661.jpg,n03476684
n0347668400000664.jpg,n03476684
n0347668400000666.jpg,n03476684
n0347668400000667.jpg,n03476684
n0347668400000671.jpg,n03476684
n0347668400000672.jpg,n03476684
n0347668400000673.jpg,n03476684
n0347668400000674.jpg,n03476684
n0347668400000675.jpg,n03476684
n0347668400000678.jpg,n03476684
n0347668400000680.jpg,n03476684
n0347668400000681.jpg,n03476684
n0347668400000687.jpg,n03476684
n0347668400000693.jpg,n03476684
n0347668400000695.jpg,n03476684
n0347668400000697.jpg,n03476684
n0347668400000698.jpg,n03476684
n0347668400000699.jpg,n03476684
n0347668400000700.jpg,n03476684
n0347668400000701.jpg,n03476684
n0347668400000702.jpg,n03476684
n0347668400000705.jpg,n03476684
n0347668400000707.jpg,n03476684
n0347668400000708.jpg,n03476684
n0347668400000720.jpg,n03476684
n0347668400000721.jpg,n03476684
n0347668400000723.jpg,n03476684
n0347668400000724.jpg,n03476684
n0347668400000727.jpg,n03476684
n0347668400000732.jpg,n03476684
n0347668400000733.jpg,n03476684
n0347668400000735.jpg,n03476684
n0347668400000747.jpg,n03476684
n0347668400000750.jpg,n03476684
n0347668400000752.jpg,n03476684
n0347668400000753.jpg,n03476684
n0347668400000755.jpg,n03476684
n0347668400000756.jpg,n03476684
n0347668400000758.jpg,n03476684
n0347668400000759.jpg,n03476684
n0347668400000763.jpg,n03476684
n0347668400000769.jpg,n03476684
n0347668400000770.jpg,n03476684
n0347668400000772.jpg,n03476684
n0347668400000775.jpg,n03476684
n0347668400000776.jpg,n03476684
n0347668400000780.jpg,n03476684
n0347668400000782.jpg,n03476684
n0347668400000784.jpg,n03476684
n0347668400000785.jpg,n03476684
n0347668400000790.jpg,n03476684
n0347668400000791.jpg,n03476684
n0347668400000793.jpg,n03476684
n0347668400000796.jpg,n03476684
n0347668400000797.jpg,n03476684
n0347668400000798.jpg,n03476684
n0347668400000800.jpg,n03476684
n0347668400000801.jpg,n03476684
n0347668400000803.jpg,n03476684
n0347668400000804.jpg,n03476684
n0347668400000805.jpg,n03476684
n0347668400000807.jpg,n03476684
n0347668400000808.jpg,n03476684
n0347668400000811.jpg,n03476684
n0347668400000814.jpg,n03476684
n0347668400000818.jpg,n03476684
n0347668400000820.jpg,n03476684
n0347668400000821.jpg,n03476684
n0347668400000823.jpg,n03476684
n0347668400000824.jpg,n03476684
n0347668400000825.jpg,n03476684
n0347668400000828.jpg,n03476684
n0347668400000829.jpg,n03476684
n0347668400000830.jpg,n03476684
n0347668400000831.jpg,n03476684
n0347668400000833.jpg,n03476684
n0347668400000834.jpg,n03476684
n0347668400000837.jpg,n03476684
n0347668400000839.jpg,n03476684
n0347668400000840.jpg,n03476684
n0347668400000841.jpg,n03476684
n0347668400000843.jpg,n03476684
n0347668400000846.jpg,n03476684
n0347668400000848.jpg,n03476684
n0347668400000850.jpg,n03476684
n0347668400000855.jpg,n03476684
n0347668400000856.jpg,n03476684
n0347668400000857.jpg,n03476684
n0347668400000858.jpg,n03476684
n0347668400000859.jpg,n03476684
n0347668400000860.jpg,n03476684
n0347668400000862.jpg,n03476684
n0347668400000863.jpg,n03476684
n0347668400000864.jpg,n03476684
n0347668400000866.jpg,n03476684
n0347668400000867.jpg,n03476684
n0347668400000872.jpg,n03476684
n0347668400000879.jpg,n03476684
n0347668400000881.jpg,n03476684
n0347668400000882.jpg,n03476684
n0347668400000883.jpg,n03476684
n0347668400000884.jpg,n03476684
n0347668400000889.jpg,n03476684
n0347668400000890.jpg,n03476684
n0347668400000891.jpg,n03476684
n0347668400000892.jpg,n03476684
n0347668400000893.jpg,n03476684
n0347668400000898.jpg,n03476684
n0347668400000899.jpg,n03476684
n0347668400000900.jpg,n03476684
n0347668400000901.jpg,n03476684
n0347668400000905.jpg,n03476684
n0347668400000906.jpg,n03476684
n0347668400000909.jpg,n03476684
n0347668400000911.jpg,n03476684
n0347668400000912.jpg,n03476684
n0347668400000916.jpg,n03476684
n0347668400000917.jpg,n03476684
n0347668400000920.jpg,n03476684
n0347668400000922.jpg,n03476684
n0347668400000923.jpg,n03476684
n0347668400000933.jpg,n03476684
n0347668400000937.jpg,n03476684
n0347668400000944.jpg,n03476684
n0347668400000946.jpg,n03476684
n0347668400000947.jpg,n03476684
n0347668400000948.jpg,n03476684
n0347668400000949.jpg,n03476684
n0347668400000950.jpg,n03476684
n0347668400000955.jpg,n03476684
n0347668400000957.jpg,n03476684
n0347668400000958.jpg,n03476684
n0347668400000960.jpg,n03476684
n0347668400000969.jpg,n03476684
n0347668400000976.jpg,n03476684
n0347668400000979.jpg,n03476684
n0347668400000981.jpg,n03476684
n0347668400000985.jpg,n03476684
n0347668400000986.jpg,n03476684
n0347668400000988.jpg,n03476684
n0347668400000989.jpg,n03476684
n0347668400000998.jpg,n03476684
n0347668400001000.jpg,n03476684
n0347668400001002.jpg,n03476684
n0347668400001004.jpg,n03476684
n0347668400001005.jpg,n03476684
n0347668400001006.jpg,n03476684
n0347668400001007.jpg,n03476684
n0347668400001011.jpg,n03476684
n0347668400001013.jpg,n03476684
n0347668400001017.jpg,n03476684
n0347668400001018.jpg,n03476684
n0347668400001019.jpg,n03476684
n0347668400001022.jpg,n03476684
n0347668400001023.jpg,n03476684
n0347668400001028.jpg,n03476684
n0347668400001032.jpg,n03476684
n0347668400001035.jpg,n03476684
n0347668400001036.jpg,n03476684
n0347668400001037.jpg,n03476684
n0347668400001041.jpg,n03476684
n0347668400001048.jpg,n03476684
n0347668400001049.jpg,n03476684
n0347668400001050.jpg,n03476684
n0347668400001051.jpg,n03476684
n0347668400001052.jpg,n03476684
n0347668400001054.jpg,n03476684
n0347668400001055.jpg,n03476684
n0347668400001056.jpg,n03476684
n0347668400001062.jpg,n03476684
n0347668400001065.jpg,n03476684
n0347668400001066.jpg,n03476684
n0347668400001067.jpg,n03476684
n0347668400001068.jpg,n03476684
n0347668400001070.jpg,n03476684
n0347668400001071.jpg,n03476684
n0347668400001073.jpg,n03476684
n0347668400001077.jpg,n03476684
n0347668400001078.jpg,n03476684
n0347668400001080.jpg,n03476684
n0347668400001081.jpg,n03476684
n0347668400001084.jpg,n03476684
n0347668400001093.jpg,n03476684
n0347668400001096.jpg,n03476684
n0347668400001104.jpg,n03476684
n0347668400001106.jpg,n03476684
n0347668400001107.jpg,n03476684
n0347668400001108.jpg,n03476684
n0347668400001109.jpg,n03476684
n0347668400001112.jpg,n03476684
n0347668400001113.jpg,n03476684
n0347668400001117.jpg,n03476684
n0347668400001118.jpg,n03476684
n0347668400001119.jpg,n03476684
n0347668400001121.jpg,n03476684
n0347668400001123.jpg,n03476684
n0347668400001127.jpg,n03476684
n0347668400001128.jpg,n03476684
n0347668400001129.jpg,n03476684
n0347668400001132.jpg,n03476684
n0347668400001134.jpg,n03476684
n0347668400001135.jpg,n03476684
n0347668400001136.jpg,n03476684
n0347668400001137.jpg,n03476684
n0347668400001139.jpg,n03476684
n0347668400001141.jpg,n03476684
n0347668400001142.jpg,n03476684
n0347668400001143.jpg,n03476684
n0347668400001145.jpg,n03476684
n0347668400001146.jpg,n03476684
n0347668400001148.jpg,n03476684
n0347668400001150.jpg,n03476684
n0347668400001153.jpg,n03476684
n0347668400001155.jpg,n03476684
n0347668400001157.jpg,n03476684
n0347668400001158.jpg,n03476684
n0347668400001159.jpg,n03476684
n0347668400001160.jpg,n03476684
n0347668400001163.jpg,n03476684
n0347668400001165.jpg,n03476684
n0347668400001167.jpg,n03476684
n0347668400001169.jpg,n03476684
n0347668400001170.jpg,n03476684
n0347668400001172.jpg,n03476684
n0347668400001173.jpg,n03476684
n0347668400001174.jpg,n03476684
n0347668400001180.jpg,n03476684
n0347668400001181.jpg,n03476684
n0347668400001182.jpg,n03476684
n0347668400001183.jpg,n03476684
n0347668400001189.jpg,n03476684
n0347668400001191.jpg,n03476684
n0347668400001193.jpg,n03476684
n0347668400001194.jpg,n03476684
n0347668400001196.jpg,n03476684
n0347668400001197.jpg,n03476684
n0347668400001201.jpg,n03476684
n0347668400001202.jpg,n03476684
n0347668400001204.jpg,n03476684
n0347668400001213.jpg,n03476684
n0347668400001216.jpg,n03476684
n0347668400001217.jpg,n03476684
n0347668400001218.jpg,n03476684
n0347668400001220.jpg,n03476684
n0347668400001221.jpg,n03476684
n0347668400001222.jpg,n03476684
n0347668400001224.jpg,n03476684
n0347668400001226.jpg,n03476684
n0347668400001228.jpg,n03476684
n0347668400001230.jpg,n03476684
n0347668400001231.jpg,n03476684
n0347668400001235.jpg,n03476684
n0347668400001236.jpg,n03476684
n0347668400001244.jpg,n03476684
n0347668400001247.jpg,n03476684
n0347668400001249.jpg,n03476684
n0347668400001250.jpg,n03476684
n0347668400001251.jpg,n03476684
n0347668400001252.jpg,n03476684
n0347668400001255.jpg,n03476684
n0347668400001256.jpg,n03476684
n0347668400001257.jpg,n03476684
n0347668400001258.jpg,n03476684
n0347668400001261.jpg,n03476684
n0347668400001264.jpg,n03476684
n0347668400001270.jpg,n03476684
n0347668400001273.jpg,n03476684
n0347668400001274.jpg,n03476684
n0347668400001276.jpg,n03476684
n0347668400001279.jpg,n03476684
n0347668400001280.jpg,n03476684
n0347668400001281.jpg,n03476684
n0347668400001283.jpg,n03476684
n0347668400001286.jpg,n03476684
n0347668400001290.jpg,n03476684
n0347668400001293.jpg,n03476684
n0347668400001294.jpg,n03476684
n0347668400001296.jpg,n03476684
n0347668400001297.jpg,n03476684
n0347668400001298.jpg,n03476684
n0282342800000001.jpg,n02823428
n0282342800000002.jpg,n02823428
n0282342800000004.jpg,n02823428
n0282342800000007.jpg,n02823428
n0282342800000010.jpg,n02823428
n0282342800000012.jpg,n02823428
n0282342800000013.jpg,n02823428
n0282342800000016.jpg,n02823428
n0282342800000019.jpg,n02823428
n0282342800000026.jpg,n02823428
n0282342800000027.jpg,n02823428
n0282342800000029.jpg,n02823428
n0282342800000030.jpg,n02823428
n0282342800000031.jpg,n02823428
n0282342800000032.jpg,n02823428
n0282342800000034.jpg,n02823428
n0282342800000044.jpg,n02823428
n0282342800000045.jpg,n02823428
n0282342800000047.jpg,n02823428
n0282342800000051.jpg,n02823428
n0282342800000052.jpg,n02823428
n0282342800000054.jpg,n02823428
n0282342800000056.jpg,n02823428
n0282342800000057.jpg,n02823428
n0282342800000058.jpg,n02823428
n0282342800000059.jpg,n02823428
n0282342800000061.jpg,n02823428
n0282342800000062.jpg,n02823428
n0282342800000064.jpg,n02823428
n0282342800000065.jpg,n02823428
n0282342800000071.jpg,n02823428
n0282342800000072.jpg,n02823428
n0282342800000073.jpg,n02823428
n0282342800000074.jpg,n02823428
n0282342800000075.jpg,n02823428
n0282342800000077.jpg,n02823428
n0282342800000078.jpg,n02823428
n0282342800000079.jpg,n02823428
n0282342800000080.jpg,n02823428
n0282342800000081.jpg,n02823428
n0282342800000082.jpg,n02823428
n0282342800000083.jpg,n02823428
n0282342800000085.jpg,n02823428
n0282342800000086.jpg,n02823428
n0282342800000087.jpg,n02823428
n0282342800000088.jpg,n02823428
n0282342800000089.jpg,n02823428
n0282342800000091.jpg,n02823428
n0282342800000092.jpg,n02823428
n0282342800000097.jpg,n02823428
n0282342800000098.jpg,n02823428
n0282342800000099.jpg,n02823428
n0282342800000100.jpg,n02823428
n0282342800000107.jpg,n02823428
n0282342800000108.jpg,n02823428
n0282342800000110.jpg,n02823428
n0282342800000111.jpg,n02823428
n0282342800000112.jpg,n02823428
n0282342800000116.jpg,n02823428
n0282342800000118.jpg,n02823428
n0282342800000120.jpg,n02823428
n0282342800000125.jpg,n02823428
n0282342800000127.jpg,n02823428
n0282342800000131.jpg,n02823428
n0282342800000133.jpg,n02823428
n0282342800000135.jpg,n02823428
n0282342800000137.jpg,n02823428
n0282342800000139.jpg,n02823428
n0282342800000140.jpg,n02823428
n0282342800000142.jpg,n02823428
n0282342800000145.jpg,n02823428
n0282342800000146.jpg,n02823428
n0282342800000148.jpg,n02823428
n0282342800000150.jpg,n02823428
n0282342800000153.jpg,n02823428
n0282342800000158.jpg,n02823428
n0282342800000165.jpg,n02823428
n0282342800000168.jpg,n02823428
n0282342800000171.jpg,n02823428
n0282342800000172.jpg,n02823428
n0282342800000173.jpg,n02823428
n0282342800000174.jpg,n02823428
n0282342800000175.jpg,n02823428
n0282342800000179.jpg,n02823428
n0282342800000181.jpg,n02823428
n0282342800000182.jpg,n02823428
n0282342800000183.jpg,n02823428
n0282342800000187.jpg,n02823428
n0282342800000189.jpg,n02823428
n0282342800000190.jpg,n02823428
n0282342800000191.jpg,n02823428
n0282342800000198.jpg,n02823428
n0282342800000199.jpg,n02823428
n0282342800000200.jpg,n02823428
n0282342800000201.jpg,n02823428
n0282342800000202.jpg,n02823428
n0282342800000204.jpg,n02823428
n0282342800000207.jpg,n02823428
n0282342800000210.jpg,n02823428
n0282342800000217.jpg,n02823428
n0282342800000221.jpg,n02823428
n0282342800000222.jpg,n02823428
n0282342800000224.jpg,n02823428
n0282342800000228.jpg,n02823428
n0282342800000230.jpg,n02823428
n0282342800000232.jpg,n02823428
n0282342800000235.jpg,n02823428
n0282342800000236.jpg,n02823428
n0282342800000237.jpg,n02823428
n0282342800000239.jpg,n02823428
n0282342800000240.jpg,n02823428
n0282342800000242.jpg,n02823428
n0282342800000243.jpg,n02823428
n0282342800000244.jpg,n02823428
n0282342800000246.jpg,n02823428
n0282342800000249.jpg,n02823428
n0282342800000250.jpg,n02823428
n0282342800000256.jpg,n02823428
n0282342800000265.jpg,n02823428
n0282342800000267.jpg,n02823428
n0282342800000274.jpg,n02823428
n0282342800000276.jpg,n02823428
n0282342800000278.jpg,n02823428
n0282342800000280.jpg,n02823428
n0282342800000282.jpg,n02823428
n0282342800000283.jpg,n02823428
n0282342800000284.jpg,n02823428
n0282342800000285.jpg,n02823428
n0282342800000287.jpg,n02823428
n0282342800000294.jpg,n02823428
n0282342800000300.jpg,n02823428
n0282342800000307.jpg,n02823428
n0282342800000315.jpg,n02823428
n0282342800000316.jpg,n02823428
n0282342800000320.jpg,n02823428
n0282342800000321.jpg,n02823428
n0282342800000322.jpg,n02823428
n0282342800000324.jpg,n02823428
n0282342800000325.jpg,n02823428
n0282342800000327.jpg,n02823428
n0282342800000329.jpg,n02823428
n0282342800000330.jpg,n02823428
n0282342800000331.jpg,n02823428
n0282342800000332.jpg,n02823428
n0282342800000333.jpg,n02823428
n0282342800000336.jpg,n02823428
n0282342800000338.jpg,n02823428
n0282342800000339.jpg,n02823428
n0282342800000342.jpg,n02823428
n0282342800000344.jpg,n02823428
n0282342800000346.jpg,n02823428
n0282342800000347.jpg,n02823428
n0282342800000351.jpg,n02823428
n0282342800000352.jpg,n02823428
n0282342800000353.jpg,n02823428
n0282342800000354.jpg,n02823428
n0282342800000355.jpg,n02823428
n0282342800000356.jpg,n02823428
n0282342800000357.jpg,n02823428
n0282342800000358.jpg,n02823428
n0282342800000362.jpg,n02823428
n0282342800000365.jpg,n02823428
n0282342800000368.jpg,n02823428
n0282342800000370.jpg,n02823428
n0282342800000371.jpg,n02823428
n0282342800000372.jpg,n02823428
n0282342800000373.jpg,n02823428
n0282342800000374.jpg,n02823428
n0282342800000376.jpg,n02823428
n0282342800000377.jpg,n02823428
n0282342800000378.jpg,n02823428
n0282342800000379.jpg,n02823428
n0282342800000381.jpg,n02823428
n0282342800000389.jpg,n02823428
n0282342800000390.jpg,n02823428
n0282342800000391.jpg,n02823428
n0282342800000393.jpg,n02823428
n0282342800000394.jpg,n02823428
n0282342800000395.jpg,n02823428
n0282342800000396.jpg,n02823428
n0282342800000397.jpg,n02823428
n0282342800000398.jpg,n02823428
n0282342800000399.jpg,n02823428
n0282342800000401.jpg,n02823428
n0282342800000407.jpg,n02823428
n0282342800000412.jpg,n02823428
n0282342800000416.jpg,n02823428
n0282342800000418.jpg,n02823428
n0282342800000420.jpg,n02823428
n0282342800000423.jpg,n02823428
n0282342800000424.jpg,n02823428
n0282342800000428.jpg,n02823428
n0282342800000429.jpg,n02823428
n0282342800000430.jpg,n02823428
n0282342800000431.jpg,n02823428
n0282342800000434.jpg,n02823428
n0282342800000435.jpg,n02823428
n0282342800000436.jpg,n02823428
n0282342800000439.jpg,n02823428
n0282342800000440.jpg,n02823428
n0282342800000451.jpg,n02823428
n0282342800000454.jpg,n02823428
n0282342800000456.jpg,n02823428
n0282342800000462.jpg,n02823428
n0282342800000463.jpg,n02823428
n0282342800000464.jpg,n02823428
n0282342800000469.jpg,n02823428
n0282342800000472.jpg,n02823428
n0282342800000474.jpg,n02823428
n0282342800000476.jpg,n02823428
n0282342800000477.jpg,n02823428
n0282342800000479.jpg,n02823428
n0282342800000483.jpg,n02823428
n0282342800000484.jpg,n02823428
n0282342800000489.jpg,n02823428
n0282342800000491.jpg,n02823428
n0282342800000493.jpg,n02823428
n0282342800000496.jpg,n02823428
n0282342800000497.jpg,n02823428
n0282342800000502.jpg,n02823428
n0282342800000503.jpg,n02823428
n0282342800000506.jpg,n02823428
n0282342800000509.jpg,n02823428
n0282342800000510.jpg,n02823428
n0282342800000511.jpg,n02823428
n0282342800000512.jpg,n02823428
n0282342800000513.jpg,n02823428
n0282342800000514.jpg,n02823428
n0282342800000517.jpg,n02823428
n0282342800000518.jpg,n02823428
n0282342800000520.jpg,n02823428
n0282342800000523.jpg,n02823428
n0282342800000524.jpg,n02823428
n0282342800000525.jpg,n02823428
n0282342800000530.jpg,n02823428
n0282342800000532.jpg,n02823428
n0282342800000533.jpg,n02823428
n0282342800000535.jpg,n02823428
n0282342800000536.jpg,n02823428
n0282342800000537.jpg,n02823428
n0282342800000538.jpg,n02823428
n0282342800000542.jpg,n02823428
n0282342800000544.jpg,n02823428
n0282342800000545.jpg,n02823428
n0282342800000546.jpg,n02823428
n0282342800000547.jpg,n02823428
n0282342800000548.jpg,n02823428
n0282342800000550.jpg,n02823428
n0282342800000551.jpg,n02823428
n0282342800000553.jpg,n02823428
n0282342800000555.jpg,n02823428
n0282342800000556.jpg,n02823428
n0282342800000557.jpg,n02823428
n0282342800000558.jpg,n02823428
n0282342800000560.jpg,n02823428
n0282342800000561.jpg,n02823428
n0282342800000564.jpg,n02823428
n0282342800000570.jpg,n02823428
n0282342800000571.jpg,n02823428
n0282342800000572.jpg,n02823428
n0282342800000574.jpg,n02823428
n0282342800000575.jpg,n02823428
n0282342800000576.jpg,n02823428
n0282342800000584.jpg,n02823428
n0282342800000585.jpg,n02823428
n0282342800000586.jpg,n02823428
n0282342800000587.jpg,n02823428
n0282342800000592.jpg,n02823428
n0282342800000596.jpg,n02823428
n0282342800000597.jpg,n02823428
n0282342800000598.jpg,n02823428
n0282342800000601.jpg,n02823428
n0282342800000605.jpg,n02823428
n0282342800000606.jpg,n02823428
n0282342800000607.jpg,n02823428
n0282342800000608.jpg,n02823428
n0282342800000610.jpg,n02823428
n0282342800000612.jpg,n02823428
n0282342800000614.jpg,n02823428
n0282342800000617.jpg,n02823428
n0282342800000618.jpg,n02823428
n0282342800000620.jpg,n02823428
n0282342800000621.jpg,n02823428
n0282342800000626.jpg,n02823428
n0282342800000627.jpg,n02823428
n0282342800000628.jpg,n02823428
n0282342800000632.jpg,n02823428
n0282342800000633.jpg,n02823428
n0282342800000635.jpg,n02823428
n0282342800000640.jpg,n02823428
n0282342800000642.jpg,n02823428
n0282342800000644.jpg,n02823428
n0282342800000645.jpg,n02823428
n0282342800000646.jpg,n02823428
n0282342800000647.jpg,n02823428
n0282342800000648.jpg,n02823428
n0282342800000649.jpg,n02823428
n0282342800000652.jpg,n02823428
n0282342800000655.jpg,n02823428
n0282342800000659.jpg,n02823428
n0282342800000662.jpg,n02823428
n0282342800000664.jpg,n02823428
n0282342800000665.jpg,n02823428
n0282342800000668.jpg,n02823428
n0282342800000674.jpg,n02823428
n0282342800000678.jpg,n02823428
n0282342800000679.jpg,n02823428
n0282342800000683.jpg,n02823428
n0282342800000686.jpg,n02823428
n0282342800000687.jpg,n02823428
n0282342800000688.jpg,n02823428
n0282342800000689.jpg,n02823428
n0282342800000692.jpg,n02823428
n0282342800000693.jpg,n02823428
n0282342800000695.jpg,n02823428
n0282342800000696.jpg,n02823428
n0282342800000698.jpg,n02823428
n0282342800000699.jpg,n02823428
n0282342800000700.jpg,n02823428
n0282342800000701.jpg,n02823428
n0282342800000702.jpg,n02823428
n0282342800000704.jpg,n02823428
n0282342800000709.jpg,n02823428
n0282342800000710.jpg,n02823428
n0282342800000711.jpg,n02823428
n0282342800000714.jpg,n02823428
n0282342800000716.jpg,n02823428
n0282342800000717.jpg,n02823428
n0282342800000719.jpg,n02823428
n0282342800000722.jpg,n02823428
n0282342800000723.jpg,n02823428
n0282342800000724.jpg,n02823428
n0282342800000729.jpg,n02823428
n0282342800000734.jpg,n02823428
n0282342800000735.jpg,n02823428
n0282342800000736.jpg,n02823428
n0282342800000741.jpg,n02823428
n0282342800000742.jpg,n02823428
n0282342800000744.jpg,n02823428
n0282342800000746.jpg,n02823428
n0282342800000747.jpg,n02823428
n0282342800000749.jpg,n02823428
n0282342800000750.jpg,n02823428
n0282342800000752.jpg,n02823428
n0282342800000753.jpg,n02823428
n0282342800000756.jpg,n02823428
n0282342800000757.jpg,n02823428
n0282342800000762.jpg,n02823428
n0282342800000763.jpg,n02823428
n0282342800000766.jpg,n02823428
n0282342800000769.jpg,n02823428
n0282342800000772.jpg,n02823428
n0282342800000773.jpg,n02823428
n0282342800000774.jpg,n02823428
n0282342800000775.jpg,n02823428
n0282342800000776.jpg,n02823428
n0282342800000778.jpg,n02823428
n0282342800000781.jpg,n02823428
n0282342800000783.jpg,n02823428
n0282342800000784.jpg,n02823428
n0282342800000786.jpg,n02823428
n0282342800000787.jpg,n02823428
n0282342800000790.jpg,n02823428
n0282342800000796.jpg,n02823428
n0282342800000798.jpg,n02823428
n0282342800000799.jpg,n02823428
n0282342800000800.jpg,n02823428
n0282342800000801.jpg,n02823428
n0282342800000802.jpg,n02823428
n0282342800000803.jpg,n02823428
n0282342800000804.jpg,n02823428
n0282342800000807.jpg,n02823428
n0282342800000808.jpg,n02823428
n0282342800000809.jpg,n02823428
n0282342800000810.jpg,n02823428
n0282342800000813.jpg,n02823428
n0282342800000814.jpg,n02823428
n0282342800000815.jpg,n02823428
n0282342800000817.jpg,n02823428
n0282342800000818.jpg,n02823428
n0282342800000826.jpg,n02823428
n0282342800000827.jpg,n02823428
n0282342800000829.jpg,n02823428
n0282342800000830.jpg,n02823428
n0282342800000832.jpg,n02823428
n0282342800000836.jpg,n02823428
n0282342800000837.jpg,n02823428
n0282342800000838.jpg,n02823428
n0282342800000839.jpg,n02823428
n0282342800000841.jpg,n02823428
n0282342800000842.jpg,n02823428
n0282342800000844.jpg,n02823428
n0282342800000845.jpg,n02823428
n0282342800000846.jpg,n02823428
n0282342800000847.jpg,n02823428
n0282342800000848.jpg,n02823428
n0282342800000849.jpg,n02823428
n0282342800000850.jpg,n02823428
n0282342800000851.jpg,n02823428
n0282342800000852.jpg,n02823428
n0282342800000854.jpg,n02823428
n0282342800000856.jpg,n02823428
n0282342800000857.jpg,n02823428
n0282342800000861.jpg,n02823428
n0282342800000862.jpg,n02823428
n0282342800000871.jpg,n02823428
n0282342800000873.jpg,n02823428
n0282342800000875.jpg,n02823428
n0282342800000879.jpg,n02823428
n0282342800000882.jpg,n02823428
n0282342800000884.jpg,n02823428
n0282342800000886.jpg,n02823428
n0282342800000887.jpg,n02823428
n0282342800000888.jpg,n02823428
n0282342800000890.jpg,n02823428
n0282342800000894.jpg,n02823428
n0282342800000895.jpg,n02823428
n0282342800000898.jpg,n02823428
n0282342800000901.jpg,n02823428
n0282342800000905.jpg,n02823428
n0282342800000906.jpg,n02823428
n0282342800000908.jpg,n02823428
n0282342800000909.jpg,n02823428
n0282342800000910.jpg,n02823428
n0282342800000913.jpg,n02823428
n0282342800000914.jpg,n02823428
n0282342800000915.jpg,n02823428
n0282342800000917.jpg,n02823428
n0282342800000922.jpg,n02823428
n0282342800000925.jpg,n02823428
n0282342800000926.jpg,n02823428
n0282342800000928.jpg,n02823428
n0282342800000929.jpg,n02823428
n0282342800000933.jpg,n02823428
n0282342800000937.jpg,n02823428
n0282342800000938.jpg,n02823428
n0282342800000942.jpg,n02823428
n0282342800000943.jpg,n02823428
n0282342800000945.jpg,n02823428
n0282342800000947.jpg,n02823428
n0282342800000948.jpg,n02823428
n0282342800000949.jpg,n02823428
n0282342800000950.jpg,n02823428
n0282342800000951.jpg,n02823428
n0282342800000952.jpg,n02823428
n0282342800000957.jpg,n02823428
n0282342800000958.jpg,n02823428
n0282342800000959.jpg,n02823428
n0282342800000962.jpg,n02823428
n0282342800000970.jpg,n02823428
n0282342800000971.jpg,n02823428
n0282342800000974.jpg,n02823428
n0282342800000978.jpg,n02823428
n0282342800000979.jpg,n02823428
n0282342800000980.jpg,n02823428
n0282342800000982.jpg,n02823428
n0282342800000983.jpg,n02823428
n0282342800000985.jpg,n02823428
n0282342800000986.jpg,n02823428
n0282342800000987.jpg,n02823428
n0282342800000988.jpg,n02823428
n0282342800000990.jpg,n02823428
n0282342800000993.jpg,n02823428
n0282342800000995.jpg,n02823428
n0282342800000996.jpg,n02823428
n0282342800000997.jpg,n02823428
n0282342800001000.jpg,n02823428
n0282342800001001.jpg,n02823428
n0282342800001002.jpg,n02823428
n0282342800001003.jpg,n02823428
n0282342800001005.jpg,n02823428
n0282342800001008.jpg,n02823428
n0282342800001012.jpg,n02823428
n0282342800001013.jpg,n02823428
n0282342800001015.jpg,n02823428
n0282342800001016.jpg,n02823428
n0282342800001017.jpg,n02823428
n0282342800001018.jpg,n02823428
n0282342800001019.jpg,n02823428
n0282342800001020.jpg,n02823428
n0282342800001022.jpg,n02823428
n0282342800001025.jpg,n02823428
n0282342800001028.jpg,n02823428
n0282342800001029.jpg,n02823428
n0282342800001032.jpg,n02823428
n0282342800001035.jpg,n02823428
n0282342800001037.jpg,n02823428
n0282342800001040.jpg,n02823428
n0282342800001042.jpg,n02823428
n0282342800001047.jpg,n02823428
n0282342800001048.jpg,n02823428
n0282342800001050.jpg,n02823428
n0282342800001054.jpg,n02823428
n0282342800001055.jpg,n02823428
n0282342800001057.jpg,n02823428
n0282342800001059.jpg,n02823428
n0282342800001061.jpg,n02823428
n0282342800001062.jpg,n02823428
n0282342800001064.jpg,n02823428
n0282342800001067.jpg,n02823428
n0282342800001073.jpg,n02823428
n0282342800001075.jpg,n02823428
n0282342800001076.jpg,n02823428
n0282342800001078.jpg,n02823428
n0282342800001079.jpg,n02823428
n0282342800001080.jpg,n02823428
n0282342800001089.jpg,n02823428
n0282342800001092.jpg,n02823428
n0282342800001095.jpg,n02823428
n0282342800001096.jpg,n02823428
n0282342800001098.jpg,n02823428
n0282342800001099.jpg,n02823428
n0282342800001105.jpg,n02823428
n0282342800001106.jpg,n02823428
n0282342800001107.jpg,n02823428
n0282342800001108.jpg,n02823428
n0282342800001115.jpg,n02823428
n0282342800001117.jpg,n02823428
n0282342800001118.jpg,n02823428
n0282342800001121.jpg,n02823428
n0282342800001122.jpg,n02823428
n0282342800001125.jpg,n02823428
n0282342800001126.jpg,n02823428
n0282342800001129.jpg,n02823428
n0282342800001130.jpg,n02823428
n0282342800001132.jpg,n02823428
n0282342800001133.jpg,n02823428
n0282342800001134.jpg,n02823428
n0282342800001135.jpg,n02823428
n0282342800001136.jpg,n02823428
n0282342800001137.jpg,n02823428
n0282342800001139.jpg,n02823428
n0282342800001142.jpg,n02823428
n0282342800001146.jpg,n02823428
n0282342800001147.jpg,n02823428
n0282342800001152.jpg,n02823428
n0282342800001153.jpg,n02823428
n0282342800001156.jpg,n02823428
n0282342800001157.jpg,n02823428
n0282342800001158.jpg,n02823428
n0282342800001163.jpg,n02823428
n0282342800001164.jpg,n02823428
n0282342800001166.jpg,n02823428
n0282342800001168.jpg,n02823428
n0282342800001169.jpg,n02823428
n0282342800001174.jpg,n02823428
n0282342800001177.jpg,n02823428
n0282342800001178.jpg,n02823428
n0282342800001179.jpg,n02823428
n0282342800001181.jpg,n02823428
n0282342800001184.jpg,n02823428
n0282342800001185.jpg,n02823428
n0282342800001188.jpg,n02823428
n0282342800001190.jpg,n02823428
n0282342800001191.jpg,n02823428
n0282342800001196.jpg,n02823428
n0282342800001198.jpg,n02823428
n0282342800001200.jpg,n02823428
n0282342800001201.jpg,n02823428
n0282342800001203.jpg,n02823428
n0282342800001205.jpg,n02823428
n0282342800001212.jpg,n02823428
n0282342800001213.jpg,n02823428
n0282342800001215.jpg,n02823428
n0282342800001216.jpg,n02823428
n0282342800001220.jpg,n02823428
n0282342800001221.jpg,n02823428
n0282342800001229.jpg,n02823428
n0282342800001231.jpg,n02823428
n0282342800001237.jpg,n02823428
n0282342800001241.jpg,n02823428
n0282342800001242.jpg,n02823428
n0282342800001246.jpg,n02823428
n0282342800001247.jpg,n02823428
n0282342800001250.jpg,n02823428
n0282342800001252.jpg,n02823428
n0282342800001253.jpg,n02823428
n0282342800001255.jpg,n02823428
n0282342800001258.jpg,n02823428
n0282342800001259.jpg,n02823428
n0282342800001262.jpg,n02823428
n0282342800001264.jpg,n02823428
n0282342800001266.jpg,n02823428
n0282342800001270.jpg,n02823428
n0282342800001274.jpg,n02823428
n0282342800001279.jpg,n02823428
n0282342800001280.jpg,n02823428
n0282342800001281.jpg,n02823428
n0282342800001282.jpg,n02823428
n0282342800001283.jpg,n02823428
n0282342800001285.jpg,n02823428
n0282342800001287.jpg,n02823428
n0282342800001288.jpg,n02823428
n0282342800001290.jpg,n02823428
n0282342800001293.jpg,n02823428
n0282342800001294.jpg,n02823428
n0282342800001295.jpg,n02823428
n0282342800001296.jpg,n02823428
n0282342800001299.jpg,n02823428
n0282342800001300.jpg,n02823428
n0170432300000003.jpg,n01704323
n0170432300000005.jpg,n01704323
n0170432300000006.jpg,n01704323
n0170432300000007.jpg,n01704323
n0170432300000008.jpg,n01704323
n0170432300000009.jpg,n01704323
n0170432300000014.jpg,n01704323
n0170432300000019.jpg,n01704323
n0170432300000020.jpg,n01704323
n0170432300000025.jpg,n01704323
n0170432300000026.jpg,n01704323
n0170432300000027.jpg,n01704323
n0170432300000028.jpg,n01704323
n0170432300000030.jpg,n01704323
n0170432300000031.jpg,n01704323
n0170432300000033.jpg,n01704323
n0170432300000035.jpg,n01704323
n0170432300000036.jpg,n01704323
n0170432300000041.jpg,n01704323
n0170432300000043.jpg,n01704323
n0170432300000044.jpg,n01704323
n0170432300000045.jpg,n01704323
n0170432300000049.jpg,n01704323
n0170432300000053.jpg,n01704323
n0170432300000058.jpg,n01704323
n0170432300000059.jpg,n01704323
n0170432300000061.jpg,n01704323
n0170432300000062.jpg,n01704323
n0170432300000063.jpg,n01704323
n0170432300000070.jpg,n01704323
n0170432300000072.jpg,n01704323
n0170432300000073.jpg,n01704323
n0170432300000076.jpg,n01704323
n0170432300000079.jpg,n01704323
n0170432300000082.jpg,n01704323
n0170432300000083.jpg,n01704323
n0170432300000086.jpg,n01704323
n0170432300000088.jpg,n01704323
n0170432300000092.jpg,n01704323
n0170432300000097.jpg,n01704323
n0170432300000098.jpg,n01704323
n0170432300000099.jpg,n01704323
n0170432300000104.jpg,n01704323
n0170432300000106.jpg,n01704323
n0170432300000110.jpg,n01704323
n0170432300000112.jpg,n01704323
n0170432300000114.jpg,n01704323
n0170432300000115.jpg,n01704323
n0170432300000116.jpg,n01704323
n0170432300000117.jpg,n01704323
n0170432300000121.jpg,n01704323
n0170432300000122.jpg,n01704323
n0170432300000126.jpg,n01704323
n0170432300000127.jpg,n01704323
n0170432300000128.jpg,n01704323
n0170432300000130.jpg,n01704323
n0170432300000134.jpg,n01704323
n0170432300000135.jpg,n01704323
n0170432300000137.jpg,n01704323
n0170432300000138.jpg,n01704323
n0170432300000139.jpg,n01704323
n0170432300000140.jpg,n01704323
n0170432300000143.jpg,n01704323
n0170432300000145.jpg,n01704323
n0170432300000147.jpg,n01704323
n0170432300000150.jpg,n01704323
n0170432300000152.jpg,n01704323
n0170432300000153.jpg,n01704323
n0170432300000157.jpg,n01704323
n0170432300000158.jpg,n01704323
n0170432300000159.jpg,n01704323
n0170432300000164.jpg,n01704323
n0170432300000167.jpg,n01704323
n0170432300000168.jpg,n01704323
n0170432300000171.jpg,n01704323
n0170432300000176.jpg,n01704323
n0170432300000178.jpg,n01704323
n0170432300000180.jpg,n01704323
n0170432300000182.jpg,n01704323
n0170432300000183.jpg,n01704323
n0170432300000185.jpg,n01704323
n0170432300000187.jpg,n01704323
n0170432300000190.jpg,n01704323
n0170432300000191.jpg,n01704323
n0170432300000194.jpg,n01704323
n0170432300000195.jpg,n01704323
n0170432300000198.jpg,n01704323
n0170432300000199.jpg,n01704323
n0170432300000201.jpg,n01704323
n0170432300000202.jpg,n01704323
n0170432300000204.jpg,n01704323
n0170432300000205.jpg,n01704323
n0170432300000206.jpg,n01704323
n0170432300000209.jpg,n01704323
n0170432300000213.jpg,n01704323
n0170432300000214.jpg,n01704323
n0170432300000215.jpg,n01704323
n0170432300000216.jpg,n01704323
n0170432300000220.jpg,n01704323
n0170432300000222.jpg,n01704323
n0170432300000223.jpg,n01704323
n0170432300000224.jpg,n01704323
n0170432300000226.jpg,n01704323
n0170432300000231.jpg,n01704323
n0170432300000232.jpg,n01704323
n0170432300000242.jpg,n01704323
n0170432300000247.jpg,n01704323
n0170432300000249.jpg,n01704323
n0170432300000251.jpg,n01704323
n0170432300000253.jpg,n01704323
n0170432300000259.jpg,n01704323
n0170432300000263.jpg,n01704323
n0170432300000266.jpg,n01704323
n0170432300000267.jpg,n01704323
n0170432300000269.jpg,n01704323
n0170432300000272.jpg,n01704323
n0170432300000273.jpg,n01704323
n0170432300000275.jpg,n01704323
n0170432300000276.jpg,n01704323
n0170432300000277.jpg,n01704323
n0170432300000278.jpg,n01704323
n0170432300000279.jpg,n01704323
n0170432300000280.jpg,n01704323
n0170432300000282.jpg,n01704323
n0170432300000284.jpg,n01704323
n0170432300000286.jpg,n01704323
n0170432300000291.jpg,n01704323
n0170432300000296.jpg,n01704323
n0170432300000298.jpg,n01704323
n0170432300000299.jpg,n01704323
n0170432300000301.jpg,n01704323
n0170432300000302.jpg,n01704323
n0170432300000306.jpg,n01704323
n0170432300000308.jpg,n01704323
n0170432300000310.jpg,n01704323
n0170432300000311.jpg,n01704323
n0170432300000312.jpg,n01704323
n0170432300000313.jpg,n01704323
n0170432300000314.jpg,n01704323
n0170432300000315.jpg,n01704323
n0170432300000319.jpg,n01704323
n0170432300000321.jpg,n01704323
n0170432300000322.jpg,n01704323
n0170432300000323.jpg,n01704323
n0170432300000324.jpg,n01704323
n0170432300000326.jpg,n01704323
n0170432300000327.jpg,n01704323
n0170432300000329.jpg,n01704323
n0170432300000333.jpg,n01704323
n0170432300000334.jpg,n01704323
n0170432300000336.jpg,n01704323
n0170432300000340.jpg,n01704323
n0170432300000342.jpg,n01704323
n0170432300000343.jpg,n01704323
n0170432300000344.jpg,n01704323
n0170432300000345.jpg,n01704323
n0170432300000346.jpg,n01704323
n0170432300000348.jpg,n01704323
n0170432300000350.jpg,n01704323
n0170432300000353.jpg,n01704323
n0170432300000354.jpg,n01704323
n0170432300000356.jpg,n01704323
n0170432300000357.jpg,n01704323
n0170432300000358.jpg,n01704323
n0170432300000359.jpg,n01704323
n0170432300000361.jpg,n01704323
n0170432300000364.jpg,n01704323
n0170432300000365.jpg,n01704323
n0170432300000367.jpg,n01704323
n0170432300000369.jpg,n01704323
n0170432300000370.jpg,n01704323
n0170432300000371.jpg,n01704323
n0170432300000375.jpg,n01704323
n0170432300000376.jpg,n01704323
n0170432300000378.jpg,n01704323
n0170432300000379.jpg,n01704323
n0170432300000383.jpg,n01704323
n0170432300000386.jpg,n01704323
n0170432300000389.jpg,n01704323
n0170432300000390.jpg,n01704323
n0170432300000394.jpg,n01704323
n0170432300000395.jpg,n01704323
n0170432300000396.jpg,n01704323
n0170432300000405.jpg,n01704323
n0170432300000406.jpg,n01704323
n0170432300000408.jpg,n01704323
n0170432300000411.jpg,n01704323
n0170432300000412.jpg,n01704323
n0170432300000413.jpg,n01704323
n0170432300000415.jpg,n01704323
n0170432300000417.jpg,n01704323
n0170432300000421.jpg,n01704323
n0170432300000424.jpg,n01704323
n0170432300000425.jpg,n01704323
n0170432300000426.jpg,n01704323
n0170432300000429.jpg,n01704323
n0170432300000430.jpg,n01704323
n0170432300000431.jpg,n01704323
n0170432300000433.jpg,n01704323
n0170432300000438.jpg,n01704323
n0170432300000440.jpg,n01704323
n0170432300000441.jpg,n01704323
n0170432300000444.jpg,n01704323
n0170432300000447.jpg,n01704323
n0170432300000451.jpg,n01704323
n0170432300000452.jpg,n01704323
n0170432300000462.jpg,n01704323
n0170432300000465.jpg,n01704323
n0170432300000466.jpg,n01704323
n0170432300000469.jpg,n01704323
n0170432300000470.jpg,n01704323
n0170432300000476.jpg,n01704323
n0170432300000477.jpg,n01704323
n0170432300000478.jpg,n01704323
n0170432300000482.jpg,n01704323
n0170432300000483.jpg,n01704323
n0170432300000486.jpg,n01704323
n0170432300000488.jpg,n01704323
n0170432300000489.jpg,n01704323
n0170432300000490.jpg,n01704323
n0170432300000491.jpg,n01704323
n0170432300000492.jpg,n01704323
n0170432300000495.jpg,n01704323
n0170432300000497.jpg,n01704323
n0170432300000501.jpg,n01704323
n0170432300000502.jpg,n01704323
n0170432300000503.jpg,n01704323
n0170432300000504.jpg,n01704323
n0170432300000505.jpg,n01704323
n0170432300000507.jpg,n01704323
n0170432300000509.jpg,n01704323
n0170432300000510.jpg,n01704323
n0170432300000512.jpg,n01704323
n0170432300000514.jpg,n01704323
n0170432300000517.jpg,n01704323
n0170432300000521.jpg,n01704323
n0170432300000523.jpg,n01704323
n0170432300000524.jpg,n01704323
n0170432300000526.jpg,n01704323
n0170432300000528.jpg,n01704323
n0170432300000529.jpg,n01704323
n0170432300000530.jpg,n01704323
n0170432300000533.jpg,n01704323
n0170432300000535.jpg,n01704323
n0170432300000536.jpg,n01704323
n0170432300000539.jpg,n01704323
n0170432300000541.jpg,n01704323
n0170432300000544.jpg,n01704323
n0170432300000546.jpg,n01704323
n0170432300000553.jpg,n01704323
n0170432300000556.jpg,n01704323
n0170432300000557.jpg,n01704323
n0170432300000558.jpg,n01704323
n0170432300000560.jpg,n01704323
n0170432300000561.jpg,n01704323
n0170432300000564.jpg,n01704323
n0170432300000566.jpg,n01704323
n0170432300000567.jpg,n01704323
n0170432300000568.jpg,n01704323
n0170432300000570.jpg,n01704323
n0170432300000571.jpg,n01704323
n0170432300000574.jpg,n01704323
n0170432300000575.jpg,n01704323
n0170432300000578.jpg,n01704323
n0170432300000579.jpg,n01704323
n0170432300000580.jpg,n01704323
n0170432300000584.jpg,n01704323
n0170432300000586.jpg,n01704323
n0170432300000587.jpg,n01704323
n0170432300000588.jpg,n01704323
n0170432300000590.jpg,n01704323
n0170432300000593.jpg,n01704323
n0170432300000594.jpg,n01704323
n0170432300000595.jpg,n01704323
n0170432300000596.jpg,n01704323
n0170432300000597.jpg,n01704323
n0170432300000603.jpg,n01704323
n0170432300000607.jpg,n01704323
n0170432300000610.jpg,n01704323
n0170432300000612.jpg,n01704323
n0170432300000614.jpg,n01704323
n0170432300000617.jpg,n01704323
n0170432300000620.jpg,n01704323
n0170432300000623.jpg,n01704323
n0170432300000624.jpg,n01704323
n0170432300000625.jpg,n01704323
n0170432300000626.jpg,n01704323
n0170432300000627.jpg,n01704323
n0170432300000628.jpg,n01704323
n0170432300000629.jpg,n01704323
n0170432300000630.jpg,n01704323
n0170432300000635.jpg,n01704323
n0170432300000636.jpg,n01704323
n0170432300000644.jpg,n01704323
n0170432300000647.jpg,n01704323
n0170432300000651.jpg,n01704323
n0170432300000652.jpg,n01704323
n0170432300000653.jpg,n01704323
n0170432300000655.jpg,n01704323
n0170432300000656.jpg,n01704323
n0170432300000658.jpg,n01704323
n0170432300000659.jpg,n01704323
n0170432300000663.jpg,n01704323
n0170432300000664.jpg,n01704323
n0170432300000666.jpg,n01704323
n0170432300000667.jpg,n01704323
n0170432300000674.jpg,n01704323
n0170432300000675.jpg,n01704323
n0170432300000676.jpg,n01704323
n0170432300000679.jpg,n01704323
n0170432300000681.jpg,n01704323
n0170432300000683.jpg,n01704323
n0170432300000686.jpg,n01704323
n0170432300000687.jpg,n01704323
n0170432300000689.jpg,n01704323
n0170432300000691.jpg,n01704323
n0170432300000693.jpg,n01704323
n0170432300000694.jpg,n01704323
n0170432300000697.jpg,n01704323
n0170432300000699.jpg,n01704323
n0170432300000700.jpg,n01704323
n0170432300000702.jpg,n01704323
n0170432300000707.jpg,n01704323
n0170432300000708.jpg,n01704323
n0170432300000709.jpg,n01704323
n0170432300000711.jpg,n01704323
n0170432300000712.jpg,n01704323
n0170432300000713.jpg,n01704323
n0170432300000716.jpg,n01704323
n0170432300000717.jpg,n01704323
n0170432300000718.jpg,n01704323
n0170432300000719.jpg,n01704323
n0170432300000720.jpg,n01704323
n0170432300000721.jpg,n01704323
n0170432300000723.jpg,n01704323
n0170432300000724.jpg,n01704323
n0170432300000725.jpg,n01704323
n0170432300000726.jpg,n01704323
n0170432300000728.jpg,n01704323
n0170432300000730.jpg,n01704323
n0170432300000731.jpg,n01704323
n0170432300000732.jpg,n01704323
n0170432300000733.jpg,n01704323
n0170432300000734.jpg,n01704323
n0170432300000736.jpg,n01704323
n0170432300000737.jpg,n01704323
n0170432300000739.jpg,n01704323
n0170432300000741.jpg,n01704323
n0170432300000743.jpg,n01704323
n0170432300000747.jpg,n01704323
n0170432300000749.jpg,n01704323
n0170432300000751.jpg,n01704323
n0170432300000756.jpg,n01704323
n0170432300000758.jpg,n01704323
n0170432300000761.jpg,n01704323
n0170432300000767.jpg,n01704323
n0170432300000771.jpg,n01704323
n0170432300000772.jpg,n01704323
n0170432300000774.jpg,n01704323
n0170432300000776.jpg,n01704323
n0170432300000777.jpg,n01704323
n0170432300000778.jpg,n01704323
n0170432300000780.jpg,n01704323
n0170432300000785.jpg,n01704323
n0170432300000789.jpg,n01704323
n0170432300000792.jpg,n01704323
n0170432300000793.jpg,n01704323
n0170432300000794.jpg,n01704323
n0170432300000795.jpg,n01704323
n0170432300000797.jpg,n01704323
n0170432300000801.jpg,n01704323
n0170432300000804.jpg,n01704323
n0170432300000806.jpg,n01704323
n0170432300000811.jpg,n01704323
n0170432300000812.jpg,n01704323
n0170432300000813.jpg,n01704323
n0170432300000814.jpg,n01704323
n0170432300000815.jpg,n01704323
n0170432300000822.jpg,n01704323
n0170432300000823.jpg,n01704323
n0170432300000828.jpg,n01704323
n0170432300000832.jpg,n01704323
n0170432300000834.jpg,n01704323
n0170432300000835.jpg,n01704323
n0170432300000837.jpg,n01704323
n0170432300000838.jpg,n01704323
n0170432300000839.jpg,n01704323
n0170432300000840.jpg,n01704323
n0170432300000842.jpg,n01704323
n0170432300000843.jpg,n01704323
n0170432300000845.jpg,n01704323
n0170432300000846.jpg,n01704323
n0170432300000847.jpg,n01704323
n0170432300000848.jpg,n01704323
n0170432300000853.jpg,n01704323
n0170432300000854.jpg,n01704323
n0170432300000857.jpg,n01704323
n0170432300000859.jpg,n01704323
n0170432300000862.jpg,n01704323
n0170432300000863.jpg,n01704323
n0170432300000864.jpg,n01704323
n0170432300000865.jpg,n01704323
n0170432300000866.jpg,n01704323
n0170432300000868.jpg,n01704323
n0170432300000869.jpg,n01704323
n0170432300000870.jpg,n01704323
n0170432300000872.jpg,n01704323
n0170432300000873.jpg,n01704323
n0170432300000874.jpg,n01704323
n0170432300000878.jpg,n01704323
n0170432300000881.jpg,n01704323
n0170432300000886.jpg,n01704323
n0170432300000887.jpg,n01704323
n0170432300000890.jpg,n01704323
n0170432300000891.jpg,n01704323
n0170432300000892.jpg,n01704323
n0170432300000898.jpg,n01704323
n0170432300000899.jpg,n01704323
n0170432300000901.jpg,n01704323
n0170432300000904.jpg,n01704323
n0170432300000906.jpg,n01704323
n0170432300000907.jpg,n01704323
n0170432300000908.jpg,n01704323
n0170432300000909.jpg,n01704323
n0170432300000915.jpg,n01704323
n0170432300000917.jpg,n01704323
n0170432300000918.jpg,n01704323
n0170432300000920.jpg,n01704323
n0170432300000921.jpg,n01704323
n0170432300000925.jpg,n01704323
n0170432300000926.jpg,n01704323
n0170432300000927.jpg,n01704323
n0170432300000930.jpg,n01704323
n0170432300000933.jpg,n01704323
n0170432300000934.jpg,n01704323
n0170432300000935.jpg,n01704323
n0170432300000940.jpg,n01704323
n0170432300000943.jpg,n01704323
n0170432300000944.jpg,n01704323
n0170432300000945.jpg,n01704323
n0170432300000947.jpg,n01704323
n0170432300000951.jpg,n01704323
n0170432300000952.jpg,n01704323
n0170432300000953.jpg,n01704323
n0170432300000954.jpg,n01704323
n0170432300000955.jpg,n01704323
n0170432300000956.jpg,n01704323
n0170432300000958.jpg,n01704323
n0170432300000959.jpg,n01704323
n0170432300000961.jpg,n01704323
n0170432300000966.jpg,n01704323
n0170432300000967.jpg,n01704323
n0170432300000971.jpg,n01704323
n0170432300000974.jpg,n01704323
n0170432300000975.jpg,n01704323
n0170432300000976.jpg,n01704323
n0170432300000980.jpg,n01704323
n0170432300000983.jpg,n01704323
n0170432300000987.jpg,n01704323
n0170432300000988.jpg,n01704323
n0170432300000989.jpg,n01704323
n0170432300000991.jpg,n01704323
n0170432300000993.jpg,n01704323
n0170432300000994.jpg,n01704323
n0170432300000995.jpg,n01704323
n0170432300000997.jpg,n01704323
n0170432300001000.jpg,n01704323
n0170432300001001.jpg,n01704323
n0170432300001007.jpg,n01704323
n0170432300001011.jpg,n01704323
n0170432300001012.jpg,n01704323
n0170432300001014.jpg,n01704323
n0170432300001015.jpg,n01704323
n0170432300001016.jpg,n01704323
n0170432300001017.jpg,n01704323
n0170432300001022.jpg,n01704323
n0170432300001023.jpg,n01704323
n0170432300001024.jpg,n01704323
n0170432300001025.jpg,n01704323
n0170432300001027.jpg,n01704323
n0170432300001029.jpg,n01704323
n0170432300001030.jpg,n01704323
n0170432300001033.jpg,n01704323
n0170432300001035.jpg,n01704323
n0170432300001036.jpg,n01704323
n0170432300001037.jpg,n01704323
n0170432300001039.jpg,n01704323
n0170432300001040.jpg,n01704323
n0170432300001042.jpg,n01704323
n0170432300001043.jpg,n01704323
n0170432300001044.jpg,n01704323
n0170432300001046.jpg,n01704323
n0170432300001047.jpg,n01704323
n0170432300001048.jpg,n01704323
n0170432300001051.jpg,n01704323
n0170432300001053.jpg,n01704323
n0170432300001055.jpg,n01704323
n0170432300001056.jpg,n01704323
n0170432300001059.jpg,n01704323
n0170432300001060.jpg,n01704323
n0170432300001061.jpg,n01704323
n0170432300001062.jpg,n01704323
n0170432300001065.jpg,n01704323
n0170432300001072.jpg,n01704323
n0170432300001074.jpg,n01704323
n0170432300001075.jpg,n01704323
n0170432300001078.jpg,n01704323
n0170432300001081.jpg,n01704323
n0170432300001082.jpg,n01704323
n0170432300001085.jpg,n01704323
n0170432300001087.jpg,n01704323
n0170432300001088.jpg,n01704323
n0170432300001091.jpg,n01704323
n0170432300001092.jpg,n01704323
n0170432300001094.jpg,n01704323
n0170432300001095.jpg,n01704323
n0170432300001097.jpg,n01704323
n0170432300001100.jpg,n01704323
n0170432300001103.jpg,n01704323
n0170432300001104.jpg,n01704323
n0170432300001109.jpg,n01704323
n0170432300001112.jpg,n01704323
n0170432300001116.jpg,n01704323
n0170432300001120.jpg,n01704323
n0170432300001121.jpg,n01704323
n0170432300001124.jpg,n01704323
n0170432300001125.jpg,n01704323
n0170432300001126.jpg,n01704323
n0170432300001128.jpg,n01704323
n0170432300001131.jpg,n01704323
n0170432300001132.jpg,n01704323
n0170432300001136.jpg,n01704323
n0170432300001142.jpg,n01704323
n0170432300001144.jpg,n01704323
n0170432300001147.jpg,n01704323
n0170432300001150.jpg,n01704323
n0170432300001151.jpg,n01704323
n0170432300001152.jpg,n01704323
n0170432300001153.jpg,n01704323
n0170432300001154.jpg,n01704323
n0170432300001155.jpg,n01704323
n0170432300001156.jpg,n01704323
n0170432300001157.jpg,n01704323
n0170432300001159.jpg,n01704323
n0170432300001165.jpg,n01704323
n0170432300001166.jpg,n01704323
n0170432300001168.jpg,n01704323
n0170432300001169.jpg,n01704323
n0170432300001170.jpg,n01704323
n0170432300001171.jpg,n01704323
n0170432300001172.jpg,n01704323
n0170432300001174.jpg,n01704323
n0170432300001175.jpg,n01704323
n0170432300001179.jpg,n01704323
n0170432300001182.jpg,n01704323
n0170432300001183.jpg,n01704323
n0170432300001184.jpg,n01704323
n0170432300001185.jpg,n01704323
n0170432300001186.jpg,n01704323
n0170432300001187.jpg,n01704323
n0170432300001188.jpg,n01704323
n0170432300001189.jpg,n01704323
n0170432300001192.jpg,n01704323
n0170432300001193.jpg,n01704323
n0170432300001195.jpg,n01704323
n0170432300001196.jpg,n01704323
n0170432300001198.jpg,n01704323
n0170432300001201.jpg,n01704323
n0170432300001204.jpg,n01704323
n0170432300001206.jpg,n01704323
n0170432300001209.jpg,n01704323
n0170432300001212.jpg,n01704323
n0170432300001218.jpg,n01704323
n0170432300001219.jpg,n01704323
n0170432300001224.jpg,n01704323
n0170432300001225.jpg,n01704323
n0170432300001227.jpg,n01704323
n0170432300001228.jpg,n01704323
n0170432300001229.jpg,n01704323
n0170432300001230.jpg,n01704323
n0170432300001232.jpg,n01704323
n0170432300001233.jpg,n01704323
n0170432300001234.jpg,n01704323
n0170432300001235.jpg,n01704323
n0170432300001236.jpg,n01704323
n0170432300001238.jpg,n01704323
n0170432300001242.jpg,n01704323
n0170432300001243.jpg,n01704323
n0170432300001244.jpg,n01704323
n0170432300001246.jpg,n01704323
n0170432300001247.jpg,n01704323
n0170432300001250.jpg,n01704323
n0170432300001251.jpg,n01704323
n0170432300001254.jpg,n01704323
n0170432300001256.jpg,n01704323
n0170432300001259.jpg,n01704323
n0170432300001260.jpg,n01704323
n0170432300001261.jpg,n01704323
n0170432300001262.jpg,n01704323
n0170432300001265.jpg,n01704323
n0460464400000002.jpg,n04604644
n0460464400000003.jpg,n04604644
n0460464400000004.jpg,n04604644
n0460464400000007.jpg,n04604644
n0460464400000010.jpg,n04604644
n0460464400000011.jpg,n04604644
n0460464400000012.jpg,n04604644
n0460464400000014.jpg,n04604644
n0460464400000020.jpg,n04604644
n0460464400000022.jpg,n04604644
n0460464400000030.jpg,n04604644
n0460464400000035.jpg,n04604644
n0460464400000036.jpg,n04604644
n0460464400000038.jpg,n04604644
n0460464400000039.jpg,n04604644
n0460464400000040.jpg,n04604644
n0460464400000042.jpg,n04604644
n0460464400000043.jpg,n04604644
n0460464400000045.jpg,n04604644
n0460464400000046.jpg,n04604644
n0460464400000048.jpg,n04604644
n0460464400000049.jpg,n04604644
n0460464400000053.jpg,n04604644
n0460464400000054.jpg,n04604644
n0460464400000055.jpg,n04604644
n0460464400000056.jpg,n04604644
n0460464400000057.jpg,n04604644
n0460464400000066.jpg,n04604644
n0460464400000068.jpg,n04604644
n0460464400000074.jpg,n04604644
n0460464400000078.jpg,n04604644
n0460464400000080.jpg,n04604644
n0460464400000081.jpg,n04604644
n0460464400000082.jpg,n04604644
n0460464400000085.jpg,n04604644
n0460464400000087.jpg,n04604644
n0460464400000089.jpg,n04604644
n0460464400000090.jpg,n04604644
n0460464400000092.jpg,n04604644
n0460464400000093.jpg,n04604644
n0460464400000098.jpg,n04604644
n0460464400000099.jpg,n04604644
n0460464400000100.jpg,n04604644
n0460464400000102.jpg,n04604644
n0460464400000103.jpg,n04604644
n0460464400000104.jpg,n04604644
n0460464400000105.jpg,n04604644
n0460464400000109.jpg,n04604644
n0460464400000112.jpg,n04604644
n0460464400000116.jpg,n04604644
n0460464400000117.jpg,n04604644
n0460464400000118.jpg,n04604644
n0460464400000119.jpg,n04604644
n0460464400000120.jpg,n04604644
n0460464400000121.jpg,n04604644
n0460464400000122.jpg,n04604644
n0460464400000123.jpg,n04604644
n0460464400000124.jpg,n04604644
n0460464400000132.jpg,n04604644
n0460464400000136.jpg,n04604644
n0460464400000137.jpg,n04604644
n0460464400000139.jpg,n04604644
n0460464400000140.jpg,n04604644
n0460464400000141.jpg,n04604644
n0460464400000142.jpg,n04604644
n0460464400000144.jpg,n04604644
n0460464400000148.jpg,n04604644
n0460464400000149.jpg,n04604644
n0460464400000150.jpg,n04604644
n0460464400000151.jpg,n04604644
n0460464400000154.jpg,n04604644
n0460464400000155.jpg,n04604644
n0460464400000156.jpg,n04604644
n0460464400000157.jpg,n04604644
n0460464400000159.jpg,n04604644
n0460464400000165.jpg,n04604644
n0460464400000168.jpg,n04604644
n0460464400000169.jpg,n04604644
n0460464400000173.jpg,n04604644
n0460464400000174.jpg,n04604644
n0460464400000175.jpg,n04604644
n0460464400000176.jpg,n04604644
n0460464400000181.jpg,n04604644
n0460464400000182.jpg,n04604644
n0460464400000184.jpg,n04604644
n0460464400000187.jpg,n04604644
n0460464400000199.jpg,n04604644
n0460464400000202.jpg,n04604644
n0460464400000205.jpg,n04604644
n0460464400000210.jpg,n04604644
n0460464400000211.jpg,n04604644
n0460464400000212.jpg,n04604644
n0460464400000214.jpg,n04604644
n0460464400000215.jpg,n04604644
n0460464400000218.jpg,n04604644
n0460464400000222.jpg,n04604644
n0460464400000223.jpg,n04604644
n0460464400000226.jpg,n04604644
n0460464400000228.jpg,n04604644
n0460464400000231.jpg,n04604644
n0460464400000232.jpg,n04604644
n0460464400000233.jpg,n04604644
n0460464400000234.jpg,n04604644
n0460464400000235.jpg,n04604644
n0460464400000237.jpg,n04604644
n0460464400000239.jpg,n04604644
n0460464400000240.jpg,n04604644
n0460464400000242.jpg,n04604644
n0460464400000245.jpg,n04604644
n0460464400000246.jpg,n04604644
n0460464400000248.jpg,n04604644
n0460464400000251.jpg,n04604644
n0460464400000254.jpg,n04604644
n0460464400000256.jpg,n04604644
n0460464400000258.jpg,n04604644
n0460464400000259.jpg,n04604644
n0460464400000260.jpg,n04604644
n0460464400000261.jpg,n04604644
n0460464400000262.jpg,n04604644
n0460464400000265.jpg,n04604644
n0460464400000267.jpg,n04604644
n0460464400000268.jpg,n04604644
n0460464400000271.jpg,n04604644
n0460464400000272.jpg,n04604644
n0460464400000279.jpg,n04604644
n0460464400000281.jpg,n04604644
n0460464400000282.jpg,n04604644
n0460464400000283.jpg,n04604644
n0460464400000286.jpg,n04604644
n0460464400000287.jpg,n04604644
n0460464400000290.jpg,n04604644
n0460464400000291.jpg,n04604644
n0460464400000292.jpg,n04604644
n0460464400000295.jpg,n04604644
n0460464400000296.jpg,n04604644
n0460464400000300.jpg,n04604644
n0460464400000303.jpg,n04604644
n0460464400000305.jpg,n04604644
n0460464400000307.jpg,n04604644
n0460464400000308.jpg,n04604644
n0460464400000309.jpg,n04604644
n0460464400000312.jpg,n04604644
n0460464400000314.jpg,n04604644
n0460464400000318.jpg,n04604644
n0460464400000320.jpg,n04604644
n0460464400000321.jpg,n04604644
n0460464400000325.jpg,n04604644
n0460464400000329.jpg,n04604644
n0460464400000330.jpg,n04604644
n0460464400000333.jpg,n04604644
n0460464400000337.jpg,n04604644
n0460464400000338.jpg,n04604644
n0460464400000339.jpg,n04604644
n0460464400000340.jpg,n04604644
n0460464400000343.jpg,n04604644
n0460464400000346.jpg,n04604644
n0460464400000348.jpg,n04604644
n0460464400000350.jpg,n04604644
n0460464400000354.jpg,n04604644
n0460464400000355.jpg,n04604644
n0460464400000358.jpg,n04604644
n0460464400000359.jpg,n04604644
n0460464400000367.jpg,n04604644
n0460464400000369.jpg,n04604644
n0460464400000370.jpg,n04604644
n0460464400000371.jpg,n04604644
n0460464400000372.jpg,n04604644
n0460464400000381.jpg,n04604644
n0460464400000382.jpg,n04604644
n0460464400000388.jpg,n04604644
n0460464400000389.jpg,n04604644
n0460464400000392.jpg,n04604644
n0460464400000393.jpg,n04604644
n0460464400000394.jpg,n04604644
n0460464400000397.jpg,n04604644
n0460464400000399.jpg,n04604644
n0460464400000405.jpg,n04604644
n0460464400000406.jpg,n04604644
n0460464400000410.jpg,n04604644
n0460464400000411.jpg,n04604644
n0460464400000413.jpg,n04604644
n0460464400000414.jpg,n04604644
n0460464400000415.jpg,n04604644
n0460464400000416.jpg,n04604644
n0460464400000422.jpg,n04604644
n0460464400000423.jpg,n04604644
n0460464400000429.jpg,n04604644
n0460464400000430.jpg,n04604644
n0460464400000434.jpg,n04604644
n0460464400000436.jpg,n04604644
n0460464400000437.jpg,n04604644
n0460464400000439.jpg,n04604644
n0460464400000441.jpg,n04604644
n0460464400000442.jpg,n04604644
n0460464400000446.jpg,n04604644
n0460464400000450.jpg,n04604644
n0460464400000453.jpg,n04604644
n0460464400000454.jpg,n04604644
n0460464400000457.jpg,n04604644
n0460464400000458.jpg,n04604644
n0460464400000459.jpg,n04604644
n0460464400000460.jpg,n04604644
n0460464400000461.jpg,n04604644
n0460464400000462.jpg,n04604644
n0460464400000465.jpg,n04604644
n0460464400000466.jpg,n04604644
n0460464400000470.jpg,n04604644
n0460464400000472.jpg,n04604644
n0460464400000475.jpg,n04604644
n0460464400000479.jpg,n04604644
n0460464400000482.jpg,n04604644
n0460464400000484.jpg,n04604644
n0460464400000485.jpg,n04604644
n0460464400000487.jpg,n04604644
n0460464400000492.jpg,n04604644
n0460464400000494.jpg,n04604644
n0460464400000498.jpg,n04604644
n0460464400000501.jpg,n04604644
n0460464400000503.jpg,n04604644
n0460464400000505.jpg,n04604644
n0460464400000506.jpg,n04604644
n0460464400000507.jpg,n04604644
n0460464400000509.jpg,n04604644
n0460464400000510.jpg,n04604644
n0460464400000515.jpg,n04604644
n0460464400000518.jpg,n04604644
n0460464400000521.jpg,n04604644
n0460464400000523.jpg,n04604644
n0460464400000526.jpg,n04604644
n0460464400000528.jpg,n04604644
n0460464400000529.jpg,n04604644
n0460464400000536.jpg,n04604644
n0460464400000538.jpg,n04604644
n0460464400000539.jpg,n04604644
n0460464400000541.jpg,n04604644
n0460464400000542.jpg,n04604644
n0460464400000543.jpg,n04604644
n0460464400000544.jpg,n04604644
n0460464400000545.jpg,n04604644
n0460464400000547.jpg,n04604644
n0460464400000548.jpg,n04604644
n0460464400000552.jpg,n04604644
n0460464400000555.jpg,n04604644
n0460464400000558.jpg,n04604644
n0460464400000559.jpg,n04604644
n0460464400000563.jpg,n04604644
n0460464400000569.jpg,n04604644
n0460464400000570.jpg,n04604644
n0460464400000572.jpg,n04604644
n0460464400000574.jpg,n04604644
n0460464400000576.jpg,n04604644
n0460464400000580.jpg,n04604644
n0460464400000583.jpg,n04604644
n0460464400000584.jpg,n04604644
n0460464400000589.jpg,n04604644
n0460464400000591.jpg,n04604644
n0460464400000593.jpg,n04604644
n0460464400000595.jpg,n04604644
n0460464400000596.jpg,n04604644
n0460464400000599.jpg,n04604644
n0460464400000602.jpg,n04604644
n0460464400000604.jpg,n04604644
n0460464400000605.jpg,n04604644
n0460464400000610.jpg,n04604644
n0460464400000613.jpg,n04604644
n0460464400000615.jpg,n04604644
n0460464400000616.jpg,n04604644
n0460464400000618.jpg,n04604644
n0460464400000620.jpg,n04604644
n0460464400000621.jpg,n04604644
n0460464400000624.jpg,n04604644
n0460464400000625.jpg,n04604644
n0460464400000626.jpg,n04604644
n0460464400000627.jpg,n04604644
n0460464400000630.jpg,n04604644
n0460464400000631.jpg,n04604644
n0460464400000632.jpg,n04604644
n0460464400000636.jpg,n04604644
n0460464400000637.jpg,n04604644
n0460464400000640.jpg,n04604644
n0460464400000641.jpg,n04604644
n0460464400000644.jpg,n04604644
n0460464400000645.jpg,n04604644
n0460464400000646.jpg,n04604644
n0460464400000647.jpg,n04604644
n0460464400000648.jpg,n04604644
n0460464400000652.jpg,n04604644
n0460464400000653.jpg,n04604644
n0460464400000654.jpg,n04604644
n0460464400000655.jpg,n04604644
n0460464400000656.jpg,n04604644
n0460464400000659.jpg,n04604644
n0460464400000660.jpg,n04604644
n0460464400000663.jpg,n04604644
n0460464400000665.jpg,n04604644
n0460464400000666.jpg,n04604644
n0460464400000668.jpg,n04604644
n0460464400000671.jpg,n04604644
n0460464400000674.jpg,n04604644
n0460464400000675.jpg,n04604644
n0460464400000681.jpg,n04604644
n0460464400000684.jpg,n04604644
n0460464400000685.jpg,n04604644
n0460464400000691.jpg,n04604644
n0460464400000697.jpg,n04604644
n0460464400000700.jpg,n04604644
n0460464400000702.jpg,n04604644
n0460464400000704.jpg,n04604644
n0460464400000705.jpg,n04604644
n0460464400000711.jpg,n04604644
n0460464400000712.jpg,n04604644
n0460464400000715.jpg,n04604644
n0460464400000717.jpg,n04604644
n0460464400000723.jpg,n04604644
n0460464400000725.jpg,n04604644
n0460464400000726.jpg,n04604644
n0460464400000727.jpg,n04604644
n0460464400000729.jpg,n04604644
n0460464400000730.jpg,n04604644
n0460464400000732.jpg,n04604644
n0460464400000734.jpg,n04604644
n0460464400000735.jpg,n04604644
n0460464400000737.jpg,n04604644
n0460464400000739.jpg,n04604644
n0460464400000740.jpg,n04604644
n0460464400000741.jpg,n04604644
n0460464400000743.jpg,n04604644
n0460464400000744.jpg,n04604644
n0460464400000748.jpg,n04604644
n0460464400000749.jpg,n04604644
n0460464400000752.jpg,n04604644
n0460464400000753.jpg,n04604644
n0460464400000757.jpg,n04604644
n0460464400000758.jpg,n04604644
n0460464400000760.jpg,n04604644
n0460464400000762.jpg,n04604644
n0460464400000765.jpg,n04604644
n0460464400000766.jpg,n04604644
n0460464400000769.jpg,n04604644
n0460464400000771.jpg,n04604644
n0460464400000772.jpg,n04604644
n0460464400000774.jpg,n04604644
n0460464400000777.jpg,n04604644
n0460464400000778.jpg,n04604644
n0460464400000779.jpg,n04604644
n0460464400000781.jpg,n04604644
n0460464400000787.jpg,n04604644
n0460464400000788.jpg,n04604644
n0460464400000789.jpg,n04604644
n0460464400000792.jpg,n04604644
n0460464400000796.jpg,n04604644
n0460464400000798.jpg,n04604644
n0460464400000800.jpg,n04604644
n0460464400000801.jpg,n04604644
n0460464400000808.jpg,n04604644
n0460464400000810.jpg,n04604644
n0460464400000811.jpg,n04604644
n0460464400000813.jpg,n04604644
n0460464400000815.jpg,n04604644
n0460464400000818.jpg,n04604644
n0460464400000821.jpg,n04604644
n0460464400000822.jpg,n04604644
n0460464400000823.jpg,n04604644
n0460464400000825.jpg,n04604644
n0460464400000826.jpg,n04604644
n0460464400000828.jpg,n04604644
n0460464400000829.jpg,n04604644
n0460464400000831.jpg,n04604644
n0460464400000833.jpg,n04604644
n0460464400000839.jpg,n04604644
n0460464400000840.jpg,n04604644
n0460464400000841.jpg,n04604644
n0460464400000842.jpg,n04604644
n0460464400000843.jpg,n04604644
n0460464400000844.jpg,n04604644
n0460464400000845.jpg,n04604644
n0460464400000846.jpg,n04604644
n0460464400000847.jpg,n04604644
n0460464400000851.jpg,n04604644
n0460464400000852.jpg,n04604644
n0460464400000855.jpg,n04604644
n0460464400000860.jpg,n04604644
n0460464400000862.jpg,n04604644
n0460464400000864.jpg,n04604644
n0460464400000865.jpg,n04604644
n0460464400000866.jpg,n04604644
n0460464400000867.jpg,n04604644
n0460464400000868.jpg,n04604644
n0460464400000869.jpg,n04604644
n0460464400000870.jpg,n04604644
n0460464400000872.jpg,n04604644
n0460464400000875.jpg,n04604644
n0460464400000876.jpg,n04604644
n0460464400000877.jpg,n04604644
n0460464400000878.jpg,n04604644
n0460464400000879.jpg,n04604644
n0460464400000881.jpg,n04604644
n0460464400000882.jpg,n04604644
n0460464400000884.jpg,n04604644
n0460464400000886.jpg,n04604644
n0460464400000889.jpg,n04604644
n0460464400000893.jpg,n04604644
n0460464400000895.jpg,n04604644
n0460464400000898.jpg,n04604644
n0460464400000900.jpg,n04604644
n0460464400000904.jpg,n04604644
n0460464400000905.jpg,n04604644
n0460464400000906.jpg,n04604644
n0460464400000907.jpg,n04604644
n0460464400000908.jpg,n04604644
n0460464400000909.jpg,n04604644
n0460464400000910.jpg,n04604644
n0460464400000914.jpg,n04604644
n0460464400000916.jpg,n04604644
n0460464400000920.jpg,n04604644
n0460464400000921.jpg,n04604644
n0460464400000929.jpg,n04604644
n0460464400000930.jpg,n04604644
n0460464400000931.jpg,n04604644
n0460464400000932.jpg,n04604644
n0460464400000934.jpg,n04604644
n0460464400000937.jpg,n04604644
n0460464400000938.jpg,n04604644
n0460464400000940.jpg,n04604644
n0460464400000942.jpg,n04604644
n0460464400000943.jpg,n04604644
n0460464400000945.jpg,n04604644
n0460464400000946.jpg,n04604644
n0460464400000947.jpg,n04604644
n0460464400000948.jpg,n04604644
n0460464400000949.jpg,n04604644
n0460464400000950.jpg,n04604644
n0460464400000951.jpg,n04604644
n0460464400000952.jpg,n04604644
n0460464400000954.jpg,n04604644
n0460464400000956.jpg,n04604644
n0460464400000957.jpg,n04604644
n0460464400000958.jpg,n04604644
n0460464400000961.jpg,n04604644
n0460464400000962.jpg,n04604644
n0460464400000964.jpg,n04604644
n0460464400000972.jpg,n04604644
n0460464400000973.jpg,n04604644
n0460464400000974.jpg,n04604644
n0460464400000975.jpg,n04604644
n0460464400000976.jpg,n04604644
n0460464400000977.jpg,n04604644
n0460464400000980.jpg,n04604644
n0460464400000982.jpg,n04604644
n0460464400000984.jpg,n04604644
n0460464400000987.jpg,n04604644
n0460464400000988.jpg,n04604644
n0460464400000995.jpg,n04604644
n0460464400000996.jpg,n04604644
n0460464400000999.jpg,n04604644
n0460464400001002.jpg,n04604644
n0460464400001003.jpg,n04604644
n0460464400001007.jpg,n04604644
n0460464400001010.jpg,n04604644
n0460464400001011.jpg,n04604644
n0460464400001015.jpg,n04604644
n0460464400001020.jpg,n04604644
n0460464400001021.jpg,n04604644
n0460464400001023.jpg,n04604644
n0460464400001025.jpg,n04604644
n0460464400001027.jpg,n04604644
n0460464400001030.jpg,n04604644
n0460464400001031.jpg,n04604644
n0460464400001033.jpg,n04604644
n0460464400001034.jpg,n04604644
n0460464400001036.jpg,n04604644
n0460464400001038.jpg,n04604644
n0460464400001040.jpg,n04604644
n0460464400001043.jpg,n04604644
n0460464400001044.jpg,n04604644
n0460464400001046.jpg,n04604644
n0460464400001049.jpg,n04604644
n0460464400001050.jpg,n04604644
n0460464400001051.jpg,n04604644
n0460464400001052.jpg,n04604644
n0460464400001055.jpg,n04604644
n0460464400001057.jpg,n04604644
n0460464400001059.jpg,n04604644
n0460464400001062.jpg,n04604644
n0460464400001065.jpg,n04604644
n0460464400001069.jpg,n04604644
n0460464400001070.jpg,n04604644
n0460464400001073.jpg,n04604644
n0460464400001075.jpg,n04604644
n0460464400001077.jpg,n04604644
n0460464400001078.jpg,n04604644
n0460464400001084.jpg,n04604644
n0460464400001086.jpg,n04604644
n0460464400001087.jpg,n04604644
n0460464400001091.jpg,n04604644
n0460464400001099.jpg,n04604644
n0460464400001100.jpg,n04604644
n0460464400001103.jpg,n04604644
n0460464400001106.jpg,n04604644
n0460464400001108.jpg,n04604644
n0460464400001110.jpg,n04604644
n0460464400001111.jpg,n04604644
n0460464400001112.jpg,n04604644
n0460464400001116.jpg,n04604644
n0460464400001118.jpg,n04604644
n0460464400001119.jpg,n04604644
n0460464400001120.jpg,n04604644
n0460464400001121.jpg,n04604644
n0460464400001124.jpg,n04604644
n0460464400001125.jpg,n04604644
n0460464400001127.jpg,n04604644
n0460464400001128.jpg,n04604644
n0460464400001132.jpg,n04604644
n0460464400001138.jpg,n04604644
n0460464400001140.jpg,n04604644
n0460464400001142.jpg,n04604644
n0460464400001145.jpg,n04604644
n0460464400001148.jpg,n04604644
n0460464400001150.jpg,n04604644
n0460464400001155.jpg,n04604644
n0460464400001156.jpg,n04604644
n0460464400001158.jpg,n04604644
n0460464400001160.jpg,n04604644
n0460464400001162.jpg,n04604644
n0460464400001163.jpg,n04604644
n0460464400001164.jpg,n04604644
n0460464400001167.jpg,n04604644
n0460464400001168.jpg,n04604644
n0460464400001172.jpg,n04604644
n0460464400001176.jpg,n04604644
n0460464400001178.jpg,n04604644
n0460464400001180.jpg,n04604644
n0460464400001181.jpg,n04604644
n0460464400001182.jpg,n04604644
n0460464400001187.jpg,n04604644
n0460464400001188.jpg,n04604644
n0460464400001189.jpg,n04604644
n0460464400001191.jpg,n04604644
n0460464400001193.jpg,n04604644
n0460464400001195.jpg,n04604644
n0460464400001197.jpg,n04604644
n0460464400001198.jpg,n04604644
n0460464400001199.jpg,n04604644
n0460464400001201.jpg,n04604644
n0460464400001203.jpg,n04604644
n0460464400001204.jpg,n04604644
n0460464400001205.jpg,n04604644
n0460464400001206.jpg,n04604644
n0460464400001208.jpg,n04604644
n0460464400001209.jpg,n04604644
n0460464400001211.jpg,n04604644
n0460464400001212.jpg,n04604644
n0460464400001214.jpg,n04604644
n0460464400001215.jpg,n04604644
n0460464400001216.jpg,n04604644
n0460464400001218.jpg,n04604644
n0460464400001225.jpg,n04604644
n0460464400001227.jpg,n04604644
n0460464400001228.jpg,n04604644
n0460464400001230.jpg,n04604644
n0460464400001231.jpg,n04604644
n0460464400001236.jpg,n04604644
n0460464400001237.jpg,n04604644
n0460464400001238.jpg,n04604644
n0460464400001239.jpg,n04604644
n0460464400001240.jpg,n04604644
n0460464400001241.jpg,n04604644
n0460464400001242.jpg,n04604644
n0460464400001243.jpg,n04604644
n0460464400001245.jpg,n04604644
n0460464400001249.jpg,n04604644
n0460464400001250.jpg,n04604644
n0460464400001251.jpg,n04604644
n0460464400001252.jpg,n04604644
n0460464400001253.jpg,n04604644
n0460464400001255.jpg,n04604644
n0460464400001256.jpg,n04604644
n0460464400001257.jpg,n04604644
n0460464400001259.jpg,n04604644
n0460464400001261.jpg,n04604644
n0460464400001264.jpg,n04604644
n0460464400001265.jpg,n04604644
n0460464400001269.jpg,n04604644
n0460464400001270.jpg,n04604644
n0460464400001272.jpg,n04604644
n0460464400001273.jpg,n04604644
n0460464400001275.jpg,n04604644
n0460464400001276.jpg,n04604644
n0460464400001277.jpg,n04604644
n0460464400001279.jpg,n04604644
n0460464400001284.jpg,n04604644
n0460464400001286.jpg,n04604644
n0460464400001287.jpg,n04604644
n0460464400001288.jpg,n04604644
n0460464400001289.jpg,n04604644
n0460464400001290.jpg,n04604644
n0460464400001294.jpg,n04604644
n0460464400001295.jpg,n04604644
n0460464400001296.jpg,n04604644
n0460464400001299.jpg,n04604644
n0451500300000002.jpg,n04515003
n0451500300000003.jpg,n04515003
n0451500300000005.jpg,n04515003
n0451500300000008.jpg,n04515003
n0451500300000013.jpg,n04515003
n0451500300000015.jpg,n04515003
n0451500300000016.jpg,n04515003
n0451500300000017.jpg,n04515003
n0451500300000019.jpg,n04515003
n0451500300000023.jpg,n04515003
n0451500300000024.jpg,n04515003
n0451500300000025.jpg,n04515003
n0451500300000032.jpg,n04515003
n0451500300000033.jpg,n04515003
n0451500300000034.jpg,n04515003
n0451500300000036.jpg,n04515003
n0451500300000037.jpg,n04515003
n0451500300000042.jpg,n04515003
n0451500300000044.jpg,n04515003
n0451500300000048.jpg,n04515003
n0451500300000049.jpg,n04515003
n0451500300000050.jpg,n04515003
n0451500300000052.jpg,n04515003
n0451500300000055.jpg,n04515003
n0451500300000056.jpg,n04515003
n0451500300000061.jpg,n04515003
n0451500300000062.jpg,n04515003
n0451500300000063.jpg,n04515003
n0451500300000064.jpg,n04515003
n0451500300000067.jpg,n04515003
n0451500300000069.jpg,n04515003
n0451500300000070.jpg,n04515003
n0451500300000072.jpg,n04515003
n0451500300000073.jpg,n04515003
n0451500300000075.jpg,n04515003
n0451500300000080.jpg,n04515003
n0451500300000082.jpg,n04515003
n0451500300000084.jpg,n04515003
n0451500300000085.jpg,n04515003
n0451500300000086.jpg,n04515003
n0451500300000088.jpg,n04515003
n0451500300000092.jpg,n04515003
n0451500300000093.jpg,n04515003
n0451500300000094.jpg,n04515003
n0451500300000096.jpg,n04515003
n0451500300000097.jpg,n04515003
n0451500300000098.jpg,n04515003
n0451500300000099.jpg,n04515003
n0451500300000100.jpg,n04515003
n0451500300000102.jpg,n04515003
n0451500300000105.jpg,n04515003
n0451500300000107.jpg,n04515003
n0451500300000108.jpg,n04515003
n0451500300000110.jpg,n04515003
n0451500300000111.jpg,n04515003
n0451500300000112.jpg,n04515003
n0451500300000113.jpg,n04515003
n0451500300000118.jpg,n04515003
n0451500300000120.jpg,n04515003
n0451500300000126.jpg,n04515003
n0451500300000128.jpg,n04515003
n0451500300000130.jpg,n04515003
n0451500300000131.jpg,n04515003
n0451500300000132.jpg,n04515003
n0451500300000133.jpg,n04515003
n0451500300000134.jpg,n04515003
n0451500300000136.jpg,n04515003
n0451500300000137.jpg,n04515003
n0451500300000140.jpg,n04515003
n0451500300000141.jpg,n04515003
n0451500300000142.jpg,n04515003
n0451500300000144.jpg,n04515003
n0451500300000147.jpg,n04515003
n0451500300000148.jpg,n04515003
n0451500300000151.jpg,n04515003
n0451500300000154.jpg,n04515003
n0451500300000157.jpg,n04515003
n0451500300000159.jpg,n04515003
n0451500300000161.jpg,n04515003
n0451500300000164.jpg,n04515003
n0451500300000165.jpg,n04515003
n0451500300000166.jpg,n04515003
n0451500300000169.jpg,n04515003
n0451500300000172.jpg,n04515003
n0451500300000173.jpg,n04515003
n0451500300000174.jpg,n04515003
n0451500300000175.jpg,n04515003
n0451500300000177.jpg,n04515003
n0451500300000179.jpg,n04515003
n0451500300000182.jpg,n04515003
n0451500300000185.jpg,n04515003
n0451500300000187.jpg,n04515003
n0451500300000188.jpg,n04515003
n0451500300000191.jpg,n04515003
n0451500300000192.jpg,n04515003
n0451500300000195.jpg,n04515003
n0451500300000197.jpg,n04515003
n0451500300000198.jpg,n04515003
n0451500300000204.jpg,n04515003
n0451500300000207.jpg,n04515003
n0451500300000208.jpg,n04515003
n0451500300000209.jpg,n04515003
n0451500300000211.jpg,n04515003
n0451500300000214.jpg,n04515003
n0451500300000218.jpg,n04515003
n0451500300000220.jpg,n04515003
n0451500300000222.jpg,n04515003
n0451500300000228.jpg,n04515003
n0451500300000229.jpg,n04515003
n0451500300000237.jpg,n04515003
n0451500300000238.jpg,n04515003
n0451500300000241.jpg,n04515003
n0451500300000250.jpg,n04515003
n0451500300000251.jpg,n04515003
n0451500300000253.jpg,n04515003
n0451500300000254.jpg,n04515003
n0451500300000255.jpg,n04515003
n0451500300000257.jpg,n04515003
n0451500300000261.jpg,n04515003
n0451500300000262.jpg,n04515003
n0451500300000263.jpg,n04515003
n0451500300000265.jpg,n04515003
n0451500300000266.jpg,n04515003
n0451500300000268.jpg,n04515003
n0451500300000271.jpg,n04515003
n0451500300000272.jpg,n04515003
n0451500300000274.jpg,n04515003
n0451500300000276.jpg,n04515003
n0451500300000278.jpg,n04515003
n0451500300000280.jpg,n04515003
n0451500300000282.jpg,n04515003
n0451500300000285.jpg,n04515003
n0451500300000288.jpg,n04515003
n0451500300000289.jpg,n04515003
n0451500300000293.jpg,n04515003
n0451500300000296.jpg,n04515003
n0451500300000297.jpg,n04515003
n0451500300000299.jpg,n04515003
n0451500300000300.jpg,n04515003
n0451500300000301.jpg,n04515003
n0451500300000306.jpg,n04515003
n0451500300000311.jpg,n04515003
n0451500300000317.jpg,n04515003
n0451500300000318.jpg,n04515003
n0451500300000321.jpg,n04515003
n0451500300000323.jpg,n04515003
n0451500300000325.jpg,n04515003
n0451500300000327.jpg,n04515003
n0451500300000328.jpg,n04515003
n0451500300000329.jpg,n04515003
n0451500300000331.jpg,n04515003
n0451500300000335.jpg,n04515003
n0451500300000338.jpg,n04515003
n0451500300000342.jpg,n04515003
n0451500300000343.jpg,n04515003
n0451500300000345.jpg,n04515003
n0451500300000348.jpg,n04515003
n0451500300000349.jpg,n04515003
n0451500300000351.jpg,n04515003
n0451500300000352.jpg,n04515003
n0451500300000353.jpg,n04515003
n0451500300000354.jpg,n04515003
n0451500300000358.jpg,n04515003
n0451500300000361.jpg,n04515003
n0451500300000364.jpg,n04515003
n0451500300000367.jpg,n04515003
n0451500300000369.jpg,n04515003
n0451500300000370.jpg,n04515003
n0451500300000375.jpg,n04515003
n0451500300000378.jpg,n04515003
n0451500300000379.jpg,n04515003
n0451500300000382.jpg,n04515003
n0451500300000383.jpg,n04515003
n0451500300000386.jpg,n04515003
n0451500300000392.jpg,n04515003
n0451500300000394.jpg,n04515003
n0451500300000396.jpg,n04515003
n0451500300000399.jpg,n04515003
n0451500300000402.jpg,n04515003
n0451500300000403.jpg,n04515003
n0451500300000408.jpg,n04515003
n0451500300000409.jpg,n04515003
n0451500300000410.jpg,n04515003
n0451500300000414.jpg,n04515003
n0451500300000415.jpg,n04515003
n0451500300000416.jpg,n04515003
n0451500300000419.jpg,n04515003
n0451500300000421.jpg,n04515003
n0451500300000424.jpg,n04515003
n0451500300000425.jpg,n04515003
n0451500300000427.jpg,n04515003
n0451500300000428.jpg,n04515003
n0451500300000429.jpg,n04515003
n0451500300000430.jpg,n04515003
n0451500300000431.jpg,n04515003
n0451500300000432.jpg,n04515003
n0451500300000434.jpg,n04515003
n0451500300000435.jpg,n04515003
n0451500300000436.jpg,n04515003
n0451500300000437.jpg,n04515003
n0451500300000438.jpg,n04515003
n0451500300000440.jpg,n04515003
n0451500300000442.jpg,n04515003
n0451500300000444.jpg,n04515003
n0451500300000447.jpg,n04515003
n0451500300000449.jpg,n04515003
n0451500300000451.jpg,n04515003
n0451500300000452.jpg,n04515003
n0451500300000453.jpg,n04515003
n0451500300000455.jpg,n04515003
n0451500300000457.jpg,n04515003
n0451500300000458.jpg,n04515003
n0451500300000459.jpg,n04515003
n0451500300000464.jpg,n04515003
n0451500300000465.jpg,n04515003
n0451500300000466.jpg,n04515003
n0451500300000467.jpg,n04515003
n0451500300000468.jpg,n04515003
n0451500300000471.jpg,n04515003
n0451500300000472.jpg,n04515003
n0451500300000473.jpg,n04515003
n0451500300000475.jpg,n04515003
n0451500300000478.jpg,n04515003
n0451500300000481.jpg,n04515003
n0451500300000482.jpg,n04515003
n0451500300000483.jpg,n04515003
n0451500300000486.jpg,n04515003
n0451500300000487.jpg,n04515003
n0451500300000491.jpg,n04515003
n0451500300000492.jpg,n04515003
n0451500300000494.jpg,n04515003
n0451500300000497.jpg,n04515003
n0451500300000499.jpg,n04515003
n0451500300000501.jpg,n04515003
n0451500300000502.jpg,n04515003
n0451500300000505.jpg,n04515003
n0451500300000507.jpg,n04515003
n0451500300000508.jpg,n04515003
n0451500300000512.jpg,n04515003
n0451500300000514.jpg,n04515003
n0451500300000517.jpg,n04515003
n0451500300000519.jpg,n04515003
n0451500300000523.jpg,n04515003
n0451500300000525.jpg,n04515003
n0451500300000527.jpg,n04515003
n0451500300000528.jpg,n04515003
n0451500300000530.jpg,n04515003
n0451500300000532.jpg,n04515003
n0451500300000534.jpg,n04515003
n0451500300000536.jpg,n04515003
n0451500300000539.jpg,n04515003
n0451500300000541.jpg,n04515003
n0451500300000542.jpg,n04515003
n0451500300000544.jpg,n04515003
n0451500300000548.jpg,n04515003
n0451500300000549.jpg,n04515003
n0451500300000552.jpg,n04515003
n0451500300000557.jpg,n04515003
n0451500300000559.jpg,n04515003
n0451500300000562.jpg,n04515003
n0451500300000565.jpg,n04515003
n0451500300000569.jpg,n04515003
n0451500300000570.jpg,n04515003
n0451500300000571.jpg,n04515003
n0451500300000572.jpg,n04515003
n0451500300000574.jpg,n04515003
n0451500300000575.jpg,n04515003
n0451500300000576.jpg,n04515003
n0451500300000577.jpg,n04515003
n0451500300000582.jpg,n04515003
n0451500300000584.jpg,n04515003
n0451500300000587.jpg,n04515003
n0451500300000589.jpg,n04515003
n0451500300000591.jpg,n04515003
n0451500300000592.jpg,n04515003
n0451500300000593.jpg,n04515003
n0451500300000595.jpg,n04515003
n0451500300000597.jpg,n04515003
n0451500300000598.jpg,n04515003
n0451500300000602.jpg,n04515003
n0451500300000604.jpg,n04515003
n0451500300000605.jpg,n04515003
n0451500300000607.jpg,n04515003
n0451500300000608.jpg,n04515003
n0451500300000609.jpg,n04515003
n0451500300000611.jpg,n04515003
n0451500300000613.jpg,n04515003
n0451500300000618.jpg,n04515003
n0451500300000619.jpg,n04515003
n0451500300000620.jpg,n04515003
n0451500300000623.jpg,n04515003
n0451500300000626.jpg,n04515003
n0451500300000629.jpg,n04515003
n0451500300000631.jpg,n04515003
n0451500300000636.jpg,n04515003
n0451500300000639.jpg,n04515003
n0451500300000645.jpg,n04515003
n0451500300000647.jpg,n04515003
n0451500300000650.jpg,n04515003
n0451500300000652.jpg,n04515003
n0451500300000656.jpg,n04515003
n0451500300000657.jpg,n04515003
n0451500300000659.jpg,n04515003
n0451500300000661.jpg,n04515003
n0451500300000662.jpg,n04515003
n0451500300000663.jpg,n04515003
n0451500300000664.jpg,n04515003
n0451500300000666.jpg,n04515003
n0451500300000668.jpg,n04515003
n0451500300000670.jpg,n04515003
n0451500300000674.jpg,n04515003
n0451500300000675.jpg,n04515003
n0451500300000678.jpg,n04515003
n0451500300000680.jpg,n04515003
n0451500300000681.jpg,n04515003
n0451500300000682.jpg,n04515003
n0451500300000683.jpg,n04515003
n0451500300000684.jpg,n04515003
n0451500300000686.jpg,n04515003
n0451500300000687.jpg,n04515003
n0451500300000689.jpg,n04515003
n0451500300000692.jpg,n04515003
n0451500300000694.jpg,n04515003
n0451500300000695.jpg,n04515003
n0451500300000697.jpg,n04515003
n0451500300000699.jpg,n04515003
n0451500300000703.jpg,n04515003
n0451500300000704.jpg,n04515003
n0451500300000709.jpg,n04515003
n0451500300000711.jpg,n04515003
n0451500300000713.jpg,n04515003
n0451500300000714.jpg,n04515003
n0451500300000716.jpg,n04515003
n0451500300000717.jpg,n04515003
n0451500300000719.jpg,n04515003
n0451500300000720.jpg,n04515003
n0451500300000722.jpg,n04515003
n0451500300000727.jpg,n04515003
n0451500300000729.jpg,n04515003
n0451500300000730.jpg,n04515003
n0451500300000733.jpg,n04515003
n0451500300000735.jpg,n04515003
n0451500300000736.jpg,n04515003
n0451500300000737.jpg,n04515003
n0451500300000741.jpg,n04515003
n0451500300000745.jpg,n04515003
n0451500300000746.jpg,n04515003
n0451500300000749.jpg,n04515003
n0451500300000750.jpg,n04515003
n0451500300000756.jpg,n04515003
n0451500300000757.jpg,n04515003
n0451500300000758.jpg,n04515003
n0451500300000760.jpg,n04515003
n0451500300000764.jpg,n04515003
n0451500300000767.jpg,n04515003
n0451500300000770.jpg,n04515003
n0451500300000772.jpg,n04515003
n0451500300000773.jpg,n04515003
n0451500300000777.jpg,n04515003
n0451500300000778.jpg,n04515003
n0451500300000780.jpg,n04515003
n0451500300000781.jpg,n04515003
n0451500300000782.jpg,n04515003
n0451500300000784.jpg,n04515003
n0451500300000785.jpg,n04515003
n0451500300000787.jpg,n04515003
n0451500300000788.jpg,n04515003
n0451500300000791.jpg,n04515003
n0451500300000792.jpg,n04515003
n0451500300000795.jpg,n04515003
n0451500300000804.jpg,n04515003
n0451500300000807.jpg,n04515003
n0451500300000808.jpg,n04515003
n0451500300000809.jpg,n04515003
n0451500300000810.jpg,n04515003
n0451500300000813.jpg,n04515003
n0451500300000814.jpg,n04515003
n0451500300000815.jpg,n04515003
n0451500300000816.jpg,n04515003
n0451500300000818.jpg,n04515003
n0451500300000821.jpg,n04515003
n0451500300000822.jpg,n04515003
n0451500300000825.jpg,n04515003
n0451500300000827.jpg,n04515003
n0451500300000828.jpg,n04515003
n0451500300000830.jpg,n04515003
n0451500300000831.jpg,n04515003
n0451500300000832.jpg,n04515003
n0451500300000836.jpg,n04515003
n0451500300000837.jpg,n04515003
n0451500300000840.jpg,n04515003
n0451500300000842.jpg,n04515003
n0451500300000845.jpg,n04515003
n0451500300000848.jpg,n04515003
n0451500300000849.jpg,n04515003
n0451500300000850.jpg,n04515003
n0451500300000856.jpg,n04515003
n0451500300000857.jpg,n04515003
n0451500300000858.jpg,n04515003
n0451500300000861.jpg,n04515003
n0451500300000862.jpg,n04515003
n0451500300000868.jpg,n04515003
n0451500300000870.jpg,n04515003
n0451500300000871.jpg,n04515003
n0451500300000873.jpg,n04515003
n0451500300000879.jpg,n04515003
n0451500300000883.jpg,n04515003
n0451500300000884.jpg,n04515003
n0451500300000885.jpg,n04515003
n0451500300000887.jpg,n04515003
n0451500300000891.jpg,n04515003
n0451500300000892.jpg,n04515003
n0451500300000893.jpg,n04515003
n0451500300000896.jpg,n04515003
n0451500300000898.jpg,n04515003
n0451500300000900.jpg,n04515003
n0451500300000903.jpg,n04515003
n0451500300000904.jpg,n04515003
n0451500300000905.jpg,n04515003
n0451500300000907.jpg,n04515003
n0451500300000908.jpg,n04515003
n0451500300000909.jpg,n04515003
n0451500300000910.jpg,n04515003
n0451500300000914.jpg,n04515003
n0451500300000915.jpg,n04515003
n0451500300000916.jpg,n04515003
n0451500300000918.jpg,n04515003
n0451500300000919.jpg,n04515003
n0451500300000924.jpg,n04515003
n0451500300000926.jpg,n04515003
n0451500300000929.jpg,n04515003
n0451500300000930.jpg,n04515003
n0451500300000931.jpg,n04515003
n0451500300000936.jpg,n04515003
n0451500300000941.jpg,n04515003
n0451500300000946.jpg,n04515003
n0451500300000948.jpg,n04515003
n0451500300000949.jpg,n04515003
n0451500300000950.jpg,n04515003
n0451500300000953.jpg,n04515003
n0451500300000960.jpg,n04515003
n0451500300000961.jpg,n04515003
n0451500300000963.jpg,n04515003
n0451500300000964.jpg,n04515003
n0451500300000967.jpg,n04515003
n0451500300000968.jpg,n04515003
n0451500300000970.jpg,n04515003
n0451500300000983.jpg,n04515003
n0451500300000985.jpg,n04515003
n0451500300000986.jpg,n04515003
n0451500300000989.jpg,n04515003
n0451500300000991.jpg,n04515003
n0451500300000993.jpg,n04515003
n0451500300000994.jpg,n04515003
n0451500300000997.jpg,n04515003
n0451500300000998.jpg,n04515003
n0451500300000999.jpg,n04515003
n0451500300001000.jpg,n04515003
n0451500300001001.jpg,n04515003
n0451500300001005.jpg,n04515003
n0451500300001009.jpg,n04515003
n0451500300001010.jpg,n04515003
n0451500300001011.jpg,n04515003
n0451500300001014.jpg,n04515003
n0451500300001015.jpg,n04515003
n0451500300001016.jpg,n04515003
n0451500300001017.jpg,n04515003
n0451500300001020.jpg,n04515003
n0451500300001021.jpg,n04515003
n0451500300001022.jpg,n04515003
n0451500300001025.jpg,n04515003
n0451500300001028.jpg,n04515003
n0451500300001029.jpg,n04515003
n0451500300001030.jpg,n04515003
n0451500300001032.jpg,n04515003
n0451500300001033.jpg,n04515003
n0451500300001034.jpg,n04515003
n0451500300001038.jpg,n04515003
n0451500300001040.jpg,n04515003
n0451500300001041.jpg,n04515003
n0451500300001042.jpg,n04515003
n0451500300001043.jpg,n04515003
n0451500300001045.jpg,n04515003
n0451500300001046.jpg,n04515003
n0451500300001048.jpg,n04515003
n0451500300001049.jpg,n04515003
n0451500300001054.jpg,n04515003
n0451500300001055.jpg,n04515003
n0451500300001057.jpg,n04515003
n0451500300001060.jpg,n04515003
n0451500300001064.jpg,n04515003
n0451500300001066.jpg,n04515003
n0451500300001071.jpg,n04515003
n0451500300001073.jpg,n04515003
n0451500300001075.jpg,n04515003
n0451500300001078.jpg,n04515003
n0451500300001079.jpg,n04515003
n0451500300001081.jpg,n04515003
n0451500300001086.jpg,n04515003
n0451500300001088.jpg,n04515003
n0451500300001090.jpg,n04515003
n0451500300001094.jpg,n04515003
n0451500300001095.jpg,n04515003
n0451500300001099.jpg,n04515003
n0451500300001100.jpg,n04515003
n0451500300001101.jpg,n04515003
n0451500300001102.jpg,n04515003
n0451500300001106.jpg,n04515003
n0451500300001108.jpg,n04515003
n0451500300001111.jpg,n04515003
n0451500300001112.jpg,n04515003
n0451500300001113.jpg,n04515003
n0451500300001115.jpg,n04515003
n0451500300001116.jpg,n04515003
n0451500300001119.jpg,n04515003
n0451500300001120.jpg,n04515003
n0451500300001121.jpg,n04515003
n0451500300001122.jpg,n04515003
n0451500300001123.jpg,n04515003
n0451500300001125.jpg,n04515003
n0451500300001126.jpg,n04515003
n0451500300001127.jpg,n04515003
n0451500300001128.jpg,n04515003
n0451500300001129.jpg,n04515003
n0451500300001130.jpg,n04515003
n0451500300001132.jpg,n04515003
n0451500300001133.jpg,n04515003
n0451500300001137.jpg,n04515003
n0451500300001140.jpg,n04515003
n0451500300001141.jpg,n04515003
n0451500300001142.jpg,n04515003
n0451500300001144.jpg,n04515003
n0451500300001145.jpg,n04515003
n0451500300001146.jpg,n04515003
n0451500300001147.jpg,n04515003
n0451500300001150.jpg,n04515003
n0451500300001151.jpg,n04515003
n0451500300001152.jpg,n04515003
n0451500300001155.jpg,n04515003
n0451500300001158.jpg,n04515003
n0451500300001159.jpg,n04515003
n0451500300001162.jpg,n04515003
n0451500300001163.jpg,n04515003
n0451500300001166.jpg,n04515003
n0451500300001169.jpg,n04515003
n0451500300001172.jpg,n04515003
n0451500300001173.jpg,n04515003
n0451500300001174.jpg,n04515003
n0451500300001175.jpg,n04515003
n0451500300001179.jpg,n04515003
n0451500300001186.jpg,n04515003
n0451500300001193.jpg,n04515003
n0451500300001196.jpg,n04515003
n0451500300001199.jpg,n04515003
n0451500300001205.jpg,n04515003
n0451500300001209.jpg,n04515003
n0451500300001210.jpg,n04515003
n0451500300001211.jpg,n04515003
n0451500300001213.jpg,n04515003
n0451500300001215.jpg,n04515003
n0451500300001216.jpg,n04515003
n0451500300001217.jpg,n04515003
n0451500300001221.jpg,n04515003
n0451500300001228.jpg,n04515003
n0451500300001229.jpg,n04515003
n0451500300001232.jpg,n04515003
n0451500300001233.jpg,n04515003
n0451500300001235.jpg,n04515003
n0451500300001236.jpg,n04515003
n0451500300001238.jpg,n04515003
n0451500300001239.jpg,n04515003
n0451500300001246.jpg,n04515003
n0451500300001248.jpg,n04515003
n0451500300001250.jpg,n04515003
n0451500300001256.jpg,n04515003
n0451500300001257.jpg,n04515003
n0451500300001258.jpg,n04515003
n0451500300001259.jpg,n04515003
n0451500300001260.jpg,n04515003
n0451500300001261.jpg,n04515003
n0451500300001262.jpg,n04515003
n0451500300001263.jpg,n04515003
n0451500300001264.jpg,n04515003
n0451500300001265.jpg,n04515003
n0451500300001268.jpg,n04515003
n0451500300001269.jpg,n04515003
n0451500300001270.jpg,n04515003
n0451500300001272.jpg,n04515003
n0451500300001273.jpg,n04515003
n0451500300001274.jpg,n04515003
n0451500300001276.jpg,n04515003
n0451500300001279.jpg,n04515003
n0451500300001282.jpg,n04515003
n0451500300001284.jpg,n04515003
n0451500300001286.jpg,n04515003
n0451500300001288.jpg,n04515003
n0451500300001291.jpg,n04515003
n0451500300001292.jpg,n04515003
n0451500300001297.jpg,n04515003
n0451500300001298.jpg,n04515003
n1313361300000001.jpg,n13133613
n1313361300000002.jpg,n13133613
n1313361300000004.jpg,n13133613
n1313361300000007.jpg,n13133613
n1313361300000008.jpg,n13133613
n1313361300000009.jpg,n13133613
n1313361300000012.jpg,n13133613
n1313361300000014.jpg,n13133613
n1313361300000015.jpg,n13133613
n1313361300000017.jpg,n13133613
n1313361300000018.jpg,n13133613
n1313361300000021.jpg,n13133613
n1313361300000022.jpg,n13133613
n1313361300000024.jpg,n13133613
n1313361300000028.jpg,n13133613
n1313361300000033.jpg,n13133613
n1313361300000035.jpg,n13133613
n1313361300000040.jpg,n13133613
n1313361300000041.jpg,n13133613
n1313361300000042.jpg,n13133613
n1313361300000044.jpg,n13133613
n1313361300000045.jpg,n13133613
n1313361300000046.jpg,n13133613
n1313361300000047.jpg,n13133613
n1313361300000048.jpg,n13133613
n1313361300000049.jpg,n13133613
n1313361300000050.jpg,n13133613
n1313361300000051.jpg,n13133613
n1313361300000052.jpg,n13133613
n1313361300000054.jpg,n13133613
n1313361300000055.jpg,n13133613
n1313361300000056.jpg,n13133613
n1313361300000059.jpg,n13133613
n1313361300000062.jpg,n13133613
n1313361300000063.jpg,n13133613
n1313361300000064.jpg,n13133613
n1313361300000065.jpg,n13133613
n1313361300000066.jpg,n13133613
n1313361300000067.jpg,n13133613
n1313361300000070.jpg,n13133613
n1313361300000076.jpg,n13133613
n1313361300000077.jpg,n13133613
n1313361300000078.jpg,n13133613
n1313361300000079.jpg,n13133613
n1313361300000083.jpg,n13133613
n1313361300000085.jpg,n13133613
n1313361300000086.jpg,n13133613
n1313361300000087.jpg,n13133613
n1313361300000088.jpg,n13133613
n1313361300000090.jpg,n13133613
n1313361300000091.jpg,n13133613
n1313361300000094.jpg,n13133613
n1313361300000095.jpg,n13133613
n1313361300000096.jpg,n13133613
n1313361300000097.jpg,n13133613
n1313361300000098.jpg,n13133613
n1313361300000101.jpg,n13133613
n1313361300000102.jpg,n13133613
n1313361300000104.jpg,n13133613
n1313361300000106.jpg,n13133613
n1313361300000110.jpg,n13133613
n1313361300000112.jpg,n13133613
n1313361300000113.jpg,n13133613
n1313361300000116.jpg,n13133613
n1313361300000117.jpg,n13133613
n1313361300000123.jpg,n13133613
n1313361300000124.jpg,n13133613
n1313361300000128.jpg,n13133613
n1313361300000130.jpg,n13133613
n1313361300000131.jpg,n13133613
n1313361300000137.jpg,n13133613
n1313361300000139.jpg,n13133613
n1313361300000143.jpg,n13133613
n1313361300000144.jpg,n13133613
n1313361300000147.jpg,n13133613
n1313361300000148.jpg,n13133613
n1313361300000150.jpg,n13133613
n1313361300000152.jpg,n13133613
n1313361300000153.jpg,n13133613
n1313361300000154.jpg,n13133613
n1313361300000155.jpg,n13133613
n1313361300000157.jpg,n13133613
n1313361300000158.jpg,n13133613
n1313361300000159.jpg,n13133613
n1313361300000160.jpg,n13133613
n1313361300000161.jpg,n13133613
n1313361300000162.jpg,n13133613
n1313361300000165.jpg,n13133613
n1313361300000166.jpg,n13133613
n1313361300000168.jpg,n13133613
n1313361300000170.jpg,n13133613
n1313361300000171.jpg,n13133613
n1313361300000175.jpg,n13133613
n1313361300000177.jpg,n13133613
n1313361300000181.jpg,n13133613
n1313361300000183.jpg,n13133613
n1313361300000189.jpg,n13133613
n1313361300000192.jpg,n13133613
n1313361300000193.jpg,n13133613
n1313361300000196.jpg,n13133613
n1313361300000200.jpg,n13133613
n1313361300000201.jpg,n13133613
n1313361300000202.jpg,n13133613
n1313361300000206.jpg,n13133613
n1313361300000209.jpg,n13133613
n1313361300000213.jpg,n13133613
n1313361300000214.jpg,n13133613
n1313361300000215.jpg,n13133613
n1313361300000216.jpg,n13133613
n1313361300000218.jpg,n13133613
n1313361300000219.jpg,n13133613
n1313361300000220.jpg,n13133613
n1313361300000224.jpg,n13133613
n1313361300000227.jpg,n13133613
n1313361300000228.jpg,n13133613
n1313361300000231.jpg,n13133613
n1313361300000232.jpg,n13133613
n1313361300000234.jpg,n13133613
n1313361300000235.jpg,n13133613
n1313361300000237.jpg,n13133613
n1313361300000240.jpg,n13133613
n1313361300000244.jpg,n13133613
n1313361300000247.jpg,n13133613
n1313361300000249.jpg,n13133613
n1313361300000251.jpg,n13133613
n1313361300000256.jpg,n13133613
n1313361300000257.jpg,n13133613
n1313361300000258.jpg,n13133613
n1313361300000259.jpg,n13133613
n1313361300000263.jpg,n13133613
n1313361300000264.jpg,n13133613
n1313361300000265.jpg,n13133613
n1313361300000270.jpg,n13133613
n1313361300000271.jpg,n13133613
n1313361300000272.jpg,n13133613
n1313361300000274.jpg,n13133613
n1313361300000276.jpg,n13133613
n1313361300000278.jpg,n13133613
n1313361300000279.jpg,n13133613
n1313361300000281.jpg,n13133613
n1313361300000282.jpg,n13133613
n1313361300000283.jpg,n13133613
n1313361300000284.jpg,n13133613
n1313361300000287.jpg,n13133613
n1313361300000288.jpg,n13133613
n1313361300000293.jpg,n13133613
n1313361300000294.jpg,n13133613
n1313361300000295.jpg,n13133613
n1313361300000298.jpg,n13133613
n1313361300000299.jpg,n13133613
n1313361300000301.jpg,n13133613
n1313361300000302.jpg,n13133613
n1313361300000303.jpg,n13133613
n1313361300000310.jpg,n13133613
n1313361300000311.jpg,n13133613
n1313361300000313.jpg,n13133613
n1313361300000314.jpg,n13133613
n1313361300000315.jpg,n13133613
n1313361300000317.jpg,n13133613
n1313361300000318.jpg,n13133613
n1313361300000320.jpg,n13133613
n1313361300000321.jpg,n13133613
n1313361300000322.jpg,n13133613
n1313361300000324.jpg,n13133613
n1313361300000326.jpg,n13133613
n1313361300000327.jpg,n13133613
n1313361300000328.jpg,n13133613
n1313361300000329.jpg,n13133613
n1313361300000330.jpg,n13133613
n1313361300000332.jpg,n13133613
n1313361300000333.jpg,n13133613
n1313361300000334.jpg,n13133613
n1313361300000335.jpg,n13133613
n1313361300000337.jpg,n13133613
n1313361300000339.jpg,n13133613
n1313361300000340.jpg,n13133613
n1313361300000344.jpg,n13133613
n1313361300000347.jpg,n13133613
n1313361300000357.jpg,n13133613
n1313361300000358.jpg,n13133613
n1313361300000359.jpg,n13133613
n1313361300000362.jpg,n13133613
n1313361300000365.jpg,n13133613
n1313361300000368.jpg,n13133613
n1313361300000370.jpg,n13133613
n1313361300000371.jpg,n13133613
n1313361300000375.jpg,n13133613
n1313361300000376.jpg,n13133613
n1313361300000379.jpg,n13133613
n1313361300000382.jpg,n13133613
n1313361300000384.jpg,n13133613
n1313361300000385.jpg,n13133613
n1313361300000386.jpg,n13133613
n1313361300000389.jpg,n13133613
n1313361300000391.jpg,n13133613
n1313361300000397.jpg,n13133613
n1313361300000399.jpg,n13133613
n1313361300000400.jpg,n13133613
n1313361300000404.jpg,n13133613
n1313361300000407.jpg,n13133613
n1313361300000409.jpg,n13133613
n1313361300000410.jpg,n13133613
n1313361300000411.jpg,n13133613
n1313361300000416.jpg,n13133613
n1313361300000418.jpg,n13133613
n1313361300000419.jpg,n13133613
n1313361300000420.jpg,n13133613
n1313361300000421.jpg,n13133613
n1313361300000427.jpg,n13133613
n1313361300000428.jpg,n13133613
n1313361300000429.jpg,n13133613
n1313361300000430.jpg,n13133613
n1313361300000431.jpg,n13133613
n1313361300000432.jpg,n13133613
n1313361300000435.jpg,n13133613
n1313361300000438.jpg,n13133613
n1313361300000440.jpg,n13133613
n1313361300000443.jpg,n13133613
n1313361300000444.jpg,n13133613
n1313361300000447.jpg,n13133613
n1313361300000449.jpg,n13133613
n1313361300000450.jpg,n13133613
n1313361300000451.jpg,n13133613
n1313361300000452.jpg,n13133613
n1313361300000458.jpg,n13133613
n1313361300000459.jpg,n13133613
n1313361300000467.jpg,n13133613
n1313361300000470.jpg,n13133613
n1313361300000471.jpg,n13133613
n1313361300000473.jpg,n13133613
n1313361300000474.jpg,n13133613
n1313361300000477.jpg,n13133613
n1313361300000481.jpg,n13133613
n1313361300000482.jpg,n13133613
n1313361300000484.jpg,n13133613
n1313361300000487.jpg,n13133613
n1313361300000490.jpg,n13133613
n1313361300000491.jpg,n13133613
n1313361300000492.jpg,n13133613
n1313361300000494.jpg,n13133613
n1313361300000497.jpg,n13133613
n1313361300000498.jpg,n13133613
n1313361300000499.jpg,n13133613
n1313361300000500.jpg,n13133613
n1313361300000502.jpg,n13133613
n1313361300000507.jpg,n13133613
n1313361300000511.jpg,n13133613
n1313361300000517.jpg,n13133613
n1313361300000518.jpg,n13133613
n1313361300000521.jpg,n13133613
n1313361300000522.jpg,n13133613
n1313361300000523.jpg,n13133613
n1313361300000528.jpg,n13133613
n1313361300000532.jpg,n13133613
n1313361300000533.jpg,n13133613
n1313361300000534.jpg,n13133613
n1313361300000537.jpg,n13133613
n1313361300000540.jpg,n13133613
n1313361300000541.jpg,n13133613
n1313361300000542.jpg,n13133613
n1313361300000543.jpg,n13133613
n1313361300000544.jpg,n13133613
n1313361300000545.jpg,n13133613
n1313361300000546.jpg,n13133613
n1313361300000547.jpg,n13133613
n1313361300000549.jpg,n13133613
n1313361300000550.jpg,n13133613
n1313361300000551.jpg,n13133613
n1313361300000556.jpg,n13133613
n1313361300000557.jpg,n13133613
n1313361300000561.jpg,n13133613
n1313361300000562.jpg,n13133613
n1313361300000563.jpg,n13133613
n1313361300000565.jpg,n13133613
n1313361300000569.jpg,n13133613
n1313361300000570.jpg,n13133613
n1313361300000571.jpg,n13133613
n1313361300000572.jpg,n13133613
n1313361300000574.jpg,n13133613
n1313361300000575.jpg,n13133613
n1313361300000576.jpg,n13133613
n1313361300000580.jpg,n13133613
n1313361300000584.jpg,n13133613
n1313361300000587.jpg,n13133613
n1313361300000588.jpg,n13133613
n1313361300000591.jpg,n13133613
n1313361300000592.jpg,n13133613
n1313361300000596.jpg,n13133613
n1313361300000598.jpg,n13133613
n1313361300000599.jpg,n13133613
n1313361300000605.jpg,n13133613
n1313361300000606.jpg,n13133613
n1313361300000608.jpg,n13133613
n1313361300000610.jpg,n13133613
n1313361300000611.jpg,n13133613
n1313361300000614.jpg,n13133613
n1313361300000617.jpg,n13133613
n1313361300000618.jpg,n13133613
n1313361300000622.jpg,n13133613
n1313361300000623.jpg,n13133613
n1313361300000624.jpg,n13133613
n1313361300000625.jpg,n13133613
n1313361300000629.jpg,n13133613
n1313361300000630.jpg,n13133613
n1313361300000634.jpg,n13133613
n1313361300000635.jpg,n13133613
n1313361300000639.jpg,n13133613
n1313361300000642.jpg,n13133613
n1313361300000650.jpg,n13133613
n1313361300000651.jpg,n13133613
n1313361300000652.jpg,n13133613
n1313361300000654.jpg,n13133613
n1313361300000655.jpg,n13133613
n1313361300000657.jpg,n13133613
n1313361300000658.jpg,n13133613
n1313361300000659.jpg,n13133613
n1313361300000661.jpg,n13133613
n1313361300000663.jpg,n13133613
n1313361300000664.jpg,n13133613
n1313361300000667.jpg,n13133613
n1313361300000668.jpg,n13133613
n1313361300000669.jpg,n13133613
n1313361300000672.jpg,n13133613
n1313361300000673.jpg,n13133613
n1313361300000675.jpg,n13133613
n1313361300000679.jpg,n13133613
n1313361300000680.jpg,n13133613
n1313361300000681.jpg,n13133613
n1313361300000682.jpg,n13133613
n1313361300000684.jpg,n13133613
n1313361300000685.jpg,n13133613
n1313361300000687.jpg,n13133613
n1313361300000689.jpg,n13133613
n1313361300000691.jpg,n13133613
n1313361300000693.jpg,n13133613
n1313361300000697.jpg,n13133613
n1313361300000699.jpg,n13133613
n1313361300000701.jpg,n13133613
n1313361300000702.jpg,n13133613
n1313361300000704.jpg,n13133613
n1313361300000705.jpg,n13133613
n1313361300000708.jpg,n13133613
n1313361300000713.jpg,n13133613
n1313361300000714.jpg,n13133613
n1313361300000715.jpg,n13133613
n1313361300000717.jpg,n13133613
n1313361300000720.jpg,n13133613
n1313361300000721.jpg,n13133613
n1313361300000724.jpg,n13133613
n1313361300000726.jpg,n13133613
n1313361300000727.jpg,n13133613
n1313361300000728.jpg,n13133613
n1313361300000730.jpg,n13133613
n1313361300000731.jpg,n13133613
n1313361300000732.jpg,n13133613
n1313361300000733.jpg,n13133613
n1313361300000734.jpg,n13133613
n1313361300000735.jpg,n13133613
n1313361300000736.jpg,n13133613
n1313361300000738.jpg,n13133613
n1313361300000739.jpg,n13133613
n1313361300000743.jpg,n13133613
n1313361300000747.jpg,n13133613
n1313361300000749.jpg,n13133613
n1313361300000751.jpg,n13133613
n1313361300000752.jpg,n13133613
n1313361300000755.jpg,n13133613
n1313361300000758.jpg,n13133613
n1313361300000764.jpg,n13133613
n1313361300000768.jpg,n13133613
n1313361300000769.jpg,n13133613
n1313361300000771.jpg,n13133613
n1313361300000775.jpg,n13133613
n1313361300000778.jpg,n13133613
n1313361300000779.jpg,n13133613
n1313361300000780.jpg,n13133613
n1313361300000793.jpg,n13133613
n1313361300000795.jpg,n13133613
n1313361300000796.jpg,n13133613
n1313361300000797.jpg,n13133613
n1313361300000801.jpg,n13133613
n1313361300000802.jpg,n13133613
n1313361300000805.jpg,n13133613
n1313361300000809.jpg,n13133613
n1313361300000815.jpg,n13133613
n1313361300000818.jpg,n13133613
n1313361300000820.jpg,n13133613
n1313361300000825.jpg,n13133613
n1313361300000830.jpg,n13133613
n1313361300000831.jpg,n13133613
n1313361300000834.jpg,n13133613
n1313361300000835.jpg,n13133613
n1313361300000836.jpg,n13133613
n1313361300000838.jpg,n13133613
n1313361300000841.jpg,n13133613
n1313361300000842.jpg,n13133613
n1313361300000843.jpg,n13133613
n1313361300000846.jpg,n13133613
n1313361300000847.jpg,n13133613
n1313361300000848.jpg,n13133613
n1313361300000849.jpg,n13133613
n1313361300000851.jpg,n13133613
n1313361300000852.jpg,n13133613
n1313361300000855.jpg,n13133613
n1313361300000857.jpg,n13133613
n1313361300000862.jpg,n13133613
n1313361300000864.jpg,n13133613
n1313361300000865.jpg,n13133613
n1313361300000866.jpg,n13133613
n1313361300000867.jpg,n13133613
n1313361300000871.jpg,n13133613
n1313361300000872.jpg,n13133613
n1313361300000873.jpg,n13133613
n1313361300000880.jpg,n13133613
n1313361300000882.jpg,n13133613
n1313361300000884.jpg,n13133613
n1313361300000885.jpg,n13133613
n1313361300000886.jpg,n13133613
n1313361300000890.jpg,n13133613
n1313361300000892.jpg,n13133613
n1313361300000894.jpg,n13133613
n1313361300000898.jpg,n13133613
n1313361300000899.jpg,n13133613
n1313361300000901.jpg,n13133613
n1313361300000902.jpg,n13133613
n1313361300000911.jpg,n13133613
n1313361300000912.jpg,n13133613
n1313361300000913.jpg,n13133613
n1313361300000915.jpg,n13133613
n1313361300000918.jpg,n13133613
n1313361300000921.jpg,n13133613
n1313361300000922.jpg,n13133613
n1313361300000923.jpg,n13133613
n1313361300000929.jpg,n13133613
n1313361300000930.jpg,n13133613
n1313361300000932.jpg,n13133613
n1313361300000934.jpg,n13133613
n1313361300000938.jpg,n13133613
n1313361300000939.jpg,n13133613
n1313361300000940.jpg,n13133613
n1313361300000947.jpg,n13133613
n1313361300000949.jpg,n13133613
n1313361300000950.jpg,n13133613
n1313361300000951.jpg,n13133613
n1313361300000952.jpg,n13133613
n1313361300000953.jpg,n13133613
n1313361300000956.jpg,n13133613
n1313361300000961.jpg,n13133613
n1313361300000962.jpg,n13133613
n1313361300000963.jpg,n13133613
n1313361300000964.jpg,n13133613
n1313361300000965.jpg,n13133613
n1313361300000966.jpg,n13133613
n1313361300000974.jpg,n13133613
n1313361300000979.jpg,n13133613
n1313361300000980.jpg,n13133613
n1313361300000982.jpg,n13133613
n1313361300000984.jpg,n13133613
n1313361300000985.jpg,n13133613
n1313361300000989.jpg,n13133613
n1313361300000991.jpg,n13133613
n1313361300000992.jpg,n13133613
n1313361300000993.jpg,n13133613
n1313361300000995.jpg,n13133613
n1313361300001001.jpg,n13133613
n1313361300001002.jpg,n13133613
n1313361300001003.jpg,n13133613
n1313361300001006.jpg,n13133613
n1313361300001010.jpg,n13133613
n1313361300001013.jpg,n13133613
n1313361300001014.jpg,n13133613
n1313361300001017.jpg,n13133613
n1313361300001019.jpg,n13133613
n1313361300001022.jpg,n13133613
n1313361300001023.jpg,n13133613
n1313361300001027.jpg,n13133613
n1313361300001029.jpg,n13133613
n1313361300001030.jpg,n13133613
n1313361300001033.jpg,n13133613
n1313361300001034.jpg,n13133613
n1313361300001035.jpg,n13133613
n1313361300001039.jpg,n13133613
n1313361300001041.jpg,n13133613
n1313361300001043.jpg,n13133613
n1313361300001047.jpg,n13133613
n1313361300001048.jpg,n13133613
n1313361300001051.jpg,n13133613
n1313361300001053.jpg,n13133613
n1313361300001054.jpg,n13133613
n1313361300001060.jpg,n13133613
n1313361300001063.jpg,n13133613
n1313361300001064.jpg,n13133613
n1313361300001066.jpg,n13133613
n1313361300001067.jpg,n13133613
n1313361300001068.jpg,n13133613
n1313361300001073.jpg,n13133613
n1313361300001078.jpg,n13133613
n1313361300001079.jpg,n13133613
n1313361300001081.jpg,n13133613
n1313361300001082.jpg,n13133613
n1313361300001085.jpg,n13133613
n1313361300001088.jpg,n13133613
n1313361300001089.jpg,n13133613
n1313361300001090.jpg,n13133613
n1313361300001094.jpg,n13133613
n1313361300001095.jpg,n13133613
n1313361300001098.jpg,n13133613
n1313361300001100.jpg,n13133613
n1313361300001101.jpg,n13133613
n1313361300001102.jpg,n13133613
n1313361300001110.jpg,n13133613
n1313361300001111.jpg,n13133613
n1313361300001112.jpg,n13133613
n1313361300001113.jpg,n13133613
n1313361300001117.jpg,n13133613
n1313361300001118.jpg,n13133613
n1313361300001119.jpg,n13133613
n1313361300001120.jpg,n13133613
n1313361300001122.jpg,n13133613
n1313361300001125.jpg,n13133613
n1313361300001126.jpg,n13133613
n1313361300001127.jpg,n13133613
n1313361300001130.jpg,n13133613
n1313361300001131.jpg,n13133613
n1313361300001134.jpg,n13133613
n1313361300001136.jpg,n13133613
n1313361300001137.jpg,n13133613
n1313361300001144.jpg,n13133613
n1313361300001145.jpg,n13133613
n1313361300001146.jpg,n13133613
n1313361300001147.jpg,n13133613
n1313361300001148.jpg,n13133613
n1313361300001149.jpg,n13133613
n1313361300001150.jpg,n13133613
n1313361300001153.jpg,n13133613
n1313361300001154.jpg,n13133613
n1313361300001157.jpg,n13133613
n1313361300001158.jpg,n13133613
n1313361300001160.jpg,n13133613
n1313361300001161.jpg,n13133613
n1313361300001162.jpg,n13133613
n1313361300001165.jpg,n13133613
n1313361300001167.jpg,n13133613
n1313361300001168.jpg,n13133613
n1313361300001170.jpg,n13133613
n1313361300001171.jpg,n13133613
n1313361300001172.jpg,n13133613
n1313361300001173.jpg,n13133613
n1313361300001179.jpg,n13133613
n1313361300001181.jpg,n13133613
n1313361300001182.jpg,n13133613
n1313361300001187.jpg,n13133613
n1313361300001188.jpg,n13133613
n1313361300001190.jpg,n13133613
n1313361300001191.jpg,n13133613
n1313361300001192.jpg,n13133613
n1313361300001194.jpg,n13133613
n1313361300001196.jpg,n13133613
n1313361300001198.jpg,n13133613
n1313361300001200.jpg,n13133613
n1313361300001201.jpg,n13133613
n1313361300001203.jpg,n13133613
n1313361300001206.jpg,n13133613
n1313361300001207.jpg,n13133613
n1313361300001208.jpg,n13133613
n1313361300001212.jpg,n13133613
n1313361300001214.jpg,n13133613
n1313361300001221.jpg,n13133613
n1313361300001222.jpg,n13133613
n1313361300001224.jpg,n13133613
n1313361300001227.jpg,n13133613
n1313361300001228.jpg,n13133613
n1313361300001231.jpg,n13133613
n1313361300001232.jpg,n13133613
n1313361300001239.jpg,n13133613
n1313361300001240.jpg,n13133613
n1313361300001241.jpg,n13133613
n1313361300001242.jpg,n13133613
n1313361300001243.jpg,n13133613
n1313361300001249.jpg,n13133613
n1313361300001251.jpg,n13133613
n1313361300001252.jpg,n13133613
n1313361300001262.jpg,n13133613
n1313361300001265.jpg,n13133613
n1313361300001267.jpg,n13133613
n1313361300001269.jpg,n13133613
n1313361300001270.jpg,n13133613
n1313361300001271.jpg,n13133613
n1313361300001272.jpg,n13133613
n1313361300001275.jpg,n13133613
n1313361300001276.jpg,n13133613
n1313361300001279.jpg,n13133613
n1313361300001282.jpg,n13133613
n1313361300001285.jpg,n13133613
n1313361300001286.jpg,n13133613
n1313361300001288.jpg,n13133613
n1313361300001290.jpg,n13133613
n1313361300001296.jpg,n13133613
n1313361300001297.jpg,n13133613
n1313361300001299.jpg,n13133613
n1305456000000001.jpg,n13054560
n1305456000000004.jpg,n13054560
n1305456000000005.jpg,n13054560
n1305456000000008.jpg,n13054560
n1305456000000009.jpg,n13054560
n1305456000000014.jpg,n13054560
n1305456000000016.jpg,n13054560
n1305456000000017.jpg,n13054560
n1305456000000018.jpg,n13054560
n1305456000000021.jpg,n13054560
n1305456000000025.jpg,n13054560
n1305456000000026.jpg,n13054560
n1305456000000027.jpg,n13054560
n1305456000000030.jpg,n13054560
n1305456000000032.jpg,n13054560
n1305456000000033.jpg,n13054560
n1305456000000034.jpg,n13054560
n1305456000000035.jpg,n13054560
n1305456000000037.jpg,n13054560
n1305456000000038.jpg,n13054560
n1305456000000039.jpg,n13054560
n1305456000000040.jpg,n13054560
n1305456000000041.jpg,n13054560
n1305456000000042.jpg,n13054560
n1305456000000043.jpg,n13054560
n1305456000000045.jpg,n13054560
n1305456000000046.jpg,n13054560
n1305456000000047.jpg,n13054560
n1305456000000048.jpg,n13054560
n1305456000000052.jpg,n13054560
n1305456000000057.jpg,n13054560
n1305456000000058.jpg,n13054560
n1305456000000060.jpg,n13054560
n1305456000000061.jpg,n13054560
n1305456000000062.jpg,n13054560
n1305456000000063.jpg,n13054560
n1305456000000066.jpg,n13054560
n1305456000000067.jpg,n13054560
n1305456000000068.jpg,n13054560
n1305456000000073.jpg,n13054560
n1305456000000074.jpg,n13054560
n1305456000000076.jpg,n13054560
n1305456000000077.jpg,n13054560
n1305456000000078.jpg,n13054560
n1305456000000081.jpg,n13054560
n1305456000000083.jpg,n13054560
n1305456000000085.jpg,n13054560
n1305456000000086.jpg,n13054560
n1305456000000087.jpg,n13054560
n1305456000000088.jpg,n13054560
n1305456000000093.jpg,n13054560
n1305456000000094.jpg,n13054560
n1305456000000097.jpg,n13054560
n1305456000000098.jpg,n13054560
n1305456000000099.jpg,n13054560
n1305456000000100.jpg,n13054560
n1305456000000101.jpg,n13054560
n1305456000000102.jpg,n13054560
n1305456000000103.jpg,n13054560
n1305456000000104.jpg,n13054560
n1305456000000108.jpg,n13054560
n1305456000000112.jpg,n13054560
n1305456000000114.jpg,n13054560
n1305456000000116.jpg,n13054560
n1305456000000119.jpg,n13054560
n1305456000000122.jpg,n13054560
n1305456000000126.jpg,n13054560
n1305456000000130.jpg,n13054560
n1305456000000132.jpg,n13054560
n1305456000000138.jpg,n13054560
n1305456000000142.jpg,n13054560
n1305456000000145.jpg,n13054560
n1305456000000148.jpg,n13054560
n1305456000000149.jpg,n13054560
n1305456000000150.jpg,n13054560
n1305456000000153.jpg,n13054560
n1305456000000155.jpg,n13054560
n1305456000000156.jpg,n13054560
n1305456000000159.jpg,n13054560
n1305456000000160.jpg,n13054560
n1305456000000163.jpg,n13054560
n1305456000000164.jpg,n13054560
n1305456000000165.jpg,n13054560
n1305456000000166.jpg,n13054560
n1305456000000167.jpg,n13054560
n1305456000000169.jpg,n13054560
n1305456000000170.jpg,n13054560
n1305456000000171.jpg,n13054560
n1305456000000172.jpg,n13054560
n1305456000000176.jpg,n13054560
n1305456000000183.jpg,n13054560
n1305456000000186.jpg,n13054560
n1305456000000187.jpg,n13054560
n1305456000000188.jpg,n13054560
n1305456000000190.jpg,n13054560
n1305456000000197.jpg,n13054560
n1305456000000198.jpg,n13054560
n1305456000000199.jpg,n13054560
n1305456000000200.jpg,n13054560
n1305456000000202.jpg,n13054560
n1305456000000203.jpg,n13054560
n1305456000000206.jpg,n13054560
n1305456000000207.jpg,n13054560
n1305456000000209.jpg,n13054560
n1305456000000211.jpg,n13054560
n1305456000000213.jpg,n13054560
n1305456000000214.jpg,n13054560
n1305456000000216.jpg,n13054560
n1305456000000218.jpg,n13054560
n1305456000000219.jpg,n13054560
n1305456000000222.jpg,n13054560
n1305456000000226.jpg,n13054560
n1305456000000227.jpg,n13054560
n1305456000000230.jpg,n13054560
n1305456000000231.jpg,n13054560
n1305456000000237.jpg,n13054560
n1305456000000244.jpg,n13054560
n1305456000000252.jpg,n13054560
n1305456000000254.jpg,n13054560
n1305456000000255.jpg,n13054560
n1305456000000258.jpg,n13054560
n1305456000000263.jpg,n13054560
n1305456000000268.jpg,n13054560
n1305456000000269.jpg,n13054560
n1305456000000274.jpg,n13054560
n1305456000000276.jpg,n13054560
n1305456000000277.jpg,n13054560
n1305456000000279.jpg,n13054560
n1305456000000280.jpg,n13054560
n1305456000000282.jpg,n13054560
n1305456000000286.jpg,n13054560
n1305456000000287.jpg,n13054560
n1305456000000289.jpg,n13054560
n1305456000000290.jpg,n13054560
n1305456000000291.jpg,n13054560
n1305456000000294.jpg,n13054560
n1305456000000295.jpg,n13054560
n1305456000000298.jpg,n13054560
n1305456000000301.jpg,n13054560
n1305456000000303.jpg,n13054560
n1305456000000305.jpg,n13054560
n1305456000000306.jpg,n13054560
n1305456000000307.jpg,n13054560
n1305456000000309.jpg,n13054560
n1305456000000311.jpg,n13054560
n1305456000000312.jpg,n13054560
n1305456000000313.jpg,n13054560
n1305456000000315.jpg,n13054560
n1305456000000316.jpg,n13054560
n1305456000000318.jpg,n13054560
n1305456000000319.jpg,n13054560
n1305456000000320.jpg,n13054560
n1305456000000321.jpg,n13054560
n1305456000000322.jpg,n13054560
n1305456000000324.jpg,n13054560
n1305456000000332.jpg,n13054560
n1305456000000338.jpg,n13054560
n1305456000000341.jpg,n13054560
n1305456000000342.jpg,n13054560
n1305456000000346.jpg,n13054560
n1305456000000347.jpg,n13054560
n1305456000000349.jpg,n13054560
n1305456000000350.jpg,n13054560
n1305456000000351.jpg,n13054560
n1305456000000352.jpg,n13054560
n1305456000000355.jpg,n13054560
n1305456000000357.jpg,n13054560
n1305456000000360.jpg,n13054560
n1305456000000362.jpg,n13054560
n1305456000000367.jpg,n13054560
n1305456000000370.jpg,n13054560
n1305456000000372.jpg,n13054560
n1305456000000374.jpg,n13054560
n1305456000000379.jpg,n13054560
n1305456000000380.jpg,n13054560
n1305456000000383.jpg,n13054560
n1305456000000385.jpg,n13054560
n1305456000000386.jpg,n13054560
n1305456000000389.jpg,n13054560
n1305456000000390.jpg,n13054560
n1305456000000391.jpg,n13054560
n1305456000000394.jpg,n13054560
n1305456000000395.jpg,n13054560
n1305456000000397.jpg,n13054560
n1305456000000404.jpg,n13054560
n1305456000000406.jpg,n13054560
n1305456000000408.jpg,n13054560
n1305456000000413.jpg,n13054560
n1305456000000415.jpg,n13054560
n1305456000000418.jpg,n13054560
n1305456000000419.jpg,n13054560
n1305456000000420.jpg,n13054560
n1305456000000423.jpg,n13054560
n1305456000000425.jpg,n13054560
n1305456000000426.jpg,n13054560
n1305456000000428.jpg,n13054560
n1305456000000429.jpg,n13054560
n1305456000000430.jpg,n13054560
n1305456000000432.jpg,n13054560
n1305456000000436.jpg,n13054560
n1305456000000438.jpg,n13054560
n1305456000000439.jpg,n13054560
n1305456000000444.jpg,n13054560
n1305456000000445.jpg,n13054560
n1305456000000450.jpg,n13054560
n1305456000000451.jpg,n13054560
n1305456000000452.jpg,n13054560
n1305456000000453.jpg,n13054560
n1305456000000454.jpg,n13054560
n1305456000000458.jpg,n13054560
n1305456000000459.jpg,n13054560
n1305456000000460.jpg,n13054560
n1305456000000461.jpg,n13054560
n1305456000000462.jpg,n13054560
n1305456000000470.jpg,n13054560
n1305456000000471.jpg,n13054560
n1305456000000475.jpg,n13054560
n1305456000000476.jpg,n13054560
n1305456000000479.jpg,n13054560
n1305456000000480.jpg,n13054560
n1305456000000482.jpg,n13054560
n1305456000000483.jpg,n13054560
n1305456000000487.jpg,n13054560
n1305456000000491.jpg,n13054560
n1305456000000492.jpg,n13054560
n1305456000000493.jpg,n13054560
n1305456000000496.jpg,n13054560
n1305456000000498.jpg,n13054560
n1305456000000499.jpg,n13054560
n1305456000000500.jpg,n13054560
n1305456000000502.jpg,n13054560
n1305456000000503.jpg,n13054560
n1305456000000504.jpg,n13054560
n1305456000000505.jpg,n13054560
n1305456000000506.jpg,n13054560
n1305456000000510.jpg,n13054560
n1305456000000511.jpg,n13054560
n1305456000000513.jpg,n13054560
n1305456000000515.jpg,n13054560
n1305456000000517.jpg,n13054560
n1305456000000518.jpg,n13054560
n1305456000000519.jpg,n13054560
n1305456000000520.jpg,n13054560
n1305456000000522.jpg,n13054560
n1305456000000523.jpg,n13054560
n1305456000000525.jpg,n13054560
n1305456000000529.jpg,n13054560
n1305456000000530.jpg,n13054560
n1305456000000531.jpg,n13054560
n1305456000000533.jpg,n13054560
n1305456000000534.jpg,n13054560
n1305456000000538.jpg,n13054560
n1305456000000539.jpg,n13054560
n1305456000000543.jpg,n13054560
n1305456000000544.jpg,n13054560
n1305456000000545.jpg,n13054560
n1305456000000550.jpg,n13054560
n1305456000000551.jpg,n13054560
n1305456000000554.jpg,n13054560
n1305456000000556.jpg,n13054560
n1305456000000558.jpg,n13054560
n1305456000000559.jpg,n13054560
n1305456000000561.jpg,n13054560
n1305456000000564.jpg,n13054560
n1305456000000565.jpg,n13054560
n1305456000000567.jpg,n13054560
n1305456000000570.jpg,n13054560
n1305456000000571.jpg,n13054560
n1305456000000572.jpg,n13054560
n1305456000000575.jpg,n13054560
n1305456000000576.jpg,n13054560
n1305456000000577.jpg,n13054560
n1305456000000579.jpg,n13054560
n1305456000000582.jpg,n13054560
n1305456000000586.jpg,n13054560
n1305456000000588.jpg,n13054560
n1305456000000590.jpg,n13054560
n1305456000000592.jpg,n13054560
n1305456000000593.jpg,n13054560
n1305456000000594.jpg,n13054560
n1305456000000595.jpg,n13054560
n1305456000000596.jpg,n13054560
n1305456000000599.jpg,n13054560
n1305456000000600.jpg,n13054560
n1305456000000605.jpg,n13054560
n1305456000000608.jpg,n13054560
n1305456000000609.jpg,n13054560
n1305456000000610.jpg,n13054560
n1305456000000611.jpg,n13054560
n1305456000000612.jpg,n13054560
n1305456000000614.jpg,n13054560
n1305456000000616.jpg,n13054560
n1305456000000619.jpg,n13054560
n1305456000000625.jpg,n13054560
n1305456000000627.jpg,n13054560
n1305456000000628.jpg,n13054560
n1305456000000632.jpg,n13054560
n1305456000000633.jpg,n13054560
n1305456000000637.jpg,n13054560
n1305456000000639.jpg,n13054560
n1305456000000641.jpg,n13054560
n1305456000000642.jpg,n13054560
n1305456000000645.jpg,n13054560
n1305456000000647.jpg,n13054560
n1305456000000648.jpg,n13054560
n1305456000000650.jpg,n13054560
n1305456000000651.jpg,n13054560
n1305456000000652.jpg,n13054560
n1305456000000653.jpg,n13054560
n1305456000000654.jpg,n13054560
n1305456000000657.jpg,n13054560
n1305456000000658.jpg,n13054560
n1305456000000659.jpg,n13054560
n1305456000000660.jpg,n13054560
n1305456000000661.jpg,n13054560
n1305456000000662.jpg,n13054560
n1305456000000663.jpg,n13054560
n1305456000000665.jpg,n13054560
n1305456000000667.jpg,n13054560
n1305456000000670.jpg,n13054560
n1305456000000672.jpg,n13054560
n1305456000000674.jpg,n13054560
n1305456000000675.jpg,n13054560
n1305456000000678.jpg,n13054560
n1305456000000680.jpg,n13054560
n1305456000000681.jpg,n13054560
n1305456000000686.jpg,n13054560
n1305456000000690.jpg,n13054560
n1305456000000693.jpg,n13054560
n1305456000000695.jpg,n13054560
n1305456000000696.jpg,n13054560
n1305456000000701.jpg,n13054560
n1305456000000703.jpg,n13054560
n1305456000000710.jpg,n13054560
n1305456000000713.jpg,n13054560
n1305456000000714.jpg,n13054560
n1305456000000716.jpg,n13054560
n1305456000000718.jpg,n13054560
n1305456000000721.jpg,n13054560
n1305456000000726.jpg,n13054560
n1305456000000727.jpg,n13054560
n1305456000000730.jpg,n13054560
n1305456000000733.jpg,n13054560
n1305456000000736.jpg,n13054560
n1305456000000737.jpg,n13054560
n1305456000000741.jpg,n13054560
n1305456000000744.jpg,n13054560
n1305456000000745.jpg,n13054560
n1305456000000747.jpg,n13054560
n1305456000000751.jpg,n13054560
n1305456000000754.jpg,n13054560
n1305456000000755.jpg,n13054560
n1305456000000756.jpg,n13054560
n1305456000000757.jpg,n13054560
n1305456000000758.jpg,n13054560
n1305456000000763.jpg,n13054560
n1305456000000764.jpg,n13054560
n1305456000000765.jpg,n13054560
n1305456000000766.jpg,n13054560
n1305456000000769.jpg,n13054560
n1305456000000771.jpg,n13054560
n1305456000000773.jpg,n13054560
n1305456000000774.jpg,n13054560
n1305456000000777.jpg,n13054560
n1305456000000778.jpg,n13054560
n1305456000000784.jpg,n13054560
n1305456000000787.jpg,n13054560
n1305456000000788.jpg,n13054560
n1305456000000789.jpg,n13054560
n1305456000000790.jpg,n13054560
n1305456000000791.jpg,n13054560
n1305456000000792.jpg,n13054560
n1305456000000794.jpg,n13054560
n1305456000000795.jpg,n13054560
n1305456000000797.jpg,n13054560
n1305456000000800.jpg,n13054560
n1305456000000801.jpg,n13054560
n1305456000000802.jpg,n13054560
n1305456000000804.jpg,n13054560
n1305456000000805.jpg,n13054560
n1305456000000806.jpg,n13054560
n1305456000000807.jpg,n13054560
n1305456000000809.jpg,n13054560
n1305456000000811.jpg,n13054560
n1305456000000812.jpg,n13054560
n1305456000000813.jpg,n13054560
n1305456000000814.jpg,n13054560
n1305456000000817.jpg,n13054560
n1305456000000820.jpg,n13054560
n1305456000000823.jpg,n13054560
n1305456000000824.jpg,n13054560
n1305456000000826.jpg,n13054560
n1305456000000827.jpg,n13054560
n1305456000000833.jpg,n13054560
n1305456000000834.jpg,n13054560
n1305456000000835.jpg,n13054560
n1305456000000838.jpg,n13054560
n1305456000000844.jpg,n13054560
n1305456000000847.jpg,n13054560
n1305456000000848.jpg,n13054560
n1305456000000849.jpg,n13054560
n1305456000000850.jpg,n13054560
n1305456000000852.jpg,n13054560
n1305456000000854.jpg,n13054560
n1305456000000855.jpg,n13054560
n1305456000000856.jpg,n13054560
n1305456000000858.jpg,n13054560
n1305456000000860.jpg,n13054560
n1305456000000861.jpg,n13054560
n1305456000000863.jpg,n13054560
n1305456000000866.jpg,n13054560
n1305456000000867.jpg,n13054560
n1305456000000868.jpg,n13054560
n1305456000000874.jpg,n13054560
n1305456000000875.jpg,n13054560
n1305456000000880.jpg,n13054560
n1305456000000883.jpg,n13054560
n1305456000000885.jpg,n13054560
n1305456000000886.jpg,n13054560
n1305456000000889.jpg,n13054560
n1305456000000895.jpg,n13054560
n1305456000000897.jpg,n13054560
n1305456000000898.jpg,n13054560
n1305456000000899.jpg,n13054560
n1305456000000901.jpg,n13054560
n1305456000000903.jpg,n13054560
n1305456000000905.jpg,n13054560
n1305456000000906.jpg,n13054560
n1305456000000908.jpg,n13054560
n1305456000000909.jpg,n13054560
n1305456000000912.jpg,n13054560
n1305456000000914.jpg,n13054560
n1305456000000916.jpg,n13054560
n1305456000000917.jpg,n13054560
n1305456000000918.jpg,n13054560
n1305456000000919.jpg,n13054560
n1305456000000920.jpg,n13054560
n1305456000000921.jpg,n13054560
n1305456000000926.jpg,n13054560
n1305456000000928.jpg,n13054560
n1305456000000930.jpg,n13054560
n1305456000000931.jpg,n13054560
n1305456000000937.jpg,n13054560
n1305456000000938.jpg,n13054560
n1305456000000941.jpg,n13054560
n1305456000000942.jpg,n13054560
n1305456000000943.jpg,n13054560
n1305456000000944.jpg,n13054560
n1305456000000945.jpg,n13054560
n1305456000000947.jpg,n13054560
n1305456000000950.jpg,n13054560
n1305456000000953.jpg,n13054560
n1305456000000956.jpg,n13054560
n1305456000000962.jpg,n13054560
n1305456000000964.jpg,n13054560
n1305456000000965.jpg,n13054560
n1305456000000972.jpg,n13054560
n1305456000000973.jpg,n13054560
n1305456000000976.jpg,n13054560
n1305456000000977.jpg,n13054560
n1305456000000982.jpg,n13054560
n1305456000000983.jpg,n13054560
n1305456000000984.jpg,n13054560
n1305456000000985.jpg,n13054560
n1305456000000986.jpg,n13054560
n1305456000000987.jpg,n13054560
n1305456000000988.jpg,n13054560
n1305456000000990.jpg,n13054560
n1305456000000993.jpg,n13054560
n1305456000000997.jpg,n13054560
n1305456000000999.jpg,n13054560
n1305456000001005.jpg,n13054560
n1305456000001006.jpg,n13054560
n1305456000001007.jpg,n13054560
n1305456000001011.jpg,n13054560
n1305456000001012.jpg,n13054560
n1305456000001013.jpg,n13054560
n1305456000001016.jpg,n13054560
n1305456000001018.jpg,n13054560
n1305456000001020.jpg,n13054560
n1305456000001021.jpg,n13054560
n1305456000001025.jpg,n13054560
n1305456000001026.jpg,n13054560
n1305456000001027.jpg,n13054560
n1305456000001036.jpg,n13054560
n1305456000001038.jpg,n13054560
n1305456000001039.jpg,n13054560
n1305456000001043.jpg,n13054560
n1305456000001045.jpg,n13054560
n1305456000001047.jpg,n13054560
n1305456000001048.jpg,n13054560
n1305456000001049.jpg,n13054560
n1305456000001050.jpg,n13054560
n1305456000001051.jpg,n13054560
n1305456000001053.jpg,n13054560
n1305456000001055.jpg,n13054560
n1305456000001057.jpg,n13054560
n1305456000001058.jpg,n13054560
n1305456000001059.jpg,n13054560
n1305456000001061.jpg,n13054560
n1305456000001062.jpg,n13054560
n1305456000001064.jpg,n13054560
n1305456000001066.jpg,n13054560
n1305456000001067.jpg,n13054560
n1305456000001068.jpg,n13054560
n1305456000001070.jpg,n13054560
n1305456000001072.jpg,n13054560
n1305456000001079.jpg,n13054560
n1305456000001080.jpg,n13054560
n1305456000001081.jpg,n13054560
n1305456000001084.jpg,n13054560
n1305456000001086.jpg,n13054560
n1305456000001087.jpg,n13054560
n1305456000001088.jpg,n13054560
n1305456000001092.jpg,n13054560
n1305456000001094.jpg,n13054560
n1305456000001104.jpg,n13054560
n1305456000001105.jpg,n13054560
n1305456000001107.jpg,n13054560
n1305456000001108.jpg,n13054560
n1305456000001112.jpg,n13054560
n1305456000001115.jpg,n13054560
n1305456000001116.jpg,n13054560
n1305456000001117.jpg,n13054560
n1305456000001118.jpg,n13054560
n1305456000001119.jpg,n13054560
n1305456000001121.jpg,n13054560
n1305456000001122.jpg,n13054560
n1305456000001125.jpg,n13054560
n1305456000001126.jpg,n13054560
n1305456000001136.jpg,n13054560
n1305456000001138.jpg,n13054560
n1305456000001139.jpg,n13054560
n1305456000001141.jpg,n13054560
n1305456000001142.jpg,n13054560
n1305456000001143.jpg,n13054560
n1305456000001144.jpg,n13054560
n1305456000001145.jpg,n13054560
n1305456000001149.jpg,n13054560
n1305456000001152.jpg,n13054560
n1305456000001156.jpg,n13054560
n1305456000001159.jpg,n13054560
n1305456000001160.jpg,n13054560
n1305456000001163.jpg,n13054560
n1305456000001164.jpg,n13054560
n1305456000001167.jpg,n13054560
n1305456000001172.jpg,n13054560
n1305456000001177.jpg,n13054560
n1305456000001178.jpg,n13054560
n1305456000001180.jpg,n13054560
n1305456000001181.jpg,n13054560
n1305456000001182.jpg,n13054560
n1305456000001187.jpg,n13054560
n1305456000001188.jpg,n13054560
n1305456000001191.jpg,n13054560
n1305456000001194.jpg,n13054560
n1305456000001197.jpg,n13054560
n1305456000001198.jpg,n13054560
n1305456000001199.jpg,n13054560
n1305456000001201.jpg,n13054560
n1305456000001206.jpg,n13054560
n1305456000001209.jpg,n13054560
n1305456000001210.jpg,n13054560
n1305456000001212.jpg,n13054560
n1305456000001214.jpg,n13054560
n1305456000001216.jpg,n13054560
n1305456000001220.jpg,n13054560
n1305456000001222.jpg,n13054560
n1305456000001223.jpg,n13054560
n1305456000001225.jpg,n13054560
n1305456000001226.jpg,n13054560
n1305456000001227.jpg,n13054560
n1305456000001228.jpg,n13054560
n1305456000001229.jpg,n13054560
n1305456000001230.jpg,n13054560
n1305456000001231.jpg,n13054560
n1305456000001232.jpg,n13054560
n1305456000001235.jpg,n13054560
n1305456000001239.jpg,n13054560
n1305456000001240.jpg,n13054560
n1305456000001247.jpg,n13054560
n1305456000001248.jpg,n13054560
n1305456000001249.jpg,n13054560
n1305456000001252.jpg,n13054560
n1305456000001255.jpg,n13054560
n1305456000001259.jpg,n13054560
n1305456000001261.jpg,n13054560
n1305456000001262.jpg,n13054560
n1305456000001263.jpg,n13054560
n1305456000001266.jpg,n13054560
n1305456000001270.jpg,n13054560
n1305456000001271.jpg,n13054560
n1305456000001273.jpg,n13054560
n1305456000001277.jpg,n13054560
n1305456000001279.jpg,n13054560
n1305456000001280.jpg,n13054560
n1305456000001282.jpg,n13054560
n1305456000001288.jpg,n13054560
n1305456000001292.jpg,n13054560
n1305456000001293.jpg,n13054560
n0301716800000007.jpg,n03017168
n0301716800000008.jpg,n03017168
n0301716800000014.jpg,n03017168
n0301716800000015.jpg,n03017168
n0301716800000017.jpg,n03017168
n0301716800000018.jpg,n03017168
n0301716800000019.jpg,n03017168
n0301716800000023.jpg,n03017168
n0301716800000025.jpg,n03017168
n0301716800000027.jpg,n03017168
n0301716800000042.jpg,n03017168
n0301716800000043.jpg,n03017168
n0301716800000044.jpg,n03017168
n0301716800000046.jpg,n03017168
n0301716800000047.jpg,n03017168
n0301716800000051.jpg,n03017168
n0301716800000052.jpg,n03017168
n0301716800000054.jpg,n03017168
n0301716800000055.jpg,n03017168
n0301716800000056.jpg,n03017168
n0301716800000061.jpg,n03017168
n0301716800000062.jpg,n03017168
n0301716800000063.jpg,n03017168
n0301716800000064.jpg,n03017168
n0301716800000065.jpg,n03017168
n0301716800000067.jpg,n03017168
n0301716800000068.jpg,n03017168
n0301716800000069.jpg,n03017168
n0301716800000070.jpg,n03017168
n0301716800000071.jpg,n03017168
n0301716800000072.jpg,n03017168
n0301716800000073.jpg,n03017168
n0301716800000075.jpg,n03017168
n0301716800000077.jpg,n03017168
n0301716800000080.jpg,n03017168
n0301716800000083.jpg,n03017168
n0301716800000085.jpg,n03017168
n0301716800000086.jpg,n03017168
n0301716800000087.jpg,n03017168
n0301716800000089.jpg,n03017168
n0301716800000093.jpg,n03017168
n0301716800000095.jpg,n03017168
n0301716800000098.jpg,n03017168
n0301716800000099.jpg,n03017168
n0301716800000100.jpg,n03017168
n0301716800000101.jpg,n03017168
n0301716800000106.jpg,n03017168
n0301716800000111.jpg,n03017168
n0301716800000112.jpg,n03017168
n0301716800000113.jpg,n03017168
n0301716800000114.jpg,n03017168
n0301716800000115.jpg,n03017168
n0301716800000116.jpg,n03017168
n0301716800000119.jpg,n03017168
n0301716800000121.jpg,n03017168
n0301716800000122.jpg,n03017168
n0301716800000123.jpg,n03017168
n0301716800000126.jpg,n03017168
n0301716800000129.jpg,n03017168
n0301716800000131.jpg,n03017168
n0301716800000133.jpg,n03017168
n0301716800000135.jpg,n03017168
n0301716800000138.jpg,n03017168
n0301716800000142.jpg,n03017168
n0301716800000143.jpg,n03017168
n0301716800000144.jpg,n03017168
n0301716800000149.jpg,n03017168
n0301716800000152.jpg,n03017168
n0301716800000153.jpg,n03017168
n0301716800000154.jpg,n03017168
n0301716800000156.jpg,n03017168
n0301716800000157.jpg,n03017168
n0301716800000158.jpg,n03017168
n0301716800000159.jpg,n03017168
n0301716800000163.jpg,n03017168
n0301716800000166.jpg,n03017168
n0301716800000169.jpg,n03017168
n0301716800000172.jpg,n03017168
n0301716800000174.jpg,n03017168
n0301716800000185.jpg,n03017168
n0301716800000187.jpg,n03017168
n0301716800000191.jpg,n03017168
n0301716800000194.jpg,n03017168
n0301716800000196.jpg,n03017168
n0301716800000197.jpg,n03017168
n0301716800000199.jpg,n03017168
n0301716800000200.jpg,n03017168
n0301716800000201.jpg,n03017168
n0301716800000203.jpg,n03017168
n0301716800000206.jpg,n03017168
n0301716800000207.jpg,n03017168
n0301716800000214.jpg,n03017168
n0301716800000221.jpg,n03017168
n0301716800000225.jpg,n03017168
n0301716800000226.jpg,n03017168
n0301716800000227.jpg,n03017168
n0301716800000228.jpg,n03017168
n0301716800000230.jpg,n03017168
n0301716800000231.jpg,n03017168
n0301716800000232.jpg,n03017168
n0301716800000235.jpg,n03017168
n0301716800000236.jpg,n03017168
n0301716800000237.jpg,n03017168
n0301716800000238.jpg,n03017168
n0301716800000240.jpg,n03017168
n0301716800000242.jpg,n03017168
n0301716800000243.jpg,n03017168
n0301716800000246.jpg,n03017168
n0301716800000248.jpg,n03017168
n0301716800000249.jpg,n03017168
n0301716800000250.jpg,n03017168
n0301716800000252.jpg,n03017168
n0301716800000256.jpg,n03017168
n0301716800000259.jpg,n03017168
n0301716800000262.jpg,n03017168
n0301716800000264.jpg,n03017168
n0301716800000265.jpg,n03017168
n0301716800000268.jpg,n03017168
n0301716800000270.jpg,n03017168
n0301716800000274.jpg,n03017168
n0301716800000275.jpg,n03017168
n0301716800000276.jpg,n03017168
n0301716800000277.jpg,n03017168
n0301716800000278.jpg,n03017168
n0301716800000281.jpg,n03017168
n0301716800000283.jpg,n03017168
n0301716800000284.jpg,n03017168
n0301716800000285.jpg,n03017168
n0301716800000286.jpg,n03017168
n0301716800000288.jpg,n03017168
n0301716800000292.jpg,n03017168
n0301716800000293.jpg,n03017168
n0301716800000294.jpg,n03017168
n0301716800000296.jpg,n03017168
n0301716800000297.jpg,n03017168
n0301716800000299.jpg,n03017168
n0301716800000300.jpg,n03017168
n0301716800000301.jpg,n03017168
n0301716800000302.jpg,n03017168
n0301716800000303.jpg,n03017168
n0301716800000306.jpg,n03017168
n0301716800000309.jpg,n03017168
n0301716800000311.jpg,n03017168
n0301716800000312.jpg,n03017168
n0301716800000313.jpg,n03017168
n0301716800000316.jpg,n03017168
n0301716800000318.jpg,n03017168
n0301716800000319.jpg,n03017168
n0301716800000320.jpg,n03017168
n0301716800000322.jpg,n03017168
n0301716800000325.jpg,n03017168
n0301716800000327.jpg,n03017168
n0301716800000329.jpg,n03017168
n0301716800000331.jpg,n03017168
n0301716800000338.jpg,n03017168
n0301716800000340.jpg,n03017168
n0301716800000342.jpg,n03017168
n0301716800000343.jpg,n03017168
n0301716800000344.jpg,n03017168
n0301716800000345.jpg,n03017168
n0301716800000346.jpg,n03017168
n0301716800000350.jpg,n03017168
n0301716800000352.jpg,n03017168
n0301716800000353.jpg,n03017168
n0301716800000355.jpg,n03017168
n0301716800000358.jpg,n03017168
n0301716800000359.jpg,n03017168
n0301716800000360.jpg,n03017168
n0301716800000361.jpg,n03017168
n0301716800000365.jpg,n03017168
n0301716800000371.jpg,n03017168
n0301716800000374.jpg,n03017168
n0301716800000376.jpg,n03017168
n0301716800000377.jpg,n03017168
n0301716800000378.jpg,n03017168
n0301716800000381.jpg,n03017168
n0301716800000383.jpg,n03017168
n0301716800000386.jpg,n03017168
n0301716800000389.jpg,n03017168
n0301716800000391.jpg,n03017168
n0301716800000393.jpg,n03017168
n0301716800000395.jpg,n03017168
n0301716800000397.jpg,n03017168
n0301716800000399.jpg,n03017168
n0301716800000400.jpg,n03017168
n0301716800000406.jpg,n03017168
n0301716800000411.jpg,n03017168
n0301716800000413.jpg,n03017168
n0301716800000416.jpg,n03017168
n0301716800000419.jpg,n03017168
n0301716800000425.jpg,n03017168
n0301716800000428.jpg,n03017168
n0301716800000429.jpg,n03017168
n0301716800000430.jpg,n03017168
n0301716800000431.jpg,n03017168
n0301716800000435.jpg,n03017168
n0301716800000437.jpg,n03017168
n0301716800000438.jpg,n03017168
n0301716800000440.jpg,n03017168
n0301716800000443.jpg,n03017168
n0301716800000450.jpg,n03017168
n0301716800000453.jpg,n03017168
n0301716800000454.jpg,n03017168
n0301716800000460.jpg,n03017168
n0301716800000461.jpg,n03017168
n0301716800000463.jpg,n03017168
n0301716800000468.jpg,n03017168
n0301716800000471.jpg,n03017168
n0301716800000472.jpg,n03017168
n0301716800000474.jpg,n03017168
n0301716800000475.jpg,n03017168
n0301716800000479.jpg,n03017168
n0301716800000480.jpg,n03017168
n0301716800000481.jpg,n03017168
n0301716800000483.jpg,n03017168
n0301716800000487.jpg,n03017168
n0301716800000489.jpg,n03017168
n0301716800000490.jpg,n03017168
n0301716800000491.jpg,n03017168
n0301716800000493.jpg,n03017168
n0301716800000494.jpg,n03017168
n0301716800000496.jpg,n03017168
n0301716800000497.jpg,n03017168
n0301716800000500.jpg,n03017168
n0301716800000502.jpg,n03017168
n0301716800000505.jpg,n03017168
n0301716800000507.jpg,n03017168
n0301716800000508.jpg,n03017168
n0301716800000510.jpg,n03017168
n0301716800000511.jpg,n03017168
n0301716800000514.jpg,n03017168
n0301716800000517.jpg,n03017168
n0301716800000522.jpg,n03017168
n0301716800000523.jpg,n03017168
n0301716800000527.jpg,n03017168
n0301716800000528.jpg,n03017168
n0301716800000529.jpg,n03017168
n0301716800000530.jpg,n03017168
n0301716800000531.jpg,n03017168
n0301716800000532.jpg,n03017168
n0301716800000536.jpg,n03017168
n0301716800000538.jpg,n03017168
n0301716800000540.jpg,n03017168
n0301716800000541.jpg,n03017168
n0301716800000543.jpg,n03017168
n0301716800000544.jpg,n03017168
n0301716800000546.jpg,n03017168
n0301716800000549.jpg,n03017168
n0301716800000551.jpg,n03017168
n0301716800000552.jpg,n03017168
n0301716800000554.jpg,n03017168
n0301716800000556.jpg,n03017168
n0301716800000557.jpg,n03017168
n0301716800000558.jpg,n03017168
n0301716800000559.jpg,n03017168
n0301716800000560.jpg,n03017168
n0301716800000562.jpg,n03017168
n0301716800000567.jpg,n03017168
n0301716800000568.jpg,n03017168
n0301716800000569.jpg,n03017168
n0301716800000574.jpg,n03017168
n0301716800000576.jpg,n03017168
n0301716800000578.jpg,n03017168
n0301716800000580.jpg,n03017168
n0301716800000582.jpg,n03017168
n0301716800000585.jpg,n03017168
n0301716800000588.jpg,n03017168
n0301716800000590.jpg,n03017168
n0301716800000591.jpg,n03017168
n0301716800000594.jpg,n03017168
n0301716800000596.jpg,n03017168
n0301716800000598.jpg,n03017168
n0301716800000600.jpg,n03017168
n0301716800000602.jpg,n03017168
n0301716800000604.jpg,n03017168
n0301716800000607.jpg,n03017168
n0301716800000608.jpg,n03017168
n0301716800000613.jpg,n03017168
n0301716800000614.jpg,n03017168
n0301716800000615.jpg,n03017168
n0301716800000617.jpg,n03017168
n0301716800000621.jpg,n03017168
n0301716800000623.jpg,n03017168
n0301716800000624.jpg,n03017168
n0301716800000629.jpg,n03017168
n0301716800000630.jpg,n03017168
n0301716800000631.jpg,n03017168
n0301716800000634.jpg,n03017168
n0301716800000636.jpg,n03017168
n0301716800000641.jpg,n03017168
n0301716800000642.jpg,n03017168
n0301716800000645.jpg,n03017168
n0301716800000646.jpg,n03017168
n0301716800000647.jpg,n03017168
n0301716800000649.jpg,n03017168
n0301716800000650.jpg,n03017168
n0301716800000654.jpg,n03017168
n0301716800000656.jpg,n03017168
n0301716800000658.jpg,n03017168
n0301716800000664.jpg,n03017168
n0301716800000667.jpg,n03017168
n0301716800000671.jpg,n03017168
n0301716800000672.jpg,n03017168
n0301716800000676.jpg,n03017168
n0301716800000680.jpg,n03017168
n0301716800000683.jpg,n03017168
n0301716800000684.jpg,n03017168
n0301716800000685.jpg,n03017168
n0301716800000687.jpg,n03017168
n0301716800000690.jpg,n03017168
n0301716800000691.jpg,n03017168
n0301716800000693.jpg,n03017168
n0301716800000694.jpg,n03017168
n0301716800000697.jpg,n03017168
n0301716800000698.jpg,n03017168
n0301716800000700.jpg,n03017168
n0301716800000701.jpg,n03017168
n0301716800000702.jpg,n03017168
n0301716800000703.jpg,n03017168
n0301716800000706.jpg,n03017168
n0301716800000709.jpg,n03017168
n0301716800000710.jpg,n03017168
n0301716800000713.jpg,n03017168
n0301716800000714.jpg,n03017168
n0301716800000715.jpg,n03017168
n0301716800000716.jpg,n03017168
n0301716800000719.jpg,n03017168
n0301716800000720.jpg,n03017168
n0301716800000721.jpg,n03017168
n0301716800000722.jpg,n03017168
n0301716800000724.jpg,n03017168
n0301716800000727.jpg,n03017168
n0301716800000729.jpg,n03017168
n0301716800000731.jpg,n03017168
n0301716800000732.jpg,n03017168
n0301716800000735.jpg,n03017168
n0301716800000738.jpg,n03017168
n0301716800000739.jpg,n03017168
n0301716800000740.jpg,n03017168
n0301716800000742.jpg,n03017168
n0301716800000749.jpg,n03017168
n0301716800000750.jpg,n03017168
n0301716800000751.jpg,n03017168
n0301716800000754.jpg,n03017168
n0301716800000755.jpg,n03017168
n0301716800000756.jpg,n03017168
n0301716800000758.jpg,n03017168
n0301716800000762.jpg,n03017168
n0301716800000763.jpg,n03017168
n0301716800000765.jpg,n03017168
n0301716800000766.jpg,n03017168
n0301716800000769.jpg,n03017168
n0301716800000772.jpg,n03017168
n0301716800000773.jpg,n03017168
n0301716800000777.jpg,n03017168
n0301716800000780.jpg,n03017168
n0301716800000781.jpg,n03017168
n0301716800000782.jpg,n03017168
n0301716800000786.jpg,n03017168
n0301716800000789.jpg,n03017168
n0301716800000790.jpg,n03017168
n0301716800000791.jpg,n03017168
n0301716800000792.jpg,n03017168
n0301716800000794.jpg,n03017168
n0301716800000795.jpg,n03017168
n0301716800000796.jpg,n03017168
n0301716800000797.jpg,n03017168
n0301716800000798.jpg,n03017168
n0301716800000800.jpg,n03017168
n0301716800000804.jpg,n03017168
n0301716800000805.jpg,n03017168
n0301716800000807.jpg,n03017168
n0301716800000811.jpg,n03017168
n0301716800000812.jpg,n03017168
n0301716800000816.jpg,n03017168
n0301716800000818.jpg,n03017168
n0301716800000820.jpg,n03017168
n0301716800000821.jpg,n03017168
n0301716800000825.jpg,n03017168
n0301716800000826.jpg,n03017168
n0301716800000828.jpg,n03017168
n0301716800000831.jpg,n03017168
n0301716800000832.jpg,n03017168
n0301716800000834.jpg,n03017168
n0301716800000835.jpg,n03017168
n0301716800000836.jpg,n03017168
n0301716800000839.jpg,n03017168
n0301716800000844.jpg,n03017168
n0301716800000846.jpg,n03017168
n0301716800000847.jpg,n03017168
n0301716800000852.jpg,n03017168
n0301716800000853.jpg,n03017168
n0301716800000855.jpg,n03017168
n0301716800000856.jpg,n03017168
n0301716800000857.jpg,n03017168
n0301716800000862.jpg,n03017168
n0301716800000863.jpg,n03017168
n0301716800000866.jpg,n03017168
n0301716800000867.jpg,n03017168
n0301716800000868.jpg,n03017168
n0301716800000869.jpg,n03017168
n0301716800000875.jpg,n03017168
n0301716800000876.jpg,n03017168
n0301716800000878.jpg,n03017168
n0301716800000883.jpg,n03017168
n0301716800000884.jpg,n03017168
n0301716800000885.jpg,n03017168
n0301716800000886.jpg,n03017168
n0301716800000888.jpg,n03017168
n0301716800000891.jpg,n03017168
n0301716800000892.jpg,n03017168
n0301716800000896.jpg,n03017168
n0301716800000897.jpg,n03017168
n0301716800000901.jpg,n03017168
n0301716800000902.jpg,n03017168
n0301716800000908.jpg,n03017168
n0301716800000910.jpg,n03017168
n0301716800000913.jpg,n03017168
n0301716800000916.jpg,n03017168
n0301716800000918.jpg,n03017168
n0301716800000920.jpg,n03017168
n0301716800000922.jpg,n03017168
n0301716800000924.jpg,n03017168
n0301716800000925.jpg,n03017168
n0301716800000926.jpg,n03017168
n0301716800000928.jpg,n03017168
n0301716800000929.jpg,n03017168
n0301716800000930.jpg,n03017168
n0301716800000932.jpg,n03017168
n0301716800000933.jpg,n03017168
n0301716800000936.jpg,n03017168
n0301716800000937.jpg,n03017168
n0301716800000939.jpg,n03017168
n0301716800000942.jpg,n03017168
n0301716800000945.jpg,n03017168
n0301716800000947.jpg,n03017168
n0301716800000948.jpg,n03017168
n0301716800000952.jpg,n03017168
n0301716800000956.jpg,n03017168
n0301716800000957.jpg,n03017168
n0301716800000958.jpg,n03017168
n0301716800000960.jpg,n03017168
n0301716800000961.jpg,n03017168
n0301716800000962.jpg,n03017168
n0301716800000966.jpg,n03017168
n0301716800000967.jpg,n03017168
n0301716800000968.jpg,n03017168
n0301716800000969.jpg,n03017168
n0301716800000970.jpg,n03017168
n0301716800000971.jpg,n03017168
n0301716800000973.jpg,n03017168
n0301716800000974.jpg,n03017168
n0301716800000976.jpg,n03017168
n0301716800000978.jpg,n03017168
n0301716800000981.jpg,n03017168
n0301716800000983.jpg,n03017168
n0301716800000984.jpg,n03017168
n0301716800000985.jpg,n03017168
n0301716800000987.jpg,n03017168
n0301716800000990.jpg,n03017168
n0301716800000993.jpg,n03017168
n0301716800000994.jpg,n03017168
n0301716800000996.jpg,n03017168
n0301716800000997.jpg,n03017168
n0301716800000999.jpg,n03017168
n0301716800001003.jpg,n03017168
n0301716800001004.jpg,n03017168
n0301716800001005.jpg,n03017168
n0301716800001006.jpg,n03017168
n0301716800001008.jpg,n03017168
n0301716800001014.jpg,n03017168
n0301716800001015.jpg,n03017168
n0301716800001018.jpg,n03017168
n0301716800001019.jpg,n03017168
n0301716800001024.jpg,n03017168
n0301716800001025.jpg,n03017168
n0301716800001027.jpg,n03017168
n0301716800001029.jpg,n03017168
n0301716800001030.jpg,n03017168
n0301716800001032.jpg,n03017168
n0301716800001033.jpg,n03017168
n0301716800001034.jpg,n03017168
n0301716800001037.jpg,n03017168
n0301716800001040.jpg,n03017168
n0301716800001043.jpg,n03017168
n0301716800001046.jpg,n03017168
n0301716800001047.jpg,n03017168
n0301716800001049.jpg,n03017168
n0301716800001053.jpg,n03017168
n0301716800001055.jpg,n03017168
n0301716800001057.jpg,n03017168
n0301716800001060.jpg,n03017168
n0301716800001064.jpg,n03017168
n0301716800001070.jpg,n03017168
n0301716800001071.jpg,n03017168
n0301716800001072.jpg,n03017168
n0301716800001074.jpg,n03017168
n0301716800001077.jpg,n03017168
n0301716800001079.jpg,n03017168
n0301716800001080.jpg,n03017168
n0301716800001082.jpg,n03017168
n0301716800001084.jpg,n03017168
n0301716800001088.jpg,n03017168
n0301716800001089.jpg,n03017168
n0301716800001090.jpg,n03017168
n0301716800001092.jpg,n03017168
n0301716800001094.jpg,n03017168
n0301716800001096.jpg,n03017168
n0301716800001097.jpg,n03017168
n0301716800001100.jpg,n03017168
n0301716800001101.jpg,n03017168
n0301716800001103.jpg,n03017168
n0301716800001106.jpg,n03017168
n0301716800001107.jpg,n03017168
n0301716800001108.jpg,n03017168
n0301716800001109.jpg,n03017168
n0301716800001110.jpg,n03017168
n0301716800001111.jpg,n03017168
n0301716800001113.jpg,n03017168
n0301716800001114.jpg,n03017168
n0301716800001115.jpg,n03017168
n0301716800001119.jpg,n03017168
n0301716800001124.jpg,n03017168
n0301716800001125.jpg,n03017168
n0301716800001127.jpg,n03017168
n0301716800001128.jpg,n03017168
n0301716800001129.jpg,n03017168
n0301716800001131.jpg,n03017168
n0301716800001133.jpg,n03017168
n0301716800001134.jpg,n03017168
n0301716800001136.jpg,n03017168
n0301716800001138.jpg,n03017168
n0301716800001143.jpg,n03017168
n0301716800001144.jpg,n03017168
n0301716800001145.jpg,n03017168
n0301716800001147.jpg,n03017168
n0301716800001150.jpg,n03017168
n0301716800001152.jpg,n03017168
n0301716800001153.jpg,n03017168
n0301716800001159.jpg,n03017168
n0301716800001160.jpg,n03017168
n0301716800001161.jpg,n03017168
n0301716800001163.jpg,n03017168
n0301716800001164.jpg,n03017168
n0301716800001165.jpg,n03017168
n0301716800001166.jpg,n03017168
n0301716800001171.jpg,n03017168
n0301716800001172.jpg,n03017168
n0301716800001176.jpg,n03017168
n0301716800001177.jpg,n03017168
n0301716800001179.jpg,n03017168
n0301716800001181.jpg,n03017168
n0301716800001186.jpg,n03017168
n0301716800001187.jpg,n03017168
n0301716800001188.jpg,n03017168
n0301716800001189.jpg,n03017168
n0301716800001198.jpg,n03017168
n0301716800001200.jpg,n03017168
n0301716800001201.jpg,n03017168
n0301716800001204.jpg,n03017168
n0301716800001214.jpg,n03017168
n0301716800001215.jpg,n03017168
n0301716800001216.jpg,n03017168
n0301716800001217.jpg,n03017168
n0301716800001222.jpg,n03017168
n0301716800001234.jpg,n03017168
n0301716800001236.jpg,n03017168
n0301716800001242.jpg,n03017168
n0301716800001245.jpg,n03017168
n0301716800001246.jpg,n03017168
n0301716800001247.jpg,n03017168
n0301716800001248.jpg,n03017168
n0301716800001249.jpg,n03017168
n0301716800001252.jpg,n03017168
n0301716800001256.jpg,n03017168
n0301716800001257.jpg,n03017168
n0301716800001258.jpg,n03017168
n0301716800001261.jpg,n03017168
n0301716800001263.jpg,n03017168
n0301716800001265.jpg,n03017168
n0301716800001266.jpg,n03017168
n0301716800001270.jpg,n03017168
n0301716800001271.jpg,n03017168
n0301716800001274.jpg,n03017168
n0301716800001277.jpg,n03017168
n0301716800001278.jpg,n03017168
n0301716800001279.jpg,n03017168
n0301716800001281.jpg,n03017168
n0301716800001282.jpg,n03017168
n0301716800001284.jpg,n03017168
n0301716800001285.jpg,n03017168
n0301716800001287.jpg,n03017168
n0301716800001288.jpg,n03017168
n0301716800001289.jpg,n03017168
n0301716800001293.jpg,n03017168
n0301716800001294.jpg,n03017168
n0301716800001295.jpg,n03017168
n0301716800001296.jpg,n03017168
n0301716800001297.jpg,n03017168
n0301716800001299.jpg,n03017168
n0438903300000002.jpg,n04389033
n0438903300000003.jpg,n04389033
n0438903300000004.jpg,n04389033
n0438903300000006.jpg,n04389033
n0438903300000007.jpg,n04389033
n0438903300000008.jpg,n04389033
n0438903300000012.jpg,n04389033
n0438903300000015.jpg,n04389033
n0438903300000019.jpg,n04389033
n0438903300000022.jpg,n04389033
n0438903300000023.jpg,n04389033
n0438903300000027.jpg,n04389033
n0438903300000029.jpg,n04389033
n0438903300000035.jpg,n04389033
n0438903300000037.jpg,n04389033
n0438903300000045.jpg,n04389033
n0438903300000047.jpg,n04389033
n0438903300000050.jpg,n04389033
n0438903300000054.jpg,n04389033
n0438903300000056.jpg,n04389033
n0438903300000057.jpg,n04389033
n0438903300000058.jpg,n04389033
n0438903300000060.jpg,n04389033
n0438903300000063.jpg,n04389033
n0438903300000064.jpg,n04389033
n0438903300000067.jpg,n04389033
n0438903300000071.jpg,n04389033
n0438903300000078.jpg,n04389033
n0438903300000080.jpg,n04389033
n0438903300000084.jpg,n04389033
n0438903300000085.jpg,n04389033
n0438903300000086.jpg,n04389033
n0438903300000087.jpg,n04389033
n0438903300000091.jpg,n04389033
n0438903300000096.jpg,n04389033
n0438903300000097.jpg,n04389033
n0438903300000100.jpg,n04389033
n0438903300000102.jpg,n04389033
n0438903300000103.jpg,n04389033
n0438903300000105.jpg,n04389033
n0438903300000109.jpg,n04389033
n0438903300000110.jpg,n04389033
n0438903300000111.jpg,n04389033
n0438903300000112.jpg,n04389033
n0438903300000119.jpg,n04389033
n0438903300000120.jpg,n04389033
n0438903300000124.jpg,n04389033
n0438903300000126.jpg,n04389033
n0438903300000129.jpg,n04389033
n0438903300000134.jpg,n04389033
n0438903300000135.jpg,n04389033
n0438903300000140.jpg,n04389033
n0438903300000148.jpg,n04389033
n0438903300000149.jpg,n04389033
n0438903300000150.jpg,n04389033
n0438903300000152.jpg,n04389033
n0438903300000153.jpg,n04389033
n0438903300000154.jpg,n04389033
n0438903300000155.jpg,n04389033
n0438903300000157.jpg,n04389033
n0438903300000160.jpg,n04389033
n0438903300000161.jpg,n04389033
n0438903300000165.jpg,n04389033
n0438903300000166.jpg,n04389033
n0438903300000167.jpg,n04389033
n0438903300000168.jpg,n04389033
n0438903300000170.jpg,n04389033
n0438903300000173.jpg,n04389033
n0438903300000175.jpg,n04389033
n0438903300000178.jpg,n04389033
n0438903300000179.jpg,n04389033
n0438903300000181.jpg,n04389033
n0438903300000185.jpg,n04389033
n0438903300000186.jpg,n04389033
n0438903300000188.jpg,n04389033
n0438903300000191.jpg,n04389033
n0438903300000192.jpg,n04389033
n0438903300000193.jpg,n04389033
n0438903300000195.jpg,n04389033
n0438903300000201.jpg,n04389033
n0438903300000202.jpg,n04389033
n0438903300000203.jpg,n04389033
n0438903300000207.jpg,n04389033
n0438903300000210.jpg,n04389033
n0438903300000212.jpg,n04389033
n0438903300000213.jpg,n04389033
n0438903300000215.jpg,n04389033
n0438903300000217.jpg,n04389033
n0438903300000219.jpg,n04389033
n0438903300000221.jpg,n04389033
n0438903300000226.jpg,n04389033
n0438903300000231.jpg,n04389033
n0438903300000233.jpg,n04389033
n0438903300000234.jpg,n04389033
n0438903300000235.jpg,n04389033
n0438903300000238.jpg,n04389033
n0438903300000240.jpg,n04389033
n0438903300000241.jpg,n04389033
n0438903300000242.jpg,n04389033
n0438903300000244.jpg,n04389033
n0438903300000247.jpg,n04389033
n0438903300000249.jpg,n04389033
n0438903300000250.jpg,n04389033
n0438903300000253.jpg,n04389033
n0438903300000256.jpg,n04389033
n0438903300000257.jpg,n04389033
n0438903300000260.jpg,n04389033
n0438903300000262.jpg,n04389033
n0438903300000263.jpg,n04389033
n0438903300000266.jpg,n04389033
n0438903300000267.jpg,n04389033
n0438903300000270.jpg,n04389033
n0438903300000274.jpg,n04389033
n0438903300000275.jpg,n04389033
n0438903300000276.jpg,n04389033
n0438903300000277.jpg,n04389033
n0438903300000279.jpg,n04389033
n0438903300000283.jpg,n04389033
n0438903300000284.jpg,n04389033
n0438903300000287.jpg,n04389033
n0438903300000289.jpg,n04389033
n0438903300000290.jpg,n04389033
n0438903300000291.jpg,n04389033
n0438903300000296.jpg,n04389033
n0438903300000299.jpg,n04389033
n0438903300000300.jpg,n04389033
n0438903300000301.jpg,n04389033
n0438903300000302.jpg,n04389033
n0438903300000303.jpg,n04389033
n0438903300000304.jpg,n04389033
n0438903300000306.jpg,n04389033
n0438903300000311.jpg,n04389033
n0438903300000313.jpg,n04389033
n0438903300000316.jpg,n04389033
n0438903300000319.jpg,n04389033
n0438903300000320.jpg,n04389033
n0438903300000324.jpg,n04389033
n0438903300000326.jpg,n04389033
n0438903300000327.jpg,n04389033
n0438903300000328.jpg,n04389033
n0438903300000329.jpg,n04389033
n0438903300000330.jpg,n04389033
n0438903300000331.jpg,n04389033
n0438903300000332.jpg,n04389033
n0438903300000333.jpg,n04389033
n0438903300000334.jpg,n04389033
n0438903300000336.jpg,n04389033
n0438903300000340.jpg,n04389033
n0438903300000344.jpg,n04389033
n0438903300000346.jpg,n04389033
n0438903300000347.jpg,n04389033
n0438903300000348.jpg,n04389033
n0438903300000349.jpg,n04389033
n0438903300000350.jpg,n04389033
n0438903300000357.jpg,n04389033
n0438903300000358.jpg,n04389033
n0438903300000360.jpg,n04389033
n0438903300000365.jpg,n04389033
n0438903300000368.jpg,n04389033
n0438903300000372.jpg,n04389033
n0438903300000375.jpg,n04389033
n0438903300000381.jpg,n04389033
n0438903300000382.jpg,n04389033
n0438903300000383.jpg,n04389033
n0438903300000385.jpg,n04389033
n0438903300000388.jpg,n04389033
n0438903300000389.jpg,n04389033
n0438903300000391.jpg,n04389033
n0438903300000393.jpg,n04389033
n0438903300000394.jpg,n04389033
n0438903300000395.jpg,n04389033
n0438903300000397.jpg,n04389033
n0438903300000399.jpg,n04389033
n0438903300000400.jpg,n04389033
n0438903300000401.jpg,n04389033
n0438903300000402.jpg,n04389033
n0438903300000403.jpg,n04389033
n0438903300000409.jpg,n04389033
n0438903300000411.jpg,n04389033
n0438903300000412.jpg,n04389033
n0438903300000413.jpg,n04389033
n0438903300000414.jpg,n04389033
n0438903300000416.jpg,n04389033
n0438903300000417.jpg,n04389033
n0438903300000419.jpg,n04389033
n0438903300000422.jpg,n04389033
n0438903300000423.jpg,n04389033
n0438903300000424.jpg,n04389033
n0438903300000427.jpg,n04389033
n0438903300000430.jpg,n04389033
n0438903300000431.jpg,n04389033
n0438903300000432.jpg,n04389033
n0438903300000435.jpg,n04389033
n0438903300000437.jpg,n04389033
n0438903300000438.jpg,n04389033
n0438903300000439.jpg,n04389033
n0438903300000440.jpg,n04389033
n0438903300000441.jpg,n04389033
n0438903300000442.jpg,n04389033
n0438903300000444.jpg,n04389033
n0438903300000447.jpg,n04389033
n0438903300000448.jpg,n04389033
n0438903300000450.jpg,n04389033
n0438903300000451.jpg,n04389033
n0438903300000453.jpg,n04389033
n0438903300000455.jpg,n04389033
n0438903300000459.jpg,n04389033
n0438903300000461.jpg,n04389033
n0438903300000463.jpg,n04389033
n0438903300000464.jpg,n04389033
n0438903300000469.jpg,n04389033
n0438903300000470.jpg,n04389033
n0438903300000471.jpg,n04389033
n0438903300000472.jpg,n04389033
n0438903300000475.jpg,n04389033
n0438903300000478.jpg,n04389033
n0438903300000480.jpg,n04389033
n0438903300000481.jpg,n04389033
n0438903300000483.jpg,n04389033
n0438903300000486.jpg,n04389033
n0438903300000487.jpg,n04389033
n0438903300000490.jpg,n04389033
n0438903300000499.jpg,n04389033
n0438903300000503.jpg,n04389033
n0438903300000504.jpg,n04389033
n0438903300000505.jpg,n04389033
n0438903300000506.jpg,n04389033
n0438903300000508.jpg,n04389033
n0438903300000509.jpg,n04389033
n0438903300000510.jpg,n04389033
n0438903300000512.jpg,n04389033
n0438903300000513.jpg,n04389033
n0438903300000514.jpg,n04389033
n0438903300000518.jpg,n04389033
n0438903300000521.jpg,n04389033
n0438903300000522.jpg,n04389033
n0438903300000524.jpg,n04389033
n0438903300000525.jpg,n04389033
n0438903300000528.jpg,n04389033
n0438903300000530.jpg,n04389033
n0438903300000531.jpg,n04389033
n0438903300000532.jpg,n04389033
n0438903300000536.jpg,n04389033
n0438903300000538.jpg,n04389033
n0438903300000539.jpg,n04389033
n0438903300000541.jpg,n04389033
n0438903300000543.jpg,n04389033
n0438903300000545.jpg,n04389033
n0438903300000547.jpg,n04389033
n0438903300000549.jpg,n04389033
n0438903300000550.jpg,n04389033
n0438903300000552.jpg,n04389033
n0438903300000554.jpg,n04389033
n0438903300000555.jpg,n04389033
n0438903300000556.jpg,n04389033
n0438903300000562.jpg,n04389033
n0438903300000564.jpg,n04389033
n0438903300000565.jpg,n04389033
n0438903300000567.jpg,n04389033
n0438903300000570.jpg,n04389033
n0438903300000572.jpg,n04389033
n0438903300000573.jpg,n04389033
n0438903300000575.jpg,n04389033
n0438903300000578.jpg,n04389033
n0438903300000586.jpg,n04389033
n0438903300000587.jpg,n04389033
n0438903300000590.jpg,n04389033
n0438903300000591.jpg,n04389033
n0438903300000592.jpg,n04389033
n0438903300000594.jpg,n04389033
n0438903300000598.jpg,n04389033
n0438903300000599.jpg,n04389033
n0438903300000600.jpg,n04389033
n0438903300000601.jpg,n04389033
n0438903300000607.jpg,n04389033
n0438903300000608.jpg,n04389033
n0438903300000613.jpg,n04389033
n0438903300000614.jpg,n04389033
n0438903300000619.jpg,n04389033
n0438903300000621.jpg,n04389033
n0438903300000624.jpg,n04389033
n0438903300000629.jpg,n04389033
n0438903300000630.jpg,n04389033
n0438903300000632.jpg,n04389033
n0438903300000634.jpg,n04389033
n0438903300000637.jpg,n04389033
n0438903300000639.jpg,n04389033
n0438903300000640.jpg,n04389033
n0438903300000641.jpg,n04389033
n0438903300000643.jpg,n04389033
n0438903300000647.jpg,n04389033
n0438903300000649.jpg,n04389033
n0438903300000650.jpg,n04389033
n0438903300000653.jpg,n04389033
n0438903300000655.jpg,n04389033
n0438903300000656.jpg,n04389033
n0438903300000657.jpg,n04389033
n0438903300000658.jpg,n04389033
n0438903300000659.jpg,n04389033
n0438903300000661.jpg,n04389033
n0438903300000663.jpg,n04389033
n0438903300000666.jpg,n04389033
n0438903300000667.jpg,n04389033
n0438903300000670.jpg,n04389033
n0438903300000672.jpg,n04389033
n0438903300000673.jpg,n04389033
n0438903300000676.jpg,n04389033
n0438903300000677.jpg,n04389033
n0438903300000678.jpg,n04389033
n0438903300000679.jpg,n04389033
n0438903300000680.jpg,n04389033
n0438903300000682.jpg,n04389033
n0438903300000684.jpg,n04389033
n0438903300000685.jpg,n04389033
n0438903300000690.jpg,n04389033
n0438903300000693.jpg,n04389033
n0438903300000694.jpg,n04389033
n0438903300000696.jpg,n04389033
n0438903300000698.jpg,n04389033
n0438903300000706.jpg,n04389033
n0438903300000711.jpg,n04389033
n0438903300000712.jpg,n04389033
n0438903300000714.jpg,n04389033
n0438903300000718.jpg,n04389033
n0438903300000721.jpg,n04389033
n0438903300000722.jpg,n04389033
n0438903300000724.jpg,n04389033
n0438903300000727.jpg,n04389033
n0438903300000731.jpg,n04389033
n0438903300000733.jpg,n04389033
n0438903300000734.jpg,n04389033
n0438903300000735.jpg,n04389033
n0438903300000737.jpg,n04389033
n0438903300000738.jpg,n04389033
n0438903300000739.jpg,n04389033
n0438903300000747.jpg,n04389033
n0438903300000748.jpg,n04389033
n0438903300000749.jpg,n04389033
n0438903300000752.jpg,n04389033
n0438903300000753.jpg,n04389033
n0438903300000754.jpg,n04389033
n0438903300000756.jpg,n04389033
n0438903300000759.jpg,n04389033
n0438903300000764.jpg,n04389033
n0438903300000765.jpg,n04389033
n0438903300000766.jpg,n04389033
n0438903300000770.jpg,n04389033
n0438903300000771.jpg,n04389033
n0438903300000772.jpg,n04389033
n0438903300000773.jpg,n04389033
n0438903300000774.jpg,n04389033
n0438903300000776.jpg,n04389033
n0438903300000777.jpg,n04389033
n0438903300000778.jpg,n04389033
n0438903300000780.jpg,n04389033
n0438903300000786.jpg,n04389033
n0438903300000788.jpg,n04389033
n0438903300000791.jpg,n04389033
n0438903300000793.jpg,n04389033
n0438903300000795.jpg,n04389033
n0438903300000797.jpg,n04389033
n0438903300000798.jpg,n04389033
n0438903300000799.jpg,n04389033
n0438903300000802.jpg,n04389033
n0438903300000803.jpg,n04389033
n0438903300000804.jpg,n04389033
n0438903300000806.jpg,n04389033
n0438903300000811.jpg,n04389033
n0438903300000814.jpg,n04389033
n0438903300000817.jpg,n04389033
n0438903300000821.jpg,n04389033
n0438903300000823.jpg,n04389033
n0438903300000826.jpg,n04389033
n0438903300000829.jpg,n04389033
n0438903300000830.jpg,n04389033
n0438903300000831.jpg,n04389033
n0438903300000834.jpg,n04389033
n0438903300000835.jpg,n04389033
n0438903300000836.jpg,n04389033
n0438903300000839.jpg,n04389033
n0438903300000840.jpg,n04389033
n0438903300000842.jpg,n04389033
n0438903300000844.jpg,n04389033
n0438903300000845.jpg,n04389033
n0438903300000850.jpg,n04389033
n0438903300000853.jpg,n04389033
n0438903300000855.jpg,n04389033
n0438903300000856.jpg,n04389033
n0438903300000857.jpg,n04389033
n0438903300000858.jpg,n04389033
n0438903300000860.jpg,n04389033
n0438903300000861.jpg,n04389033
n0438903300000864.jpg,n04389033
n0438903300000865.jpg,n04389033
n0438903300000870.jpg,n04389033
n0438903300000877.jpg,n04389033
n0438903300000878.jpg,n04389033
n0438903300000883.jpg,n04389033
n0438903300000886.jpg,n04389033
n0438903300000891.jpg,n04389033
n0438903300000894.jpg,n04389033
n0438903300000898.jpg,n04389033
n0438903300000899.jpg,n04389033
n0438903300000900.jpg,n04389033
n0438903300000901.jpg,n04389033
n0438903300000902.jpg,n04389033
n0438903300000903.jpg,n04389033
n0438903300000904.jpg,n04389033
n0438903300000906.jpg,n04389033
n0438903300000907.jpg,n04389033
n0438903300000912.jpg,n04389033
n0438903300000913.jpg,n04389033
n0438903300000915.jpg,n04389033
n0438903300000917.jpg,n04389033
n0438903300000918.jpg,n04389033
n0438903300000920.jpg,n04389033
n0438903300000924.jpg,n04389033
n0438903300000926.jpg,n04389033
n0438903300000930.jpg,n04389033
n0438903300000935.jpg,n04389033
n0438903300000936.jpg,n04389033
n0438903300000938.jpg,n04389033
n0438903300000939.jpg,n04389033
n0438903300000941.jpg,n04389033
n0438903300000942.jpg,n04389033
n0438903300000944.jpg,n04389033
n0438903300000945.jpg,n04389033
n0438903300000949.jpg,n04389033
n0438903300000951.jpg,n04389033
n0438903300000953.jpg,n04389033
n0438903300000954.jpg,n04389033
n0438903300000957.jpg,n04389033
n0438903300000963.jpg,n04389033
n0438903300000967.jpg,n04389033
n0438903300000969.jpg,n04389033
n0438903300000970.jpg,n04389033
n0438903300000972.jpg,n04389033
n0438903300000973.jpg,n04389033
n0438903300000978.jpg,n04389033
n0438903300000979.jpg,n04389033
n0438903300000980.jpg,n04389033
n0438903300000981.jpg,n04389033
n0438903300000982.jpg,n04389033
n0438903300000987.jpg,n04389033
n0438903300000990.jpg,n04389033
n0438903300000992.jpg,n04389033
n0438903300000997.jpg,n04389033
n0438903300000998.jpg,n04389033
n0438903300000999.jpg,n04389033
n0438903300001002.jpg,n04389033
n0438903300001004.jpg,n04389033
n0438903300001005.jpg,n04389033
n0438903300001008.jpg,n04389033
n0438903300001011.jpg,n04389033
n0438903300001015.jpg,n04389033
n0438903300001016.jpg,n04389033
n0438903300001017.jpg,n04389033
n0438903300001019.jpg,n04389033
n0438903300001020.jpg,n04389033
n0438903300001021.jpg,n04389033
n0438903300001022.jpg,n04389033
n0438903300001025.jpg,n04389033
n0438903300001026.jpg,n04389033
n0438903300001028.jpg,n04389033
n0438903300001032.jpg,n04389033
n0438903300001033.jpg,n04389033
n0438903300001034.jpg,n04389033
n0438903300001035.jpg,n04389033
n0438903300001036.jpg,n04389033
n0438903300001038.jpg,n04389033
n0438903300001041.jpg,n04389033
n0438903300001044.jpg,n04389033
n0438903300001047.jpg,n04389033
n0438903300001051.jpg,n04389033
n0438903300001052.jpg,n04389033
n0438903300001053.jpg,n04389033
n0438903300001055.jpg,n04389033
n0438903300001056.jpg,n04389033
n0438903300001057.jpg,n04389033
n0438903300001059.jpg,n04389033
n0438903300001060.jpg,n04389033
n0438903300001061.jpg,n04389033
n0438903300001062.jpg,n04389033
n0438903300001064.jpg,n04389033
n0438903300001065.jpg,n04389033
n0438903300001067.jpg,n04389033
n0438903300001069.jpg,n04389033
n0438903300001071.jpg,n04389033
n0438903300001076.jpg,n04389033
n0438903300001077.jpg,n04389033
n0438903300001078.jpg,n04389033
n0438903300001080.jpg,n04389033
n0438903300001081.jpg,n04389033
n0438903300001083.jpg,n04389033
n0438903300001085.jpg,n04389033
n0438903300001088.jpg,n04389033
n0438903300001090.jpg,n04389033
n0438903300001091.jpg,n04389033
n0438903300001092.jpg,n04389033
n0438903300001095.jpg,n04389033
n0438903300001101.jpg,n04389033
n0438903300001103.jpg,n04389033
n0438903300001104.jpg,n04389033
n0438903300001107.jpg,n04389033
n0438903300001108.jpg,n04389033
n0438903300001112.jpg,n04389033
n0438903300001113.jpg,n04389033
n0438903300001114.jpg,n04389033
n0438903300001116.jpg,n04389033
n0438903300001118.jpg,n04389033
n0438903300001120.jpg,n04389033
n0438903300001122.jpg,n04389033
n0438903300001123.jpg,n04389033
n0438903300001124.jpg,n04389033
n0438903300001125.jpg,n04389033
n0438903300001126.jpg,n04389033
n0438903300001133.jpg,n04389033
n0438903300001135.jpg,n04389033
n0438903300001136.jpg,n04389033
n0438903300001137.jpg,n04389033
n0438903300001138.jpg,n04389033
n0438903300001140.jpg,n04389033
n0438903300001146.jpg,n04389033
n0438903300001147.jpg,n04389033
n0438903300001148.jpg,n04389033
n0438903300001153.jpg,n04389033
n0438903300001154.jpg,n04389033
n0438903300001155.jpg,n04389033
n0438903300001156.jpg,n04389033
n0438903300001158.jpg,n04389033
n0438903300001160.jpg,n04389033
n0438903300001162.jpg,n04389033
n0438903300001163.jpg,n04389033
n0438903300001164.jpg,n04389033
n0438903300001170.jpg,n04389033
n0438903300001171.jpg,n04389033
n0438903300001174.jpg,n04389033
n0438903300001175.jpg,n04389033
n0438903300001176.jpg,n04389033
n0438903300001178.jpg,n04389033
n0438903300001179.jpg,n04389033
n0438903300001182.jpg,n04389033
n0438903300001183.jpg,n04389033
n0438903300001186.jpg,n04389033
n0438903300001187.jpg,n04389033
n0438903300001189.jpg,n04389033
n0438903300001192.jpg,n04389033
n0438903300001194.jpg,n04389033
n0438903300001199.jpg,n04389033
n0438903300001202.jpg,n04389033
n0438903300001206.jpg,n04389033
n0438903300001207.jpg,n04389033
n0438903300001209.jpg,n04389033
n0438903300001210.jpg,n04389033
n0438903300001212.jpg,n04389033
n0438903300001213.jpg,n04389033
n0438903300001214.jpg,n04389033
n0438903300001215.jpg,n04389033
n0438903300001217.jpg,n04389033
n0438903300001218.jpg,n04389033
n0438903300001220.jpg,n04389033
n0438903300001223.jpg,n04389033
n0438903300001224.jpg,n04389033
n0438903300001227.jpg,n04389033
n0438903300001228.jpg,n04389033
n0438903300001229.jpg,n04389033
n0438903300001231.jpg,n04389033
n0438903300001233.jpg,n04389033
n0438903300001236.jpg,n04389033
n0438903300001239.jpg,n04389033
n0438903300001240.jpg,n04389033
n0438903300001241.jpg,n04389033
n0438903300001244.jpg,n04389033
n0438903300001246.jpg,n04389033
n0438903300001249.jpg,n04389033
n0438903300001252.jpg,n04389033
n0438903300001253.jpg,n04389033
n0438903300001256.jpg,n04389033
n0438903300001261.jpg,n04389033
n0438903300001262.jpg,n04389033
n0438903300001265.jpg,n04389033
n0438903300001266.jpg,n04389033
n0438903300001269.jpg,n04389033
n0438903300001271.jpg,n04389033
n0438903300001272.jpg,n04389033
n0438903300001273.jpg,n04389033
n0438903300001275.jpg,n04389033
n0438903300001276.jpg,n04389033
n0438903300001278.jpg,n04389033
n0438903300001279.jpg,n04389033
n0438903300001280.jpg,n04389033
n0438903300001281.jpg,n04389033
n0438903300001282.jpg,n04389033
n0438903300001283.jpg,n04389033
n0438903300001286.jpg,n04389033
n0438903300001288.jpg,n04389033
n0438903300001289.jpg,n04389033
n0438903300001291.jpg,n04389033
n0438903300001292.jpg,n04389033
n0438903300001299.jpg,n04389033
n0184338300000002.jpg,n01843383
n0184338300000003.jpg,n01843383
n0184338300000004.jpg,n01843383
n0184338300000008.jpg,n01843383
n0184338300000009.jpg,n01843383
n0184338300000011.jpg,n01843383
n0184338300000012.jpg,n01843383
n0184338300000014.jpg,n01843383
n0184338300000015.jpg,n01843383
n0184338300000016.jpg,n01843383
n0184338300000017.jpg,n01843383
n0184338300000019.jpg,n01843383
n0184338300000020.jpg,n01843383
n0184338300000021.jpg,n01843383
n0184338300000022.jpg,n01843383
n0184338300000023.jpg,n01843383
n0184338300000026.jpg,n01843383
n0184338300000028.jpg,n01843383
n0184338300000029.jpg,n01843383
n0184338300000030.jpg,n01843383
n0184338300000032.jpg,n01843383
n0184338300000033.jpg,n01843383
n0184338300000035.jpg,n01843383
n0184338300000036.jpg,n01843383
n0184338300000037.jpg,n01843383
n0184338300000040.jpg,n01843383
n0184338300000041.jpg,n01843383
n0184338300000043.jpg,n01843383
n0184338300000045.jpg,n01843383
n0184338300000046.jpg,n01843383
n0184338300000047.jpg,n01843383
n0184338300000051.jpg,n01843383
n0184338300000057.jpg,n01843383
n0184338300000058.jpg,n01843383
n0184338300000060.jpg,n01843383
n0184338300000061.jpg,n01843383
n0184338300000062.jpg,n01843383
n0184338300000063.jpg,n01843383
n0184338300000064.jpg,n01843383
n0184338300000066.jpg,n01843383
n0184338300000067.jpg,n01843383
n0184338300000071.jpg,n01843383
n0184338300000073.jpg,n01843383
n0184338300000074.jpg,n01843383
n0184338300000075.jpg,n01843383
n0184338300000076.jpg,n01843383
n0184338300000078.jpg,n01843383
n0184338300000080.jpg,n01843383
n0184338300000081.jpg,n01843383
n0184338300000086.jpg,n01843383
n0184338300000087.jpg,n01843383
n0184338300000088.jpg,n01843383
n0184338300000093.jpg,n01843383
n0184338300000094.jpg,n01843383
n0184338300000095.jpg,n01843383
n0184338300000097.jpg,n01843383
n0184338300000099.jpg,n01843383
n0184338300000101.jpg,n01843383
n0184338300000102.jpg,n01843383
n0184338300000103.jpg,n01843383
n0184338300000104.jpg,n01843383
n0184338300000105.jpg,n01843383
n0184338300000110.jpg,n01843383
n0184338300000114.jpg,n01843383
n0184338300000115.jpg,n01843383
n0184338300000117.jpg,n01843383
n0184338300000118.jpg,n01843383
n0184338300000119.jpg,n01843383
n0184338300000122.jpg,n01843383
n0184338300000123.jpg,n01843383
n0184338300000127.jpg,n01843383
n0184338300000129.jpg,n01843383
n0184338300000132.jpg,n01843383
n0184338300000135.jpg,n01843383
n0184338300000136.jpg,n01843383
n0184338300000138.jpg,n01843383
n0184338300000139.jpg,n01843383
n0184338300000140.jpg,n01843383
n0184338300000143.jpg,n01843383
n0184338300000146.jpg,n01843383
n0184338300000148.jpg,n01843383
n0184338300000151.jpg,n01843383
n0184338300000152.jpg,n01843383
n0184338300000153.jpg,n01843383
n0184338300000154.jpg,n01843383
n0184338300000155.jpg,n01843383
n0184338300000156.jpg,n01843383
n0184338300000157.jpg,n01843383
n0184338300000160.jpg,n01843383
n0184338300000162.jpg,n01843383
n0184338300000167.jpg,n01843383
n0184338300000168.jpg,n01843383
n0184338300000174.jpg,n01843383
n0184338300000175.jpg,n01843383
n0184338300000176.jpg,n01843383
n0184338300000177.jpg,n01843383
n0184338300000180.jpg,n01843383
n0184338300000183.jpg,n01843383
n0184338300000184.jpg,n01843383
n0184338300000187.jpg,n01843383
n0184338300000189.jpg,n01843383
n0184338300000190.jpg,n01843383
n0184338300000192.jpg,n01843383
n0184338300000193.jpg,n01843383
n0184338300000195.jpg,n01843383
n0184338300000196.jpg,n01843383
n0184338300000197.jpg,n01843383
n0184338300000198.jpg,n01843383
n0184338300000199.jpg,n01843383
n0184338300000200.jpg,n01843383
n0184338300000203.jpg,n01843383
n0184338300000205.jpg,n01843383
n0184338300000206.jpg,n01843383
n0184338300000212.jpg,n01843383
n0184338300000213.jpg,n01843383
n0184338300000214.jpg,n01843383
n0184338300000216.jpg,n01843383
n0184338300000218.jpg,n01843383
n0184338300000221.jpg,n01843383
n0184338300000223.jpg,n01843383
n0184338300000225.jpg,n01843383
n0184338300000228.jpg,n01843383
n0184338300000229.jpg,n01843383
n0184338300000230.jpg,n01843383
n0184338300000234.jpg,n01843383
n0184338300000240.jpg,n01843383
n0184338300000241.jpg,n01843383
n0184338300000243.jpg,n01843383
n0184338300000244.jpg,n01843383
n0184338300000245.jpg,n01843383
n0184338300000246.jpg,n01843383
n0184338300000248.jpg,n01843383
n0184338300000249.jpg,n01843383
n0184338300000252.jpg,n01843383
n0184338300000253.jpg,n01843383
n0184338300000255.jpg,n01843383
n0184338300000256.jpg,n01843383
n0184338300000259.jpg,n01843383
n0184338300000260.jpg,n01843383
n0184338300000261.jpg,n01843383
n0184338300000263.jpg,n01843383
n0184338300000267.jpg,n01843383
n0184338300000268.jpg,n01843383
n0184338300000270.jpg,n01843383
n0184338300000272.jpg,n01843383
n0184338300000273.jpg,n01843383
n0184338300000275.jpg,n01843383
n0184338300000276.jpg,n01843383
n0184338300000278.jpg,n01843383
n0184338300000279.jpg,n01843383
n0184338300000283.jpg,n01843383
n0184338300000284.jpg,n01843383
n0184338300000286.jpg,n01843383
n0184338300000288.jpg,n01843383
n0184338300000293.jpg,n01843383
n0184338300000294.jpg,n01843383
n0184338300000296.jpg,n01843383
n0184338300000297.jpg,n01843383
n0184338300000301.jpg,n01843383
n0184338300000305.jpg,n01843383
n0184338300000306.jpg,n01843383
n0184338300000307.jpg,n01843383
n0184338300000312.jpg,n01843383
n0184338300000318.jpg,n01843383
n0184338300000319.jpg,n01843383
n0184338300000320.jpg,n01843383
n0184338300000322.jpg,n01843383
n0184338300000324.jpg,n01843383
n0184338300000326.jpg,n01843383
n0184338300000328.jpg,n01843383
n0184338300000333.jpg,n01843383
n0184338300000337.jpg,n01843383
n0184338300000338.jpg,n01843383
n0184338300000340.jpg,n01843383
n0184338300000343.jpg,n01843383
n0184338300000344.jpg,n01843383
n0184338300000347.jpg,n01843383
n0184338300000348.jpg,n01843383
n0184338300000349.jpg,n01843383
n0184338300000352.jpg,n01843383
n0184338300000363.jpg,n01843383
n0184338300000364.jpg,n01843383
n0184338300000365.jpg,n01843383
n0184338300000367.jpg,n01843383
n0184338300000368.jpg,n01843383
n0184338300000374.jpg,n01843383
n0184338300000377.jpg,n01843383
n0184338300000379.jpg,n01843383
n0184338300000380.jpg,n01843383
n0184338300000381.jpg,n01843383
n0184338300000382.jpg,n01843383
n0184338300000387.jpg,n01843383
n0184338300000388.jpg,n01843383
n0184338300000393.jpg,n01843383
n0184338300000394.jpg,n01843383
n0184338300000395.jpg,n01843383
n0184338300000399.jpg,n01843383
n0184338300000400.jpg,n01843383
n0184338300000402.jpg,n01843383
n0184338300000403.jpg,n01843383
n0184338300000404.jpg,n01843383
n0184338300000405.jpg,n01843383
n0184338300000409.jpg,n01843383
n0184338300000411.jpg,n01843383
n0184338300000413.jpg,n01843383
n0184338300000416.jpg,n01843383
n0184338300000421.jpg,n01843383
n0184338300000423.jpg,n01843383
n0184338300000427.jpg,n01843383
n0184338300000428.jpg,n01843383
n0184338300000430.jpg,n01843383
n0184338300000431.jpg,n01843383
n0184338300000434.jpg,n01843383
n0184338300000436.jpg,n01843383
n0184338300000438.jpg,n01843383
n0184338300000440.jpg,n01843383
n0184338300000442.jpg,n01843383
n0184338300000443.jpg,n01843383
n0184338300000444.jpg,n01843383
n0184338300000446.jpg,n01843383
n0184338300000447.jpg,n01843383
n0184338300000454.jpg,n01843383
n0184338300000456.jpg,n01843383
n0184338300000459.jpg,n01843383
n0184338300000462.jpg,n01843383
n0184338300000466.jpg,n01843383
n0184338300000467.jpg,n01843383
n0184338300000468.jpg,n01843383
n0184338300000470.jpg,n01843383
n0184338300000473.jpg,n01843383
n0184338300000474.jpg,n01843383
n0184338300000475.jpg,n01843383
n0184338300000476.jpg,n01843383
n0184338300000477.jpg,n01843383
n0184338300000479.jpg,n01843383
n0184338300000483.jpg,n01843383
n0184338300000484.jpg,n01843383
n0184338300000485.jpg,n01843383
n0184338300000487.jpg,n01843383
n0184338300000492.jpg,n01843383
n0184338300000494.jpg,n01843383
n0184338300000495.jpg,n01843383
n0184338300000498.jpg,n01843383
n0184338300000499.jpg,n01843383
n0184338300000501.jpg,n01843383
n0184338300000502.jpg,n01843383
n0184338300000511.jpg,n01843383
n0184338300000512.jpg,n01843383
n0184338300000514.jpg,n01843383
n0184338300000522.jpg,n01843383
n0184338300000527.jpg,n01843383
n0184338300000534.jpg,n01843383
n0184338300000535.jpg,n01843383
n0184338300000536.jpg,n01843383
n0184338300000542.jpg,n01843383
n0184338300000543.jpg,n01843383
n0184338300000544.jpg,n01843383
n0184338300000549.jpg,n01843383
n0184338300000553.jpg,n01843383
n0184338300000555.jpg,n01843383
n0184338300000556.jpg,n01843383
n0184338300000557.jpg,n01843383
n0184338300000559.jpg,n01843383
n0184338300000560.jpg,n01843383
n0184338300000562.jpg,n01843383
n0184338300000564.jpg,n01843383
n0184338300000565.jpg,n01843383
n0184338300000566.jpg,n01843383
n0184338300000567.jpg,n01843383
n0184338300000570.jpg,n01843383
n0184338300000572.jpg,n01843383
n0184338300000577.jpg,n01843383
n0184338300000580.jpg,n01843383
n0184338300000581.jpg,n01843383
n0184338300000583.jpg,n01843383
n0184338300000584.jpg,n01843383
n0184338300000585.jpg,n01843383
n0184338300000586.jpg,n01843383
n0184338300000590.jpg,n01843383
n0184338300000597.jpg,n01843383
n0184338300000598.jpg,n01843383
n0184338300000603.jpg,n01843383
n0184338300000604.jpg,n01843383
n0184338300000605.jpg,n01843383
n0184338300000606.jpg,n01843383
n0184338300000609.jpg,n01843383
n0184338300000611.jpg,n01843383
n0184338300000615.jpg,n01843383
n0184338300000616.jpg,n01843383
n0184338300000617.jpg,n01843383
n0184338300000619.jpg,n01843383
n0184338300000620.jpg,n01843383
n0184338300000625.jpg,n01843383
n0184338300000626.jpg,n01843383
n0184338300000627.jpg,n01843383
n0184338300000628.jpg,n01843383
n0184338300000629.jpg,n01843383
n0184338300000631.jpg,n01843383
n0184338300000632.jpg,n01843383
n0184338300000635.jpg,n01843383
n0184338300000636.jpg,n01843383
n0184338300000638.jpg,n01843383
n0184338300000639.jpg,n01843383
n0184338300000641.jpg,n01843383
n0184338300000643.jpg,n01843383
n0184338300000644.jpg,n01843383
n0184338300000646.jpg,n01843383
n0184338300000649.jpg,n01843383
n0184338300000650.jpg,n01843383
n0184338300000652.jpg,n01843383
n0184338300000653.jpg,n01843383
n0184338300000654.jpg,n01843383
n0184338300000657.jpg,n01843383
n0184338300000658.jpg,n01843383
n0184338300000659.jpg,n01843383
n0184338300000660.jpg,n01843383
n0184338300000661.jpg,n01843383
n0184338300000663.jpg,n01843383
n0184338300000664.jpg,n01843383
n0184338300000666.jpg,n01843383
n0184338300000667.jpg,n01843383
n0184338300000671.jpg,n01843383
n0184338300000672.jpg,n01843383
n0184338300000673.jpg,n01843383
n0184338300000675.jpg,n01843383
n0184338300000676.jpg,n01843383
n0184338300000678.jpg,n01843383
n0184338300000679.jpg,n01843383
n0184338300000681.jpg,n01843383
n0184338300000685.jpg,n01843383
n0184338300000687.jpg,n01843383
n0184338300000690.jpg,n01843383
n0184338300000691.jpg,n01843383
n0184338300000695.jpg,n01843383
n0184338300000696.jpg,n01843383
n0184338300000697.jpg,n01843383
n0184338300000700.jpg,n01843383
n0184338300000702.jpg,n01843383
n0184338300000704.jpg,n01843383
n0184338300000705.jpg,n01843383
n0184338300000706.jpg,n01843383
n0184338300000707.jpg,n01843383
n0184338300000708.jpg,n01843383
n0184338300000709.jpg,n01843383
n0184338300000710.jpg,n01843383
n0184338300000712.jpg,n01843383
n0184338300000714.jpg,n01843383
n0184338300000715.jpg,n01843383
n0184338300000723.jpg,n01843383
n0184338300000724.jpg,n01843383
n0184338300000726.jpg,n01843383
n0184338300000729.jpg,n01843383
n0184338300000732.jpg,n01843383
n0184338300000734.jpg,n01843383
n0184338300000737.jpg,n01843383
n0184338300000739.jpg,n01843383
n0184338300000741.jpg,n01843383
n0184338300000742.jpg,n01843383
n0184338300000744.jpg,n01843383
n0184338300000745.jpg,n01843383
n0184338300000751.jpg,n01843383
n0184338300000755.jpg,n01843383
n0184338300000757.jpg,n01843383
n0184338300000758.jpg,n01843383
n0184338300000760.jpg,n01843383
n0184338300000761.jpg,n01843383
n0184338300000763.jpg,n01843383
n0184338300000764.jpg,n01843383
n0184338300000765.jpg,n01843383
n0184338300000766.jpg,n01843383
n0184338300000769.jpg,n01843383
n0184338300000770.jpg,n01843383
n0184338300000772.jpg,n01843383
n0184338300000776.jpg,n01843383
n0184338300000777.jpg,n01843383
n0184338300000778.jpg,n01843383
n0184338300000779.jpg,n01843383
n0184338300000780.jpg,n01843383
n0184338300000783.jpg,n01843383
n0184338300000784.jpg,n01843383
n0184338300000785.jpg,n01843383
n0184338300000786.jpg,n01843383
n0184338300000788.jpg,n01843383
n0184338300000790.jpg,n01843383
n0184338300000792.jpg,n01843383
n0184338300000794.jpg,n01843383
n0184338300000795.jpg,n01843383
n0184338300000798.jpg,n01843383
n0184338300000799.jpg,n01843383
n0184338300000802.jpg,n01843383
n0184338300000803.jpg,n01843383
n0184338300000805.jpg,n01843383
n0184338300000809.jpg,n01843383
n0184338300000812.jpg,n01843383
n0184338300000813.jpg,n01843383
n0184338300000825.jpg,n01843383
n0184338300000830.jpg,n01843383
n0184338300000832.jpg,n01843383
n0184338300000834.jpg,n01843383
n0184338300000837.jpg,n01843383
n0184338300000839.jpg,n01843383
n0184338300000841.jpg,n01843383
n0184338300000844.jpg,n01843383
n0184338300000846.jpg,n01843383
n0184338300000847.jpg,n01843383
n0184338300000850.jpg,n01843383
n0184338300000851.jpg,n01843383
n0184338300000858.jpg,n01843383
n0184338300000859.jpg,n01843383
n0184338300000861.jpg,n01843383
n0184338300000862.jpg,n01843383
n0184338300000863.jpg,n01843383
n0184338300000864.jpg,n01843383
n0184338300000865.jpg,n01843383
n0184338300000866.jpg,n01843383
n0184338300000869.jpg,n01843383
n0184338300000871.jpg,n01843383
n0184338300000872.jpg,n01843383
n0184338300000873.jpg,n01843383
n0184338300000874.jpg,n01843383
n0184338300000879.jpg,n01843383
n0184338300000883.jpg,n01843383
n0184338300000884.jpg,n01843383
n0184338300000887.jpg,n01843383
n0184338300000889.jpg,n01843383
n0184338300000892.jpg,n01843383
n0184338300000893.jpg,n01843383
n0184338300000894.jpg,n01843383
n0184338300000896.jpg,n01843383
n0184338300000899.jpg,n01843383
n0184338300000901.jpg,n01843383
n0184338300000902.jpg,n01843383
n0184338300000905.jpg,n01843383
n0184338300000909.jpg,n01843383
n0184338300000912.jpg,n01843383
n0184338300000915.jpg,n01843383
n0184338300000917.jpg,n01843383
n0184338300000920.jpg,n01843383
n0184338300000921.jpg,n01843383
n0184338300000922.jpg,n01843383
n0184338300000925.jpg,n01843383
n0184338300000926.jpg,n01843383
n0184338300000928.jpg,n01843383
n0184338300000929.jpg,n01843383
n0184338300000930.jpg,n01843383
n0184338300000931.jpg,n01843383
n0184338300000932.jpg,n01843383
n0184338300000933.jpg,n01843383
n0184338300000934.jpg,n01843383
n0184338300000937.jpg,n01843383
n0184338300000945.jpg,n01843383
n0184338300000947.jpg,n01843383
n0184338300000949.jpg,n01843383
n0184338300000951.jpg,n01843383
n0184338300000952.jpg,n01843383
n0184338300000957.jpg,n01843383
n0184338300000958.jpg,n01843383
n0184338300000960.jpg,n01843383
n0184338300000962.jpg,n01843383
n0184338300000967.jpg,n01843383
n0184338300000970.jpg,n01843383
n0184338300000971.jpg,n01843383
n0184338300000973.jpg,n01843383
n0184338300000976.jpg,n01843383
n0184338300000980.jpg,n01843383
n0184338300000982.jpg,n01843383
n0184338300000984.jpg,n01843383
n0184338300000985.jpg,n01843383
n0184338300000989.jpg,n01843383
n0184338300000990.jpg,n01843383
n0184338300000991.jpg,n01843383
n0184338300000992.jpg,n01843383
n0184338300000993.jpg,n01843383
n0184338300000994.jpg,n01843383
n0184338300000997.jpg,n01843383
n0184338300000999.jpg,n01843383
n0184338300001005.jpg,n01843383
n0184338300001006.jpg,n01843383
n0184338300001007.jpg,n01843383
n0184338300001010.jpg,n01843383
n0184338300001011.jpg,n01843383
n0184338300001013.jpg,n01843383
n0184338300001016.jpg,n01843383
n0184338300001022.jpg,n01843383
n0184338300001024.jpg,n01843383
n0184338300001026.jpg,n01843383
n0184338300001028.jpg,n01843383
n0184338300001029.jpg,n01843383
n0184338300001034.jpg,n01843383
n0184338300001036.jpg,n01843383
n0184338300001038.jpg,n01843383
n0184338300001040.jpg,n01843383
n0184338300001043.jpg,n01843383
n0184338300001044.jpg,n01843383
n0184338300001046.jpg,n01843383
n0184338300001047.jpg,n01843383
n0184338300001048.jpg,n01843383
n0184338300001049.jpg,n01843383
n0184338300001050.jpg,n01843383
n0184338300001051.jpg,n01843383
n0184338300001053.jpg,n01843383
n0184338300001054.jpg,n01843383
n0184338300001057.jpg,n01843383
n0184338300001058.jpg,n01843383
n0184338300001064.jpg,n01843383
n0184338300001066.jpg,n01843383
n0184338300001069.jpg,n01843383
n0184338300001073.jpg,n01843383
n0184338300001074.jpg,n01843383
n0184338300001078.jpg,n01843383
n0184338300001085.jpg,n01843383
n0184338300001086.jpg,n01843383
n0184338300001087.jpg,n01843383
n0184338300001089.jpg,n01843383
n0184338300001090.jpg,n01843383
n0184338300001091.jpg,n01843383
n0184338300001094.jpg,n01843383
n0184338300001096.jpg,n01843383
n0184338300001098.jpg,n01843383
n0184338300001101.jpg,n01843383
n0184338300001103.jpg,n01843383
n0184338300001109.jpg,n01843383
n0184338300001111.jpg,n01843383
n0184338300001112.jpg,n01843383
n0184338300001116.jpg,n01843383
n0184338300001118.jpg,n01843383
n0184338300001119.jpg,n01843383
n0184338300001123.jpg,n01843383
n0184338300001127.jpg,n01843383
n0184338300001128.jpg,n01843383
n0184338300001136.jpg,n01843383
n0184338300001137.jpg,n01843383
n0184338300001140.jpg,n01843383
n0184338300001143.jpg,n01843383
n0184338300001146.jpg,n01843383
n0184338300001148.jpg,n01843383
n0184338300001153.jpg,n01843383
n0184338300001160.jpg,n01843383
n0184338300001162.jpg,n01843383
n0184338300001165.jpg,n01843383
n0184338300001166.jpg,n01843383
n0184338300001169.jpg,n01843383
n0184338300001170.jpg,n01843383
n0184338300001171.jpg,n01843383
n0184338300001172.jpg,n01843383
n0184338300001173.jpg,n01843383
n0184338300001176.jpg,n01843383
n0184338300001179.jpg,n01843383
n0184338300001188.jpg,n01843383
n0184338300001191.jpg,n01843383
n0184338300001192.jpg,n01843383
n0184338300001197.jpg,n01843383
n0184338300001198.jpg,n01843383
n0184338300001199.jpg,n01843383
n0184338300001201.jpg,n01843383
n0184338300001203.jpg,n01843383
n0184338300001204.jpg,n01843383
n0184338300001207.jpg,n01843383
n0184338300001208.jpg,n01843383
n0184338300001209.jpg,n01843383
n0184338300001215.jpg,n01843383
n0184338300001218.jpg,n01843383
n0184338300001220.jpg,n01843383
n0184338300001222.jpg,n01843383
n0184338300001224.jpg,n01843383
n0184338300001227.jpg,n01843383
n0184338300001231.jpg,n01843383
n0184338300001232.jpg,n01843383
n0184338300001233.jpg,n01843383
n0184338300001238.jpg,n01843383
n0184338300001239.jpg,n01843383
n0184338300001242.jpg,n01843383
n0184338300001243.jpg,n01843383
n0184338300001245.jpg,n01843383
n0184338300001249.jpg,n01843383
n0184338300001254.jpg,n01843383
n0184338300001255.jpg,n01843383
n0184338300001256.jpg,n01843383
n0184338300001257.jpg,n01843383
n0184338300001262.jpg,n01843383
n0184338300001264.jpg,n01843383
n0184338300001265.jpg,n01843383
n0184338300001269.jpg,n01843383
n0184338300001270.jpg,n01843383
n0184338300001271.jpg,n01843383
n0184338300001272.jpg,n01843383
n0184338300001273.jpg,n01843383
n0184338300001274.jpg,n01843383
n0184338300001275.jpg,n01843383
n0184338300001279.jpg,n01843383
n0184338300001281.jpg,n01843383
n0184338300001282.jpg,n01843383
n0184338300001284.jpg,n01843383
n0184338300001286.jpg,n01843383
n0184338300001287.jpg,n01843383
n0184338300001291.jpg,n01843383
n0184338300001295.jpg,n01843383
n0184338300001296.jpg,n01843383
n0184338300001297.jpg,n01843383
n0184338300001299.jpg,n01843383
n0212007900000003.jpg,n02120079
n0212007900000005.jpg,n02120079
n0212007900000006.jpg,n02120079
n0212007900000008.jpg,n02120079
n0212007900000009.jpg,n02120079
n0212007900000011.jpg,n02120079
n0212007900000012.jpg,n02120079
n0212007900000014.jpg,n02120079
n0212007900000015.jpg,n02120079
n0212007900000016.jpg,n02120079
n0212007900000019.jpg,n02120079
n0212007900000021.jpg,n02120079
n0212007900000024.jpg,n02120079
n0212007900000025.jpg,n02120079
n0212007900000028.jpg,n02120079
n0212007900000029.jpg,n02120079
n0212007900000031.jpg,n02120079
n0212007900000034.jpg,n02120079
n0212007900000035.jpg,n02120079
n0212007900000037.jpg,n02120079
n0212007900000039.jpg,n02120079
n0212007900000040.jpg,n02120079
n0212007900000045.jpg,n02120079
n0212007900000046.jpg,n02120079
n0212007900000048.jpg,n02120079
n0212007900000049.jpg,n02120079
n0212007900000051.jpg,n02120079
n0212007900000053.jpg,n02120079
n0212007900000054.jpg,n02120079
n0212007900000058.jpg,n02120079
n0212007900000062.jpg,n02120079
n0212007900000064.jpg,n02120079
n0212007900000065.jpg,n02120079
n0212007900000066.jpg,n02120079
n0212007900000068.jpg,n02120079
n0212007900000073.jpg,n02120079
n0212007900000075.jpg,n02120079
n0212007900000076.jpg,n02120079
n0212007900000079.jpg,n02120079
n0212007900000080.jpg,n02120079
n0212007900000081.jpg,n02120079
n0212007900000085.jpg,n02120079
n0212007900000086.jpg,n02120079
n0212007900000088.jpg,n02120079
n0212007900000091.jpg,n02120079
n0212007900000095.jpg,n02120079
n0212007900000096.jpg,n02120079
n0212007900000097.jpg,n02120079
n0212007900000098.jpg,n02120079
n0212007900000099.jpg,n02120079
n0212007900000100.jpg,n02120079
n0212007900000102.jpg,n02120079
n0212007900000103.jpg,n02120079
n0212007900000105.jpg,n02120079
n0212007900000109.jpg,n02120079
n0212007900000114.jpg,n02120079
n0212007900000119.jpg,n02120079
n0212007900000126.jpg,n02120079
n0212007900000127.jpg,n02120079
n0212007900000135.jpg,n02120079
n0212007900000137.jpg,n02120079
n0212007900000139.jpg,n02120079
n0212007900000140.jpg,n02120079
n0212007900000148.jpg,n02120079
n0212007900000151.jpg,n02120079
n0212007900000152.jpg,n02120079
n0212007900000155.jpg,n02120079
n0212007900000157.jpg,n02120079
n0212007900000162.jpg,n02120079
n0212007900000163.jpg,n02120079
n0212007900000164.jpg,n02120079
n0212007900000165.jpg,n02120079
n0212007900000168.jpg,n02120079
n0212007900000170.jpg,n02120079
n0212007900000171.jpg,n02120079
n0212007900000173.jpg,n02120079
n0212007900000174.jpg,n02120079
n0212007900000176.jpg,n02120079
n0212007900000177.jpg,n02120079
n0212007900000179.jpg,n02120079
n0212007900000183.jpg,n02120079
n0212007900000185.jpg,n02120079
n0212007900000188.jpg,n02120079
n0212007900000191.jpg,n02120079
n0212007900000194.jpg,n02120079
n0212007900000195.jpg,n02120079
n0212007900000197.jpg,n02120079
n0212007900000198.jpg,n02120079
n0212007900000200.jpg,n02120079
n0212007900000201.jpg,n02120079
n0212007900000204.jpg,n02120079
n0212007900000205.jpg,n02120079
n0212007900000206.jpg,n02120079
n0212007900000208.jpg,n02120079
n0212007900000209.jpg,n02120079
n0212007900000210.jpg,n02120079
n0212007900000214.jpg,n02120079
n0212007900000215.jpg,n02120079
n0212007900000216.jpg,n02120079
n0212007900000217.jpg,n02120079
n0212007900000218.jpg,n02120079
n0212007900000221.jpg,n02120079
n0212007900000225.jpg,n02120079
n0212007900000226.jpg,n02120079
n0212007900000231.jpg,n02120079
n0212007900000233.jpg,n02120079
n0212007900000234.jpg,n02120079
n0212007900000239.jpg,n02120079
n0212007900000243.jpg,n02120079
n0212007900000244.jpg,n02120079
n0212007900000246.jpg,n02120079
n0212007900000248.jpg,n02120079
n0212007900000251.jpg,n02120079
n0212007900000252.jpg,n02120079
n0212007900000254.jpg,n02120079
n0212007900000258.jpg,n02120079
n0212007900000262.jpg,n02120079
n0212007900000263.jpg,n02120079
n0212007900000266.jpg,n02120079
n0212007900000267.jpg,n02120079
n0212007900000268.jpg,n02120079
n0212007900000269.jpg,n02120079
n0212007900000270.jpg,n02120079
n0212007900000272.jpg,n02120079
n0212007900000274.jpg,n02120079
n0212007900000275.jpg,n02120079
n0212007900000276.jpg,n02120079
n0212007900000280.jpg,n02120079
n0212007900000283.jpg,n02120079
n0212007900000287.jpg,n02120079
n0212007900000290.jpg,n02120079
n0212007900000292.jpg,n02120079
n0212007900000297.jpg,n02120079
n0212007900000298.jpg,n02120079
n0212007900000299.jpg,n02120079
n0212007900000300.jpg,n02120079
n0212007900000302.jpg,n02120079
n0212007900000303.jpg,n02120079
n0212007900000304.jpg,n02120079
n0212007900000306.jpg,n02120079
n0212007900000309.jpg,n02120079
n0212007900000311.jpg,n02120079
n0212007900000312.jpg,n02120079
n0212007900000313.jpg,n02120079
n0212007900000314.jpg,n02120079
n0212007900000315.jpg,n02120079
n0212007900000316.jpg,n02120079
n0212007900000317.jpg,n02120079
n0212007900000318.jpg,n02120079
n0212007900000321.jpg,n02120079
n0212007900000323.jpg,n02120079
n0212007900000327.jpg,n02120079
n0212007900000329.jpg,n02120079
n0212007900000330.jpg,n02120079
n0212007900000331.jpg,n02120079
n0212007900000332.jpg,n02120079
n0212007900000334.jpg,n02120079
n0212007900000340.jpg,n02120079
n0212007900000341.jpg,n02120079
n0212007900000343.jpg,n02120079
n0212007900000347.jpg,n02120079
n0212007900000352.jpg,n02120079
n0212007900000354.jpg,n02120079
n0212007900000355.jpg,n02120079
n0212007900000356.jpg,n02120079
n0212007900000359.jpg,n02120079
n0212007900000360.jpg,n02120079
n0212007900000363.jpg,n02120079
n0212007900000364.jpg,n02120079
n0212007900000365.jpg,n02120079
n0212007900000367.jpg,n02120079
n0212007900000371.jpg,n02120079
n0212007900000372.jpg,n02120079
n0212007900000373.jpg,n02120079
n0212007900000375.jpg,n02120079
n0212007900000376.jpg,n02120079
n0212007900000379.jpg,n02120079
n0212007900000382.jpg,n02120079
n0212007900000384.jpg,n02120079
n0212007900000385.jpg,n02120079
n0212007900000386.jpg,n02120079
n0212007900000387.jpg,n02120079
n0212007900000389.jpg,n02120079
n0212007900000394.jpg,n02120079
n0212007900000398.jpg,n02120079
n0212007900000404.jpg,n02120079
n0212007900000407.jpg,n02120079
n0212007900000409.jpg,n02120079
n0212007900000410.jpg,n02120079
n0212007900000412.jpg,n02120079
n0212007900000413.jpg,n02120079
n0212007900000414.jpg,n02120079
n0212007900000415.jpg,n02120079
n0212007900000418.jpg,n02120079
n0212007900000419.jpg,n02120079
n0212007900000420.jpg,n02120079
n0212007900000421.jpg,n02120079
n0212007900000422.jpg,n02120079
n0212007900000426.jpg,n02120079
n0212007900000431.jpg,n02120079
n0212007900000434.jpg,n02120079
n0212007900000436.jpg,n02120079
n0212007900000438.jpg,n02120079
n0212007900000439.jpg,n02120079
n0212007900000442.jpg,n02120079
n0212007900000443.jpg,n02120079
n0212007900000445.jpg,n02120079
n0212007900000446.jpg,n02120079
n0212007900000448.jpg,n02120079
n0212007900000449.jpg,n02120079
n0212007900000450.jpg,n02120079
n0212007900000456.jpg,n02120079
n0212007900000457.jpg,n02120079
n0212007900000458.jpg,n02120079
n0212007900000461.jpg,n02120079
n0212007900000463.jpg,n02120079
n0212007900000465.jpg,n02120079
n0212007900000466.jpg,n02120079
n0212007900000467.jpg,n02120079
n0212007900000471.jpg,n02120079
n0212007900000474.jpg,n02120079
n0212007900000475.jpg,n02120079
n0212007900000476.jpg,n02120079
n0212007900000477.jpg,n02120079
n0212007900000478.jpg,n02120079
n0212007900000479.jpg,n02120079
n0212007900000480.jpg,n02120079
n0212007900000482.jpg,n02120079
n0212007900000483.jpg,n02120079
n0212007900000485.jpg,n02120079
n0212007900000488.jpg,n02120079
n0212007900000489.jpg,n02120079
n0212007900000490.jpg,n02120079
n0212007900000493.jpg,n02120079
n0212007900000494.jpg,n02120079
n0212007900000499.jpg,n02120079
n0212007900000501.jpg,n02120079
n0212007900000502.jpg,n02120079
n0212007900000503.jpg,n02120079
n0212007900000504.jpg,n02120079
n0212007900000505.jpg,n02120079
n0212007900000506.jpg,n02120079
n0212007900000507.jpg,n02120079
n0212007900000509.jpg,n02120079
n0212007900000510.jpg,n02120079
n0212007900000515.jpg,n02120079
n0212007900000516.jpg,n02120079
n0212007900000518.jpg,n02120079
n0212007900000520.jpg,n02120079
n0212007900000523.jpg,n02120079
n0212007900000525.jpg,n02120079
n0212007900000529.jpg,n02120079
n0212007900000531.jpg,n02120079
n0212007900000532.jpg,n02120079
n0212007900000534.jpg,n02120079
n0212007900000540.jpg,n02120079
n0212007900000541.jpg,n02120079
n0212007900000542.jpg,n02120079
n0212007900000543.jpg,n02120079
n0212007900000546.jpg,n02120079
n0212007900000548.jpg,n02120079
n0212007900000550.jpg,n02120079
n0212007900000552.jpg,n02120079
n0212007900000554.jpg,n02120079
n0212007900000560.jpg,n02120079
n0212007900000561.jpg,n02120079
n0212007900000564.jpg,n02120079
n0212007900000567.jpg,n02120079
n0212007900000568.jpg,n02120079
n0212007900000569.jpg,n02120079
n0212007900000570.jpg,n02120079
n0212007900000577.jpg,n02120079
n0212007900000578.jpg,n02120079
n0212007900000580.jpg,n02120079
n0212007900000581.jpg,n02120079
n0212007900000582.jpg,n02120079
n0212007900000587.jpg,n02120079
n0212007900000589.jpg,n02120079
n0212007900000593.jpg,n02120079
n0212007900000594.jpg,n02120079
n0212007900000595.jpg,n02120079
n0212007900000596.jpg,n02120079
n0212007900000598.jpg,n02120079
n0212007900000599.jpg,n02120079
n0212007900000600.jpg,n02120079
n0212007900000601.jpg,n02120079
n0212007900000602.jpg,n02120079
n0212007900000604.jpg,n02120079
n0212007900000605.jpg,n02120079
n0212007900000607.jpg,n02120079
n0212007900000611.jpg,n02120079
n0212007900000613.jpg,n02120079
n0212007900000620.jpg,n02120079
n0212007900000621.jpg,n02120079
n0212007900000622.jpg,n02120079
n0212007900000623.jpg,n02120079
n0212007900000624.jpg,n02120079
n0212007900000625.jpg,n02120079
n0212007900000627.jpg,n02120079
n0212007900000628.jpg,n02120079
n0212007900000630.jpg,n02120079
n0212007900000631.jpg,n02120079
n0212007900000632.jpg,n02120079
n0212007900000637.jpg,n02120079
n0212007900000640.jpg,n02120079
n0212007900000642.jpg,n02120079
n0212007900000643.jpg,n02120079
n0212007900000644.jpg,n02120079
n0212007900000645.jpg,n02120079
n0212007900000646.jpg,n02120079
n0212007900000647.jpg,n02120079
n0212007900000649.jpg,n02120079
n0212007900000650.jpg,n02120079
n0212007900000652.jpg,n02120079
n0212007900000659.jpg,n02120079
n0212007900000662.jpg,n02120079
n0212007900000663.jpg,n02120079
n0212007900000664.jpg,n02120079
n0212007900000665.jpg,n02120079
n0212007900000668.jpg,n02120079
n0212007900000669.jpg,n02120079
n0212007900000670.jpg,n02120079
n0212007900000674.jpg,n02120079
n0212007900000681.jpg,n02120079
n0212007900000683.jpg,n02120079
n0212007900000685.jpg,n02120079
n0212007900000686.jpg,n02120079
n0212007900000688.jpg,n02120079
n0212007900000689.jpg,n02120079
n0212007900000690.jpg,n02120079
n0212007900000693.jpg,n02120079
n0212007900000694.jpg,n02120079
n0212007900000695.jpg,n02120079
n0212007900000696.jpg,n02120079
n0212007900000703.jpg,n02120079
n0212007900000706.jpg,n02120079
n0212007900000707.jpg,n02120079
n0212007900000708.jpg,n02120079
n0212007900000714.jpg,n02120079
n0212007900000715.jpg,n02120079
n0212007900000716.jpg,n02120079
n0212007900000717.jpg,n02120079
n0212007900000719.jpg,n02120079
n0212007900000720.jpg,n02120079
n0212007900000721.jpg,n02120079
n0212007900000722.jpg,n02120079
n0212007900000724.jpg,n02120079
n0212007900000725.jpg,n02120079
n0212007900000728.jpg,n02120079
n0212007900000729.jpg,n02120079
n0212007900000735.jpg,n02120079
n0212007900000736.jpg,n02120079
n0212007900000737.jpg,n02120079
n0212007900000741.jpg,n02120079
n0212007900000742.jpg,n02120079
n0212007900000743.jpg,n02120079
n0212007900000744.jpg,n02120079
n0212007900000745.jpg,n02120079
n0212007900000746.jpg,n02120079
n0212007900000748.jpg,n02120079
n0212007900000750.jpg,n02120079
n0212007900000756.jpg,n02120079
n0212007900000763.jpg,n02120079
n0212007900000766.jpg,n02120079
n0212007900000768.jpg,n02120079
n0212007900000774.jpg,n02120079
n0212007900000776.jpg,n02120079
n0212007900000777.jpg,n02120079
n0212007900000779.jpg,n02120079
n0212007900000781.jpg,n02120079
n0212007900000784.jpg,n02120079
n0212007900000788.jpg,n02120079
n0212007900000789.jpg,n02120079
n0212007900000791.jpg,n02120079
n0212007900000794.jpg,n02120079
n0212007900000795.jpg,n02120079
n0212007900000797.jpg,n02120079
n0212007900000800.jpg,n02120079
n0212007900000801.jpg,n02120079
n0212007900000803.jpg,n02120079
n0212007900000808.jpg,n02120079
n0212007900000810.jpg,n02120079
n0212007900000812.jpg,n02120079
n0212007900000814.jpg,n02120079
n0212007900000818.jpg,n02120079
n0212007900000819.jpg,n02120079
n0212007900000820.jpg,n02120079
n0212007900000821.jpg,n02120079
n0212007900000822.jpg,n02120079
n0212007900000823.jpg,n02120079
n0212007900000824.jpg,n02120079
n0212007900000826.jpg,n02120079
n0212007900000827.jpg,n02120079
n0212007900000829.jpg,n02120079
n0212007900000831.jpg,n02120079
n0212007900000832.jpg,n02120079
n0212007900000836.jpg,n02120079
n0212007900000837.jpg,n02120079
n0212007900000838.jpg,n02120079
n0212007900000839.jpg,n02120079
n0212007900000841.jpg,n02120079
n0212007900000847.jpg,n02120079
n0212007900000848.jpg,n02120079
n0212007900000849.jpg,n02120079
n0212007900000856.jpg,n02120079
n0212007900000858.jpg,n02120079
n0212007900000860.jpg,n02120079
n0212007900000863.jpg,n02120079
n0212007900000864.jpg,n02120079
n0212007900000866.jpg,n02120079
n0212007900000868.jpg,n02120079
n0212007900000870.jpg,n02120079
n0212007900000871.jpg,n02120079
n0212007900000875.jpg,n02120079
n0212007900000881.jpg,n02120079
n0212007900000883.jpg,n02120079
n0212007900000884.jpg,n02120079
n0212007900000885.jpg,n02120079
n0212007900000888.jpg,n02120079
n0212007900000889.jpg,n02120079
n0212007900000892.jpg,n02120079
n0212007900000895.jpg,n02120079
n0212007900000897.jpg,n02120079
n0212007900000898.jpg,n02120079
n0212007900000902.jpg,n02120079
n0212007900000906.jpg,n02120079
n0212007900000909.jpg,n02120079
n0212007900000912.jpg,n02120079
n0212007900000914.jpg,n02120079
n0212007900000915.jpg,n02120079
n0212007900000916.jpg,n02120079
n0212007900000919.jpg,n02120079
n0212007900000920.jpg,n02120079
n0212007900000921.jpg,n02120079
n0212007900000923.jpg,n02120079
n0212007900000925.jpg,n02120079
n0212007900000928.jpg,n02120079
n0212007900000929.jpg,n02120079
n0212007900000931.jpg,n02120079
n0212007900000932.jpg,n02120079
n0212007900000933.jpg,n02120079
n0212007900000934.jpg,n02120079
n0212007900000936.jpg,n02120079
n0212007900000941.jpg,n02120079
n0212007900000943.jpg,n02120079
n0212007900000944.jpg,n02120079
n0212007900000946.jpg,n02120079
n0212007900000949.jpg,n02120079
n0212007900000952.jpg,n02120079
n0212007900000953.jpg,n02120079
n0212007900000954.jpg,n02120079
n0212007900000958.jpg,n02120079
n0212007900000961.jpg,n02120079
n0212007900000964.jpg,n02120079
n0212007900000967.jpg,n02120079
n0212007900000969.jpg,n02120079
n0212007900000971.jpg,n02120079
n0212007900000972.jpg,n02120079
n0212007900000973.jpg,n02120079
n0212007900000974.jpg,n02120079
n0212007900000975.jpg,n02120079
n0212007900000976.jpg,n02120079
n0212007900000980.jpg,n02120079
n0212007900000981.jpg,n02120079
n0212007900000983.jpg,n02120079
n0212007900000984.jpg,n02120079
n0212007900000985.jpg,n02120079
n0212007900000987.jpg,n02120079
n0212007900000988.jpg,n02120079
n0212007900000989.jpg,n02120079
n0212007900000990.jpg,n02120079
n0212007900000991.jpg,n02120079
n0212007900000995.jpg,n02120079
n0212007900000997.jpg,n02120079
n0212007900001005.jpg,n02120079
n0212007900001006.jpg,n02120079
n0212007900001009.jpg,n02120079
n0212007900001011.jpg,n02120079
n0212007900001015.jpg,n02120079
n0212007900001018.jpg,n02120079
n0212007900001020.jpg,n02120079
n0212007900001021.jpg,n02120079
n0212007900001023.jpg,n02120079
n0212007900001024.jpg,n02120079
n0212007900001025.jpg,n02120079
n0212007900001031.jpg,n02120079
n0212007900001032.jpg,n02120079
n0212007900001036.jpg,n02120079
n0212007900001037.jpg,n02120079
n0212007900001044.jpg,n02120079
n0212007900001045.jpg,n02120079
n0212007900001052.jpg,n02120079
n0212007900001053.jpg,n02120079
n0212007900001054.jpg,n02120079
n0212007900001055.jpg,n02120079
n0212007900001057.jpg,n02120079
n0212007900001062.jpg,n02120079
n0212007900001070.jpg,n02120079
n0212007900001074.jpg,n02120079
n0212007900001075.jpg,n02120079
n0212007900001077.jpg,n02120079
n0212007900001078.jpg,n02120079
n0212007900001079.jpg,n02120079
n0212007900001080.jpg,n02120079
n0212007900001082.jpg,n02120079
n0212007900001083.jpg,n02120079
n0212007900001085.jpg,n02120079
n0212007900001088.jpg,n02120079
n0212007900001089.jpg,n02120079
n0212007900001093.jpg,n02120079
n0212007900001095.jpg,n02120079
n0212007900001096.jpg,n02120079
n0212007900001098.jpg,n02120079
n0212007900001101.jpg,n02120079
n0212007900001105.jpg,n02120079
n0212007900001108.jpg,n02120079
n0212007900001111.jpg,n02120079
n0212007900001113.jpg,n02120079
n0212007900001114.jpg,n02120079
n0212007900001115.jpg,n02120079
n0212007900001117.jpg,n02120079
n0212007900001118.jpg,n02120079
n0212007900001119.jpg,n02120079
n0212007900001121.jpg,n02120079
n0212007900001123.jpg,n02120079
n0212007900001124.jpg,n02120079
n0212007900001126.jpg,n02120079
n0212007900001127.jpg,n02120079
n0212007900001135.jpg,n02120079
n0212007900001136.jpg,n02120079
n0212007900001137.jpg,n02120079
n0212007900001139.jpg,n02120079
n0212007900001141.jpg,n02120079
n0212007900001142.jpg,n02120079
n0212007900001144.jpg,n02120079
n0212007900001147.jpg,n02120079
n0212007900001149.jpg,n02120079
n0212007900001150.jpg,n02120079
n0212007900001151.jpg,n02120079
n0212007900001157.jpg,n02120079
n0212007900001158.jpg,n02120079
n0212007900001160.jpg,n02120079
n0212007900001162.jpg,n02120079
n0212007900001164.jpg,n02120079
n0212007900001165.jpg,n02120079
n0212007900001166.jpg,n02120079
n0212007900001167.jpg,n02120079
n0212007900001168.jpg,n02120079
n0212007900001176.jpg,n02120079
n0212007900001177.jpg,n02120079
n0212007900001178.jpg,n02120079
n0212007900001180.jpg,n02120079
n0212007900001182.jpg,n02120079
n0212007900001191.jpg,n02120079
n0212007900001194.jpg,n02120079
n0212007900001196.jpg,n02120079
n0212007900001197.jpg,n02120079
n0212007900001200.jpg,n02120079
n0212007900001203.jpg,n02120079
n0212007900001207.jpg,n02120079
n0212007900001210.jpg,n02120079
n0212007900001214.jpg,n02120079
n0212007900001216.jpg,n02120079
n0212007900001218.jpg,n02120079
n0212007900001219.jpg,n02120079
n0212007900001220.jpg,n02120079
n0212007900001221.jpg,n02120079
n0212007900001222.jpg,n02120079
n0212007900001225.jpg,n02120079
n0212007900001226.jpg,n02120079
n0212007900001231.jpg,n02120079
n0212007900001236.jpg,n02120079
n0212007900001237.jpg,n02120079
n0212007900001238.jpg,n02120079
n0212007900001239.jpg,n02120079
n0212007900001240.jpg,n02120079
n0212007900001244.jpg,n02120079
n0212007900001245.jpg,n02120079
n0212007900001248.jpg,n02120079
n0212007900001253.jpg,n02120079
n0212007900001254.jpg,n02120079
n0212007900001258.jpg,n02120079
n0212007900001259.jpg,n02120079
n0212007900001261.jpg,n02120079
n0212007900001264.jpg,n02120079
n0212007900001266.jpg,n02120079
n0212007900001274.jpg,n02120079
n0212007900001275.jpg,n02120079
n0212007900001279.jpg,n02120079
n0212007900001281.jpg,n02120079
n0212007900001283.jpg,n02120079
n0212007900001284.jpg,n02120079
n0212007900001286.jpg,n02120079
n0212007900001287.jpg,n02120079
n0212007900001288.jpg,n02120079
n0212007900001290.jpg,n02120079
n0212007900001291.jpg,n02120079
n0212007900001292.jpg,n02120079
n0212007900001293.jpg,n02120079
n0212007900001296.jpg,n02120079
n0191074700000003.jpg,n01910747
n0191074700000004.jpg,n01910747
n0191074700000005.jpg,n01910747
n0191074700000011.jpg,n01910747
n0191074700000012.jpg,n01910747
n0191074700000015.jpg,n01910747
n0191074700000018.jpg,n01910747
n0191074700000020.jpg,n01910747
n0191074700000025.jpg,n01910747
n0191074700000028.jpg,n01910747
n0191074700000030.jpg,n01910747
n0191074700000035.jpg,n01910747
n0191074700000040.jpg,n01910747
n0191074700000043.jpg,n01910747
n0191074700000045.jpg,n01910747
n0191074700000046.jpg,n01910747
n0191074700000050.jpg,n01910747
n0191074700000051.jpg,n01910747
n0191074700000052.jpg,n01910747
n0191074700000054.jpg,n01910747
n0191074700000059.jpg,n01910747
n0191074700000060.jpg,n01910747
n0191074700000063.jpg,n01910747
n0191074700000065.jpg,n01910747
n0191074700000067.jpg,n01910747
n0191074700000068.jpg,n01910747
n0191074700000069.jpg,n01910747
n0191074700000070.jpg,n01910747
n0191074700000075.jpg,n01910747
n0191074700000076.jpg,n01910747
n0191074700000079.jpg,n01910747
n0191074700000082.jpg,n01910747
n0191074700000086.jpg,n01910747
n0191074700000089.jpg,n01910747
n0191074700000091.jpg,n01910747
n0191074700000092.jpg,n01910747
n0191074700000093.jpg,n01910747
n0191074700000097.jpg,n01910747
n0191074700000100.jpg,n01910747
n0191074700000103.jpg,n01910747
n0191074700000107.jpg,n01910747
n0191074700000108.jpg,n01910747
n0191074700000110.jpg,n01910747
n0191074700000113.jpg,n01910747
n0191074700000114.jpg,n01910747
n0191074700000115.jpg,n01910747
n0191074700000116.jpg,n01910747
n0191074700000117.jpg,n01910747
n0191074700000118.jpg,n01910747
n0191074700000119.jpg,n01910747
n0191074700000125.jpg,n01910747
n0191074700000126.jpg,n01910747
n0191074700000127.jpg,n01910747
n0191074700000128.jpg,n01910747
n0191074700000132.jpg,n01910747
n0191074700000136.jpg,n01910747
n0191074700000137.jpg,n01910747
n0191074700000138.jpg,n01910747
n0191074700000143.jpg,n01910747
n0191074700000149.jpg,n01910747
n0191074700000151.jpg,n01910747
n0191074700000152.jpg,n01910747
n0191074700000153.jpg,n01910747
n0191074700000154.jpg,n01910747
n0191074700000159.jpg,n01910747
n0191074700000160.jpg,n01910747
n0191074700000162.jpg,n01910747
n0191074700000164.jpg,n01910747
n0191074700000167.jpg,n01910747
n0191074700000169.jpg,n01910747
n0191074700000173.jpg,n01910747
n0191074700000175.jpg,n01910747
n0191074700000178.jpg,n01910747
n0191074700000179.jpg,n01910747
n0191074700000180.jpg,n01910747
n0191074700000182.jpg,n01910747
n0191074700000185.jpg,n01910747
n0191074700000188.jpg,n01910747
n0191074700000189.jpg,n01910747
n0191074700000191.jpg,n01910747
n0191074700000193.jpg,n01910747
n0191074700000197.jpg,n01910747
n0191074700000199.jpg,n01910747
n0191074700000200.jpg,n01910747
n0191074700000201.jpg,n01910747
n0191074700000203.jpg,n01910747
n0191074700000206.jpg,n01910747
n0191074700000207.jpg,n01910747
n0191074700000209.jpg,n01910747
n0191074700000210.jpg,n01910747
n0191074700000214.jpg,n01910747
n0191074700000216.jpg,n01910747
n0191074700000218.jpg,n01910747
n0191074700000219.jpg,n01910747
n0191074700000220.jpg,n01910747
n0191074700000221.jpg,n01910747
n0191074700000222.jpg,n01910747
n0191074700000228.jpg,n01910747
n0191074700000230.jpg,n01910747
n0191074700000233.jpg,n01910747
n0191074700000234.jpg,n01910747
n0191074700000235.jpg,n01910747
n0191074700000237.jpg,n01910747
n0191074700000238.jpg,n01910747
n0191074700000240.jpg,n01910747
n0191074700000241.jpg,n01910747
n0191074700000242.jpg,n01910747
n0191074700000244.jpg,n01910747
n0191074700000245.jpg,n01910747
n0191074700000249.jpg,n01910747
n0191074700000251.jpg,n01910747
n0191074700000254.jpg,n01910747
n0191074700000255.jpg,n01910747
n0191074700000259.jpg,n01910747
n0191074700000260.jpg,n01910747
n0191074700000265.jpg,n01910747
n0191074700000266.jpg,n01910747
n0191074700000267.jpg,n01910747
n0191074700000271.jpg,n01910747
n0191074700000272.jpg,n01910747
n0191074700000273.jpg,n01910747
n0191074700000274.jpg,n01910747
n0191074700000276.jpg,n01910747
n0191074700000278.jpg,n01910747
n0191074700000280.jpg,n01910747
n0191074700000282.jpg,n01910747
n0191074700000283.jpg,n01910747
n0191074700000284.jpg,n01910747
n0191074700000290.jpg,n01910747
n0191074700000295.jpg,n01910747
n0191074700000296.jpg,n01910747
n0191074700000297.jpg,n01910747
n0191074700000298.jpg,n01910747
n0191074700000299.jpg,n01910747
n0191074700000300.jpg,n01910747
n0191074700000301.jpg,n01910747
n0191074700000302.jpg,n01910747
n0191074700000303.jpg,n01910747
n0191074700000306.jpg,n01910747
n0191074700000310.jpg,n01910747
n0191074700000312.jpg,n01910747
n0191074700000313.jpg,n01910747
n0191074700000314.jpg,n01910747
n0191074700000315.jpg,n01910747
n0191074700000316.jpg,n01910747
n0191074700000317.jpg,n01910747
n0191074700000321.jpg,n01910747
n0191074700000323.jpg,n01910747
n0191074700000327.jpg,n01910747
n0191074700000328.jpg,n01910747
n0191074700000329.jpg,n01910747
n0191074700000331.jpg,n01910747
n0191074700000333.jpg,n01910747
n0191074700000334.jpg,n01910747
n0191074700000336.jpg,n01910747
n0191074700000337.jpg,n01910747
n0191074700000338.jpg,n01910747
n0191074700000339.jpg,n01910747
n0191074700000343.jpg,n01910747
n0191074700000345.jpg,n01910747
n0191074700000348.jpg,n01910747
n0191074700000349.jpg,n01910747
n0191074700000351.jpg,n01910747
n0191074700000354.jpg,n01910747
n0191074700000355.jpg,n01910747
n0191074700000358.jpg,n01910747
n0191074700000359.jpg,n01910747
n0191074700000361.jpg,n01910747
n0191074700000362.jpg,n01910747
n0191074700000363.jpg,n01910747
n0191074700000365.jpg,n01910747
n0191074700000366.jpg,n01910747
n0191074700000367.jpg,n01910747
n0191074700000370.jpg,n01910747
n0191074700000371.jpg,n01910747
n0191074700000374.jpg,n01910747
n0191074700000375.jpg,n01910747
n0191074700000376.jpg,n01910747
n0191074700000378.jpg,n01910747
n0191074700000379.jpg,n01910747
n0191074700000380.jpg,n01910747
n0191074700000382.jpg,n01910747
n0191074700000385.jpg,n01910747
n0191074700000388.jpg,n01910747
n0191074700000389.jpg,n01910747
n0191074700000390.jpg,n01910747
n0191074700000392.jpg,n01910747
n0191074700000396.jpg,n01910747
n0191074700000398.jpg,n01910747
n0191074700000400.jpg,n01910747
n0191074700000402.jpg,n01910747
n0191074700000403.jpg,n01910747
n0191074700000404.jpg,n01910747
n0191074700000405.jpg,n01910747
n0191074700000407.jpg,n01910747
n0191074700000416.jpg,n01910747
n0191074700000417.jpg,n01910747
n0191074700000429.jpg,n01910747
n0191074700000430.jpg,n01910747
n0191074700000431.jpg,n01910747
n0191074700000435.jpg,n01910747
n0191074700000439.jpg,n01910747
n0191074700000442.jpg,n01910747
n0191074700000443.jpg,n01910747
n0191074700000444.jpg,n01910747
n0191074700000445.jpg,n01910747
n0191074700000447.jpg,n01910747
n0191074700000451.jpg,n01910747
n0191074700000452.jpg,n01910747
n0191074700000454.jpg,n01910747
n0191074700000457.jpg,n01910747
n0191074700000458.jpg,n01910747
n0191074700000461.jpg,n01910747
n0191074700000462.jpg,n01910747
n0191074700000464.jpg,n01910747
n0191074700000467.jpg,n01910747
n0191074700000471.jpg,n01910747
n0191074700000473.jpg,n01910747
n0191074700000476.jpg,n01910747
n0191074700000482.jpg,n01910747
n0191074700000485.jpg,n01910747
n0191074700000486.jpg,n01910747
n0191074700000487.jpg,n01910747
n0191074700000488.jpg,n01910747
n0191074700000489.jpg,n01910747
n0191074700000490.jpg,n01910747
n0191074700000493.jpg,n01910747
n0191074700000494.jpg,n01910747
n0191074700000495.jpg,n01910747
n0191074700000496.jpg,n01910747
n0191074700000497.jpg,n01910747
n0191074700000499.jpg,n01910747
n0191074700000500.jpg,n01910747
n0191074700000503.jpg,n01910747
n0191074700000504.jpg,n01910747
n0191074700000506.jpg,n01910747
n0191074700000508.jpg,n01910747
n0191074700000509.jpg,n01910747
n0191074700000511.jpg,n01910747
n0191074700000515.jpg,n01910747
n0191074700000516.jpg,n01910747
n0191074700000517.jpg,n01910747
n0191074700000518.jpg,n01910747
n0191074700000520.jpg,n01910747
n0191074700000524.jpg,n01910747
n0191074700000525.jpg,n01910747
n0191074700000527.jpg,n01910747
n0191074700000528.jpg,n01910747
n0191074700000529.jpg,n01910747
n0191074700000531.jpg,n01910747
n0191074700000532.jpg,n01910747
n0191074700000534.jpg,n01910747
n0191074700000537.jpg,n01910747
n0191074700000538.jpg,n01910747
n0191074700000540.jpg,n01910747
n0191074700000541.jpg,n01910747
n0191074700000543.jpg,n01910747
n0191074700000546.jpg,n01910747
n0191074700000549.jpg,n01910747
n0191074700000551.jpg,n01910747
n0191074700000554.jpg,n01910747
n0191074700000559.jpg,n01910747
n0191074700000562.jpg,n01910747
n0191074700000563.jpg,n01910747
n0191074700000564.jpg,n01910747
n0191074700000565.jpg,n01910747
n0191074700000566.jpg,n01910747
n0191074700000569.jpg,n01910747
n0191074700000573.jpg,n01910747
n0191074700000574.jpg,n01910747
n0191074700000576.jpg,n01910747
n0191074700000577.jpg,n01910747
n0191074700000579.jpg,n01910747
n0191074700000580.jpg,n01910747
n0191074700000581.jpg,n01910747
n0191074700000582.jpg,n01910747
n0191074700000586.jpg,n01910747
n0191074700000588.jpg,n01910747
n0191074700000590.jpg,n01910747
n0191074700000594.jpg,n01910747
n0191074700000596.jpg,n01910747
n0191074700000599.jpg,n01910747
n0191074700000602.jpg,n01910747
n0191074700000603.jpg,n01910747
n0191074700000604.jpg,n01910747
n0191074700000606.jpg,n01910747
n0191074700000607.jpg,n01910747
n0191074700000609.jpg,n01910747
n0191074700000611.jpg,n01910747
n0191074700000612.jpg,n01910747
n0191074700000613.jpg,n01910747
n0191074700000617.jpg,n01910747
n0191074700000618.jpg,n01910747
n0191074700000621.jpg,n01910747
n0191074700000622.jpg,n01910747
n0191074700000623.jpg,n01910747
n0191074700000629.jpg,n01910747
n0191074700000630.jpg,n01910747
n0191074700000632.jpg,n01910747
n0191074700000633.jpg,n01910747
n0191074700000634.jpg,n01910747
n0191074700000636.jpg,n01910747
n0191074700000639.jpg,n01910747
n0191074700000643.jpg,n01910747
n0191074700000647.jpg,n01910747
n0191074700000648.jpg,n01910747
n0191074700000650.jpg,n01910747
n0191074700000651.jpg,n01910747
n0191074700000652.jpg,n01910747
n0191074700000653.jpg,n01910747
n0191074700000656.jpg,n01910747
n0191074700000657.jpg,n01910747
n0191074700000658.jpg,n01910747
n0191074700000659.jpg,n01910747
n0191074700000661.jpg,n01910747
n0191074700000663.jpg,n01910747
n0191074700000666.jpg,n01910747
n0191074700000672.jpg,n01910747
n0191074700000674.jpg,n01910747
n0191074700000675.jpg,n01910747
n0191074700000677.jpg,n01910747
n0191074700000678.jpg,n01910747
n0191074700000680.jpg,n01910747
n0191074700000682.jpg,n01910747
n0191074700000684.jpg,n01910747
n0191074700000685.jpg,n01910747
n0191074700000686.jpg,n01910747
n0191074700000688.jpg,n01910747
n0191074700000690.jpg,n01910747
n0191074700000692.jpg,n01910747
n0191074700000693.jpg,n01910747
n0191074700000695.jpg,n01910747
n0191074700000696.jpg,n01910747
n0191074700000700.jpg,n01910747
n0191074700000703.jpg,n01910747
n0191074700000705.jpg,n01910747
n0191074700000706.jpg,n01910747
n0191074700000707.jpg,n01910747
n0191074700000708.jpg,n01910747
n0191074700000709.jpg,n01910747
n0191074700000712.jpg,n01910747
n0191074700000713.jpg,n01910747
n0191074700000714.jpg,n01910747
n0191074700000715.jpg,n01910747
n0191074700000716.jpg,n01910747
n0191074700000717.jpg,n01910747
n0191074700000720.jpg,n01910747
n0191074700000723.jpg,n01910747
n0191074700000724.jpg,n01910747
n0191074700000725.jpg,n01910747
n0191074700000726.jpg,n01910747
n0191074700000728.jpg,n01910747
n0191074700000733.jpg,n01910747
n0191074700000734.jpg,n01910747
n0191074700000736.jpg,n01910747
n0191074700000737.jpg,n01910747
n0191074700000740.jpg,n01910747
n0191074700000742.jpg,n01910747
n0191074700000750.jpg,n01910747
n0191074700000751.jpg,n01910747
n0191074700000756.jpg,n01910747
n0191074700000760.jpg,n01910747
n0191074700000761.jpg,n01910747
n0191074700000762.jpg,n01910747
n0191074700000770.jpg,n01910747
n0191074700000771.jpg,n01910747
n0191074700000773.jpg,n01910747
n0191074700000776.jpg,n01910747
n0191074700000777.jpg,n01910747
n0191074700000781.jpg,n01910747
n0191074700000782.jpg,n01910747
n0191074700000783.jpg,n01910747
n0191074700000784.jpg,n01910747
n0191074700000786.jpg,n01910747
n0191074700000787.jpg,n01910747
n0191074700000794.jpg,n01910747
n0191074700000795.jpg,n01910747
n0191074700000796.jpg,n01910747
n0191074700000801.jpg,n01910747
n0191074700000802.jpg,n01910747
n0191074700000805.jpg,n01910747
n0191074700000807.jpg,n01910747
n0191074700000808.jpg,n01910747
n0191074700000809.jpg,n01910747
n0191074700000810.jpg,n01910747
n0191074700000813.jpg,n01910747
n0191074700000816.jpg,n01910747
n0191074700000823.jpg,n01910747
n0191074700000824.jpg,n01910747
n0191074700000825.jpg,n01910747
n0191074700000827.jpg,n01910747
n0191074700000829.jpg,n01910747
n0191074700000830.jpg,n01910747
n0191074700000833.jpg,n01910747
n0191074700000834.jpg,n01910747
n0191074700000836.jpg,n01910747
n0191074700000842.jpg,n01910747
n0191074700000844.jpg,n01910747
n0191074700000847.jpg,n01910747
n0191074700000850.jpg,n01910747
n0191074700000851.jpg,n01910747
n0191074700000853.jpg,n01910747
n0191074700000854.jpg,n01910747
n0191074700000864.jpg,n01910747
n0191074700000865.jpg,n01910747
n0191074700000866.jpg,n01910747
n0191074700000870.jpg,n01910747
n0191074700000874.jpg,n01910747
n0191074700000875.jpg,n01910747
n0191074700000876.jpg,n01910747
n0191074700000878.jpg,n01910747
n0191074700000881.jpg,n01910747
n0191074700000883.jpg,n01910747
n0191074700000886.jpg,n01910747
n0191074700000887.jpg,n01910747
n0191074700000888.jpg,n01910747
n0191074700000889.jpg,n01910747
n0191074700000893.jpg,n01910747
n0191074700000894.jpg,n01910747
n0191074700000898.jpg,n01910747
n0191074700000902.jpg,n01910747
n0191074700000905.jpg,n01910747
n0191074700000907.jpg,n01910747
n0191074700000908.jpg,n01910747
n0191074700000912.jpg,n01910747
n0191074700000913.jpg,n01910747
n0191074700000914.jpg,n01910747
n0191074700000915.jpg,n01910747
n0191074700000916.jpg,n01910747
n0191074700000920.jpg,n01910747
n0191074700000922.jpg,n01910747
n0191074700000924.jpg,n01910747
n0191074700000926.jpg,n01910747
n0191074700000933.jpg,n01910747
n0191074700000936.jpg,n01910747
n0191074700000940.jpg,n01910747
n0191074700000942.jpg,n01910747
n0191074700000943.jpg,n01910747
n0191074700000944.jpg,n01910747
n0191074700000945.jpg,n01910747
n0191074700000946.jpg,n01910747
n0191074700000947.jpg,n01910747
n0191074700000950.jpg,n01910747
n0191074700000954.jpg,n01910747
n0191074700000959.jpg,n01910747
n0191074700000960.jpg,n01910747
n0191074700000965.jpg,n01910747
n0191074700000967.jpg,n01910747
n0191074700000970.jpg,n01910747
n0191074700000971.jpg,n01910747
n0191074700000973.jpg,n01910747
n0191074700000975.jpg,n01910747
n0191074700000976.jpg,n01910747
n0191074700000978.jpg,n01910747
n0191074700000980.jpg,n01910747
n0191074700000981.jpg,n01910747
n0191074700000982.jpg,n01910747
n0191074700000983.jpg,n01910747
n0191074700000984.jpg,n01910747
n0191074700000992.jpg,n01910747
n0191074700000994.jpg,n01910747
n0191074700000995.jpg,n01910747
n0191074700001003.jpg,n01910747
n0191074700001007.jpg,n01910747
n0191074700001010.jpg,n01910747
n0191074700001014.jpg,n01910747
n0191074700001015.jpg,n01910747
n0191074700001016.jpg,n01910747
n0191074700001023.jpg,n01910747
n0191074700001025.jpg,n01910747
n0191074700001026.jpg,n01910747
n0191074700001029.jpg,n01910747
n0191074700001030.jpg,n01910747
n0191074700001034.jpg,n01910747
n0191074700001035.jpg,n01910747
n0191074700001037.jpg,n01910747
n0191074700001047.jpg,n01910747
n0191074700001048.jpg,n01910747
n0191074700001050.jpg,n01910747
n0191074700001051.jpg,n01910747
n0191074700001053.jpg,n01910747
n0191074700001054.jpg,n01910747
n0191074700001055.jpg,n01910747
n0191074700001060.jpg,n01910747
n0191074700001061.jpg,n01910747
n0191074700001063.jpg,n01910747
n0191074700001066.jpg,n01910747
n0191074700001067.jpg,n01910747
n0191074700001070.jpg,n01910747
n0191074700001072.jpg,n01910747
n0191074700001076.jpg,n01910747
n0191074700001080.jpg,n01910747
n0191074700001081.jpg,n01910747
n0191074700001085.jpg,n01910747
n0191074700001087.jpg,n01910747
n0191074700001090.jpg,n01910747
n0191074700001091.jpg,n01910747
n0191074700001095.jpg,n01910747
n0191074700001097.jpg,n01910747
n0191074700001098.jpg,n01910747
n0191074700001100.jpg,n01910747
n0191074700001102.jpg,n01910747
n0191074700001104.jpg,n01910747
n0191074700001105.jpg,n01910747
n0191074700001106.jpg,n01910747
n0191074700001108.jpg,n01910747
n0191074700001109.jpg,n01910747
n0191074700001113.jpg,n01910747
n0191074700001117.jpg,n01910747
n0191074700001120.jpg,n01910747
n0191074700001121.jpg,n01910747
n0191074700001123.jpg,n01910747
n0191074700001125.jpg,n01910747
n0191074700001126.jpg,n01910747
n0191074700001127.jpg,n01910747
n0191074700001128.jpg,n01910747
n0191074700001130.jpg,n01910747
n0191074700001135.jpg,n01910747
n0191074700001138.jpg,n01910747
n0191074700001143.jpg,n01910747
n0191074700001144.jpg,n01910747
n0191074700001145.jpg,n01910747
n0191074700001147.jpg,n01910747
n0191074700001148.jpg,n01910747
n0191074700001150.jpg,n01910747
n0191074700001151.jpg,n01910747
n0191074700001153.jpg,n01910747
n0191074700001156.jpg,n01910747
n0191074700001158.jpg,n01910747
n0191074700001161.jpg,n01910747
n0191074700001162.jpg,n01910747
n0191074700001164.jpg,n01910747
n0191074700001167.jpg,n01910747
n0191074700001168.jpg,n01910747
n0191074700001169.jpg,n01910747
n0191074700001171.jpg,n01910747
n0191074700001172.jpg,n01910747
n0191074700001173.jpg,n01910747
n0191074700001174.jpg,n01910747
n0191074700001175.jpg,n01910747
n0191074700001176.jpg,n01910747
n0191074700001177.jpg,n01910747
n0191074700001180.jpg,n01910747
n0191074700001182.jpg,n01910747
n0191074700001184.jpg,n01910747
n0191074700001188.jpg,n01910747
n0191074700001189.jpg,n01910747
n0191074700001194.jpg,n01910747
n0191074700001195.jpg,n01910747
n0191074700001200.jpg,n01910747
n0191074700001201.jpg,n01910747
n0191074700001202.jpg,n01910747
n0191074700001206.jpg,n01910747
n0191074700001209.jpg,n01910747
n0191074700001211.jpg,n01910747
n0191074700001214.jpg,n01910747
n0191074700001217.jpg,n01910747
n0191074700001218.jpg,n01910747
n0191074700001219.jpg,n01910747
n0191074700001222.jpg,n01910747
n0191074700001223.jpg,n01910747
n0191074700001225.jpg,n01910747
n0191074700001229.jpg,n01910747
n0191074700001231.jpg,n01910747
n0191074700001232.jpg,n01910747
n0191074700001233.jpg,n01910747
n0191074700001234.jpg,n01910747
n0191074700001236.jpg,n01910747
n0191074700001237.jpg,n01910747
n0191074700001238.jpg,n01910747
n0191074700001239.jpg,n01910747
n0191074700001240.jpg,n01910747
n0191074700001242.jpg,n01910747
n0191074700001243.jpg,n01910747
n0191074700001248.jpg,n01910747
n0191074700001250.jpg,n01910747
n0191074700001254.jpg,n01910747
n0191074700001257.jpg,n01910747
n0191074700001259.jpg,n01910747
n0191074700001261.jpg,n01910747
n0191074700001264.jpg,n01910747
n0191074700001266.jpg,n01910747
n0191074700001267.jpg,n01910747
n0191074700001268.jpg,n01910747
n0191074700001270.jpg,n01910747
n0191074700001273.jpg,n01910747
n0191074700001276.jpg,n01910747
n0191074700001277.jpg,n01910747
n0191074700001278.jpg,n01910747
n0191074700001280.jpg,n01910747
n0191074700001281.jpg,n01910747
n0191074700001284.jpg,n01910747
n0191074700001286.jpg,n01910747
n0191074700001287.jpg,n01910747
n0191074700001289.jpg,n01910747
n0191074700001291.jpg,n01910747
n0191074700001292.jpg,n01910747
n0191074700001295.jpg,n01910747
n0191074700001297.jpg,n01910747
n0191074700001298.jpg,n01910747
